dataset,query_size,query_mode,query_index,elapsed_execution_time,filter_time,plan_time,enumerate_time,n_embeddings,order,max_task_time
friendster,16,dense,1,1.3404,4.40556,37.0475,10.3494,170186,mixed,1.04916
friendster,16,dense,2,0.453984,3.99829,32.2244,3.25051,55483017,mixed,0.371674
friendster,16,dense,3,1.36539,3.9501,30.1685,10.4779,31753697049,mixed,0.95311
friendster,16,dense,4,4.07552,4.20932,30.8431,32.1289,19128,mixed,3.66387
friendster,16,dense,5,4.08319,4.26624,36.6397,31.3043,2,mixed,1.45463
friendster,16,dense,6,0.802942,4.35958,38.0349,5.44175,38,mixed,0.73604
friendster,16,dense,7,0.102019,3.9964,33.6552,0.504993,20442164,mixed,0.0629421
friendster,16,dense,8,3.83401,4.10957,35.5875,26.6303,4,mixed,2.28606
friendster,16,dense,9,0.617604,4.1104,42.9303,4.26669,1761003452,mixed,0.496208
friendster,16,dense,10,0.290897,4.13381,35.1371,1.65849,2,mixed,0.147484
friendster,16,dense,11,1.87244,4.37232,47.8401,14.6306,2336084,mixed,1.70619
friendster,16,dense,12,0.362769,4.23644,32.151,2.50496,2286208,mixed,0.223911
friendster,16,dense,13,0.979814,4.38583,34.6962,7.57825,648,mixed,0.515366
friendster,16,dense,14,2.182,4.3401,37.6468,17.1509,761377,mixed,0.728662
friendster,16,dense,15,0.149205,3.78222,45.1008,0.693105,599506504486,mixed,0.0883917
friendster,16,dense,16,1.0954,3.95973,27.025,8.40703,44730899157,mixed,0.41595
friendster,16,dense,17,0.459817,3.86877,65.4497,2.97392,1677086479,mixed,0.251437
friendster,16,dense,18,1.74145,3.98892,53.6608,13.5082,94872141,mixed,1.32321
friendster,16,dense,19,3.09031,3.66675,35.4595,24.1339,6563048273520,mixed,2.56252
friendster,16,dense,20,0.330389,4.28408,30.1543,2.31081,175,mixed,0.219059
friendster,16,dense,21,0.432512,4.04865,27.3888,3.09594,15462799,mixed,0.346977
friendster,16,dense,22,0.519815,4.03224,25.8076,3.83765,71231703858,mixed,0.388068
friendster,16,dense,23,0.503622,4.18229,38.6989,3.64349,1532958367,mixed,0.303385
friendster,16,dense,24,0.545825,3.86809,73.0872,3.76345,339923386,mixed,0.312342
friendster,16,dense,25,17.3617,3.75402,67.2461,128.169,75598771207973,mixed,4.61039
friendster,16,dense,26,1.6635,4.10737,40.309,12.9859,7349195504,mixed,1.56352
friendster,16,dense,27,0.167004,4.03944,44.7042,0.771414,2314221307,mixed,0.112368
friendster,16,dense,28,7.07119,4.53824,36.536,56.095,8,mixed,5.4374
friendster,16,dense,29,0.500363,4.33351,36.609,3.56961,57713352,mixed,0.423966
friendster,16,dense,30,0.862913,4.05459,35.4024,6.56993,581813956,mixed,0.385389
friendster,16,dense,31,5.90002,3.89316,42.1579,46.3785,112142422,mixed,4.06411
friendster,16,dense,32,0.175677,3.85233,19.8851,0.715997,14023127536,mixed,0.0303386
friendster,16,dense,33,0.404532,3.6315,23.0874,2.77577,16859898368905,mixed,0.234205
friendster,16,dense,34,0.661633,4.08201,44.4902,4.91943,624,mixed,0.368721
friendster,16,dense,35,0.388631,3.88403,26.2527,2.37543,778204305023,mixed,0.153708
friendster,16,dense,36,0.138838,4.04465,23.7396,0.614822,107394448,mixed,0.0829669
friendster,16,dense,37,0.865808,4.18892,29.5684,6.51461,725605749,mixed,0.52824
friendster,16,dense,38,0.314583,4.11185,59.7529,1.94841,11182074,mixed,0.16547
friendster,16,dense,39,1.89776,3.96287,28.3559,14.5398,18369000,mixed,0.293451
friendster,16,dense,40,52.2296,4.16455,39.2436,416.376,344766,mixed,19.6466
friendster,16,dense,41,0.808747,4.57781,23.0491,5.77016,3,mixed,0.429542
friendster,16,dense,42,1.25161,4.75165,48.1868,9.44217,796,mixed,1.11188
friendster,16,dense,43,0.226503,3.91876,34.2676,1.15972,2722107871093,mixed,0.153688
friendster,16,dense,44,0.14228,3.90035,35.8178,0.597161,1914963420,mixed,0.0692434
friendster,16,dense,45,0.512623,3.67382,24.1527,3.62013,2710804,mixed,0.403802
friendster,16,dense,46,0.342024,4.15846,21.592,2.43253,1,mixed,0.271872
friendster,16,dense,47,0.284273,4.32468,29.7249,2.07723,4,mixed,0.252257
friendster,16,dense,48,0.144995,3.7542,21.5364,0.661556,837837597661,mixed,0.0796581
friendster,16,dense,49,0.191983,3.90071,19.558,0.801544,4423829466,mixed,0.0776474
friendster,16,dense,50,10.8653,4.06401,38.8247,85.0245,27491272,mixed,1.62676
friendster,16,dense,51,0.36907,4.22885,23.934,2.38899,75724277808,mixed,0.132003
friendster,16,dense,52,0.371689,4.24519,23.1581,2.59292,25212,mixed,0.335321
friendster,16,dense,53,13.7761,3.77214,50.7125,109.226,7367061318,mixed,6.4916
friendster,16,dense,54,0.110912,3.99376,37.4118,0.471362,23104476,mixed,0.0639111
friendster,16,dense,55,0.45338,4.0798,34.5227,3.33817,1590,mixed,0.38837
friendster,16,dense,56,2.03278,3.95336,24.5734,14.4911,274617600018,mixed,1.16857
friendster,16,dense,57,0.33725,3.96073,33.3559,2.32211,3527276834206,mixed,0.188106
friendster,16,dense,58,295.911,3.99742,99.1891,2364.59,9194445,mixed,235.007
friendster,16,dense,59,6.68735,3.75963,93.8518,49.9383,496407384257,mixed,3.50193
friendster,16,dense,60,0.631813,3.66116,29.07,4.36076,186598324771,mixed,0.477661
friendster,16,dense,61,1.73941,4.23475,43.9277,12.2131,37800,mixed,1.38974
friendster,16,dense,62,0.143649,4.24743,27.4462,0.566908,2,mixed,0.0643553
friendster,16,dense,63,0.710685,3.85481,23.0208,5.35956,418734608982,mixed,0.522046
friendster,16,dense,64,0.428049,3.92688,33.4883,3.11168,2966664,mixed,0.350227
friendster,16,dense,65,0.432456,4.01636,33.1088,3.07387,17612,mixed,0.356385
friendster,16,dense,66,1.74201,3.9047,32.976,13.5349,26725155560,mixed,1.1525
friendster,16,dense,67,0.495385,3.91025,34.4552,2.92883,567336360522,mixed,0.26608
friendster,16,dense,68,0.220243,4.01178,35.2481,1.45652,404830500,mixed,0.176487
friendster,16,dense,69,0.443749,4.50089,39.5094,3.19505,2,mixed,0.395479
friendster,16,dense,70,0.118531,4.44208,40.7966,0.544114,6,mixed,0.0537977
friendster,16,dense,71,0.496569,3.80112,32.0975,3.5277,298298159354,mixed,0.388495
friendster,16,dense,72,2.7919,4.10232,41.5659,21.7851,65438,mixed,1.68508
friendster,16,dense,73,1.28865,4.31562,32.1071,8.6368,588,mixed,0.950517
friendster,16,dense,74,0.633687,3.68647,54.5629,3.63984,157193821225820,mixed,0.253457
friendster,16,dense,75,0.373528,4.08815,32.2803,2.6693,420,mixed,0.306298
friendster,16,dense,76,0.172069,3.885,20.6003,0.69491,16727452833261,mixed,0.083818
friendster,16,dense,77,0.676118,3.87692,38.9147,5.05154,39164544,mixed,0.446072
friendster,16,dense,78,0.520154,4.04244,33.4655,3.74976,67195518720,mixed,0.38752
friendster,16,dense,79,0.501726,4.34683,21.0571,3.75554,25844,mixed,0.471088
friendster,16,dense,80,16.5004,4.12476,47.0162,120.637,6221602569,mixed,12.232
friendster,16,dense,81,1.70573,4.02171,40.0323,13.2878,344,mixed,1.59484
friendster,16,dense,82,0.114524,3.98845,22.5519,0.479756,5045550,mixed,0.0657036
friendster,16,dense,83,0.931291,3.97525,27.8577,7.16889,311821296,mixed,0.498296
friendster,16,dense,84,0.302612,4.03781,38.1204,1.90112,1238334061,mixed,0.236003
friendster,16,dense,85,0.167712,4.26657,18.0168,0.66398,40272,mixed,0.0418167
friendster,16,dense,86,1.67224,3.51222,37.596,12.875,50328219125232,mixed,0.673817
friendster,16,dense,87,2.02303,3.66079,48.8826,15.1532,13525408653062,mixed,0.508947
friendster,16,dense,88,1.78855,3.92929,29.3345,12.5463,1735347000596,mixed,1.69469
friendster,16,dense,89,2.39858,3.82654,63.7472,18.738,14387331345,mixed,2.27469
friendster,16,dense,90,0.14056,3.92875,31.7811,0.649281,3326768,mixed,0.0645964
friendster,16,dense,91,0.108349,4.19384,27.1561,0.469706,17587354,mixed,0.0561124
friendster,16,dense,92,0.49502,3.79503,24.2641,3.55979,3519477462358,mixed,0.293625
friendster,16,dense,93,0.474921,4.13513,32.4127,3.43949,14204,mixed,0.35584
friendster,16,dense,94,0.405497,4.45014,28.9217,2.98652,2,mixed,0.304713
friendster,16,dense,95,0.152684,3.86664,17.4938,0.534789,1672780471130,mixed,0.0320831
friendster,16,dense,96,2.1189,3.82124,23.5884,14.1412,768302010,mixed,1.96323
friendster,16,dense,97,0.130328,3.99588,26.8738,0.531029,72,mixed,0.0556065
friendster,16,dense,98,0.420971,3.83324,26.0712,2.45802,21389370705,mixed,0.327963
friendster,16,dense,99,1.32274,4.55491,31.6625,10.2726,1,mixed,1.12554
friendster,16,dense,100,0.110253,4.33083,30.8822,0.477815,1740,mixed,0.0614532
friendster,16,sparse,1,0.73014,3.78866,34.2649,4.71371,278311690750,mixed,0.50848
friendster,16,sparse,2,47.6705,3.72853,49.7066,380.54,69851135891,mixed,39.3524
friendster,16,sparse,3,3.11763,3.70801,52.0479,23.9778,2598835116477,mixed,2.8233
friendster,16,sparse,4,0.382563,3.75756,32.9825,2.42573,1839931183450,mixed,0.226441
friendster,16,sparse,5,0.730711,3.79263,45.0106,5.01587,3227970888999,mixed,0.416784
friendster,16,sparse,6,2.7789,4.25493,34.7167,20.5016,36,mixed,1.09083
friendster,16,sparse,7,1.08853,3.64797,26.6031,7.34394,230625841719,mixed,0.980937
friendster,16,sparse,8,1.57135,3.81317,30.7949,11.9132,10773498300124,mixed,1.27759
friendster,16,sparse,9,2.33772,3.85127,39.5822,15.3704,229877681155,mixed,2.211
friendster,16,sparse,10,0.375634,3.71418,43.5015,2.20668,313582288050,mixed,0.212429
friendster,16,sparse,11,1.3424,3.73189,97.9337,7.64065,140046288223,mixed,0.796946
friendster,16,sparse,12,0.307451,3.69755,30.6733,1.47294,353016744070131,mixed,0.157463
friendster,16,sparse,13,11.8488,3.77427,86.0146,69.9208,3239025608063,mixed,9.5581
friendster,16,sparse,14,5.83729,3.76033,61.0629,45.9734,63409357744,mixed,5.33904
friendster,16,sparse,15,0.274706,3.67455,27.2993,1.37521,16262648306175,mixed,0.173602
friendster,16,sparse,16,0.771487,3.67903,36.0163,5.51758,3878562701566,mixed,0.498514
friendster,16,sparse,17,0.158961,3.66729,30.7843,0.710311,272294971086,mixed,0.0939574
friendster,16,sparse,18,0.542628,3.6265,31.0624,3.87436,35683288330,mixed,0.366701
friendster,16,sparse,19,0.367853,3.86106,17.6439,2.50465,1915781986027,mixed,0.31679
friendster,16,sparse,20,0.512115,3.85548,26.0067,3.71772,767233272,mixed,0.42573
friendster,16,sparse,21,13.7561,3.79892,41.0709,109.361,2083707183,mixed,12.4926
friendster,16,sparse,22,0.215554,3.81737,29.4244,1.10184,134224289928,mixed,0.126881
friendster,16,sparse,23,1.55468,3.83758,40.6007,11.9793,10203571031,mixed,1.22865
friendster,16,sparse,24,3.57229,3.76526,49.1941,28.0995,952170499886,mixed,3.23915
friendster,16,sparse,25,1.57684,3.76135,39.2699,11.2646,1587332372,mixed,1.26967
friendster,16,sparse,26,0.196767,3.80363,50.0014,1.07373,328119598,mixed,0.0519105
friendster,16,sparse,27,0.438441,3.54328,19.4499,2.98012,118028694357166,mixed,0.368496
friendster,16,sparse,28,2.35731,3.97636,38.5262,18.5162,2576766527,mixed,2.20284
friendster,16,sparse,29,2.74536,3.83511,43.8404,16.9004,256123438849,mixed,2.16172
friendster,16,sparse,30,0.560029,3.85785,42.4788,4.04079,1233479831302,mixed,0.373649
friendster,16,sparse,31,0.417903,3.62878,27.2527,2.90699,15220550596,mixed,0.261623
friendster,16,sparse,32,2.30343,3.93227,27.0836,18.0356,1087396,mixed,1.98585
friendster,16,sparse,33,4.54798,3.56115,45.9285,35.9874,12519394379898,mixed,2.14104
friendster,16,sparse,34,1.7535,3.99007,32.6013,12.034,105895336,mixed,1.65774
friendster,16,sparse,35,0.493814,3.663,29.5229,3.58894,122030383486,mixed,0.434767
friendster,16,sparse,36,0.738947,3.76429,30.5815,5.3936,638013559254,mixed,0.646244
friendster,16,sparse,37,0.92435,3.73468,39.9222,6.84386,340456021559,mixed,0.838355
friendster,16,sparse,38,17.3081,3.99727,62.9865,131.753,37508969,mixed,9.38852
friendster,16,sparse,39,2.79747,4.02189,43.1833,21.9373,14959106,mixed,2.08485
friendster,16,sparse,40,0.471848,3.88178,39.7625,2.60082,170047350,mixed,0.380632
friendster,16,sparse,41,0.622365,3.88401,41.3138,4.60608,3623934,mixed,0.564917
friendster,16,sparse,42,0.158722,3.85005,66.3762,0.821923,144241022510,mixed,0.107059
friendster,16,sparse,43,0.919726,3.65558,22.0835,6.98296,20403925813334,mixed,0.834159
friendster,16,sparse,44,0.89459,3.7412,41.1272,5.74528,305130331820,mixed,0.73187
friendster,16,sparse,45,0.879712,4.0695,51.1766,4.87715,218434852307,mixed,0.385884
friendster,16,sparse,46,22.3034,4.13804,37.0564,157.908,131,mixed,11.3182
friendster,16,sparse,47,2.29193,3.74704,36.8724,17.9518,10271766084,mixed,1.5379
friendster,16,sparse,48,2.74255,3.8008,46.8692,21.143,903853284077,mixed,2.58367
friendster,16,sparse,49,1.711,3.71011,58.7076,13.2102,1922756304922,mixed,1.13434
friendster,16,sparse,50,0.971111,3.58088,34.6824,7.29648,554487006828,mixed,0.824494
friendster,16,sparse,51,1.05503,3.86779,32.5278,7.29574,8398899334,mixed,0.832304
friendster,16,sparse,52,0.62401,3.84301,28.0742,4.49757,117296942979,mixed,0.407777
friendster,16,sparse,53,0.185524,3.696,43.2938,0.96977,108175663845,mixed,0.0934702
friendster,16,sparse,54,0.979884,3.72142,20.1709,7.32114,10111623379454,mixed,0.831248
friendster,16,sparse,55,1.13656,3.78442,68.4196,8.51465,2122363929623,mixed,0.890597
friendster,16,sparse,56,0.587738,3.85358,34.9124,4.27686,1528950599689,mixed,0.377438
friendster,16,sparse,57,126.204,3.8304,67.3873,1008.31,20751716377,mixed,88.0418
friendster,16,sparse,58,0.199696,3.76148,25.1925,0.907194,7524396043047,mixed,0.133876
friendster,16,sparse,59,2.46207,3.86047,89.1619,16.295,17749169554,mixed,2.25249
friendster,16,sparse,60,1.36706,3.85118,26.6286,10.2274,578179982,mixed,0.522874
friendster,16,sparse,61,0.457367,3.76021,48.773,3.27309,6515225359,mixed,0.405289
friendster,16,sparse,62,2.39608,3.65975,29.1987,18.6222,64473875053,mixed,2.30304
friendster,16,sparse,63,1.12341,3.90614,24.141,8.56608,2633010188,mixed,0.896322
friendster,16,sparse,64,0.579655,4.08231,36.3678,4.34584,1,mixed,0.308462
friendster,16,sparse,65,0.82424,3.89169,27.1698,5.49425,184265172,mixed,0.77307
friendster,16,sparse,66,1.22489,3.84702,51.6891,8.45223,29252022172,mixed,0.638877
friendster,16,sparse,67,5.85766,3.76924,90.7628,46.3915,459546858317,mixed,3.34318
friendster,16,sparse,68,0.99657,3.77179,57.5989,6.37411,904363570900,mixed,0.602423
friendster,16,sparse,69,0.417288,3.80992,38.4921,2.84601,287800208562,mixed,0.229153
friendster,16,sparse,70,1.67321,3.98673,22.4831,12.8616,31981205964,mixed,1.58929
friendster,16,sparse,71,0.313617,3.75668,67.0327,2.00935,772349724833,mixed,0.231856
friendster,16,sparse,72,1.13723,3.65463,45.2202,8.59252,45913786810,mixed,0.773795
friendster,16,sparse,73,0.568489,3.76615,34.0797,3.28847,840297420763,mixed,0.40171
friendster,16,sparse,74,0.461654,3.74087,19.864,3.34946,1573696657,mixed,0.390449
friendster,16,sparse,75,0.661107,3.92782,34.3127,4.98693,24910167,mixed,0.405599
friendster,16,sparse,76,0.571193,3.52112,24.5399,4.13662,78593241126511,mixed,0.443545
friendster,16,sparse,77,2.96313,3.74949,67.9055,19.7406,7334826708751,mixed,1.11241
friendster,16,sparse,78,0.671372,3.60009,18.56,4.59328,84205734772735,mixed,0.24402
friendster,16,sparse,79,0.314559,3.58643,21.5359,1.62164,1702770906654165,mixed,0.105735
friendster,16,sparse,80,3.05884,3.82898,46.6619,24.1344,5908429343,mixed,2.48739
friendster,16,sparse,81,0.560202,3.77389,40.0536,3.56288,321822838488,mixed,0.302392
friendster,16,sparse,82,6.39991,3.78391,98.7924,49.2568,2773052751610,mixed,3.82785
friendster,16,sparse,83,23.505,3.69073,50.8682,187.422,37812069973,mixed,21.8465
friendster,16,sparse,84,0.166862,3.64758,25.3462,0.718593,9299528232168,mixed,0.0791785
friendster,16,sparse,85,0.456774,4.31721,37.7967,3.30185,2,mixed,0.312289
friendster,16,sparse,86,0.193063,3.98063,20.6564,1.07919,4361078,mixed,0.0891377
friendster,16,sparse,87,0.12753,3.68914,34.0483,0.574409,46153203870,mixed,0.0716595
friendster,16,sparse,88,0.627858,3.93626,38.7609,4.34306,1647697148,mixed,0.318508
friendster,16,sparse,89,0.461555,3.67528,26.1096,3.26265,162926539346,mixed,0.165361
friendster,16,sparse,90,1.30133,3.70882,39.0776,10.0759,12312384900,mixed,1.05597
friendster,16,sparse,91,0.441602,3.66204,22.4387,2.63746,7537056021,mixed,0.377656
friendster,16,sparse,92,1.02507,3.89308,29.5008,7.76917,282330858107,mixed,0.673682
friendster,16,sparse,93,0.678806,3.98285,31.0175,5.09445,13913292,mixed,0.610617
friendster,16,sparse,94,0.674098,3.74188,83.7931,4.44926,620145815153,mixed,0.412383
friendster,16,sparse,95,17.4996,3.74492,35.5529,138.429,75993728583,mixed,16.1376
friendster,16,sparse,96,5.99052,3.7469,66.63,46.5708,547149957058,mixed,5.00023
friendster,16,sparse,97,45.4925,3.73768,48.2087,274.436,25186535203006,mixed,17.2584
friendster,16,sparse,98,38.5023,3.7355,122.826,283.866,72452998214291,mixed,23.7992
friendster,16,sparse,99,0.14794,3.59109,33.7969,0.682229,35560437286,mixed,0.087422
friendster,16,sparse,100,0.498416,3.71089,32.924,3.47323,121271746710,mixed,0.358764
