dataset,query_size,query_mode,query_index,elapsed_execution_time,filter_time,plan_time,enumerate_time,n_embeddings,order,max_task_time
friendster,16,dense,1,2.27671,7.75409,39.3245,8.9904,170186,mixed,1.95723
friendster,16,dense,2,0.805387,7.2777,34.034,3.05295,55483017,mixed,0.408087
friendster,16,dense,3,2.13345,7.15703,29.9205,8.34358,31753697049,mixed,1.35771
friendster,16,dense,4,7.43792,7.52082,30.67,29.6266,19128,mixed,3.51764
friendster,16,dense,5,6.87796,7.60211,36.5278,27.4091,2,mixed,4.90429
friendster,16,dense,6,1.36216,7.75536,40.942,5.31849,38,mixed,0.653376
friendster,16,dense,7,0.159583,7.14988,36.496,0.476166,20442164,mixed,0.0619375
friendster,16,dense,8,6.3884,7.34703,33.1792,24.8569,4,mixed,2.12982
friendster,16,dense,9,0.978359,7.56435,42.7607,3.75745,1761003452,mixed,0.920986
friendster,16,dense,10,0.406,7.35322,34.858,1.47706,2,mixed,0.16405
friendster,16,dense,11,3.44129,7.77087,47.3297,13.6363,2336084,mixed,1.64788
friendster,16,dense,12,0.59171,7.63239,31.9699,2.23424,2286208,mixed,0.273674
friendster,16,dense,13,1.73517,7.81031,34.5286,6.85194,648,mixed,1.35647
friendster,16,dense,14,3.87384,7.76187,37.5125,15.3627,761377,mixed,2.46659
friendster,16,dense,15,0.236917,6.83378,44.7585,0.7285,599506504486,mixed,0.0787508
friendster,16,dense,16,1.8563,7.2064,26.8351,7.29503,44730899157,mixed,1.33674
friendster,16,dense,17,0.665579,6.99357,60.0103,2.45893,1677086479,mixed,0.442018
friendster,16,dense,18,2.91137,7.02179,49.1483,11.4822,94872141,mixed,2.48361
friendster,16,dense,19,5.40964,6.58108,32.0834,21.4506,6563048273520,mixed,3.61803
friendster,16,dense,20,0.513664,7.69205,28.586,1.95444,175,mixed,0.268074
friendster,16,dense,21,0.683383,7.27765,25.5435,2.59174,15462799,mixed,0.307053
friendster,16,dense,22,0.861818,7.41929,24.0204,3.2939,71231703858,mixed,0.431365
friendster,16,dense,23,0.782113,7.43327,38.4795,2.95209,1532958367,mixed,0.32915
friendster,16,dense,24,0.848491,7.08734,72.5881,3.22955,339923386,mixed,0.47479
friendster,16,dense,25,30.7047,6.64936,66.3925,114.094,75598771207973,mixed,6.61276
friendster,16,dense,26,2.93424,7.48822,40.1404,11.6325,7349195504,mixed,1.50487
friendster,16,dense,27,0.234072,7.08096,45.0381,0.737541,2314221307,mixed,0.102214
friendster,16,dense,28,12.5673,8.30917,36.7229,37.8575,8,mixed,2.1481
friendster,16,dense,29,0.798729,7.62841,36.7259,3.09831,57713352,mixed,0.719651
friendster,16,dense,30,1.36493,7.29008,37.8947,5.32075,581813956,mixed,1.14027
friendster,16,dense,31,10.6531,7.11565,46.1399,42.4612,112142422,mixed,8.66977
friendster,16,dense,32,0.169955,6.93456,20.9584,0.48501,14023127536,mixed,0.0331097
friendster,16,dense,33,0.572498,6.5616,22.9833,2.02442,16859898368905,mixed,0.285098
friendster,16,dense,34,1.13032,7.46889,46.8375,4.38786,624,mixed,0.623137
friendster,16,dense,35,0.568131,6.93486,26.1441,2.04679,778204305023,mixed,0.277562
friendster,16,dense,36,0.184264,7.14102,23.7015,0.532239,107394448,mixed,0.0729522
friendster,16,dense,37,1.42555,7.09177,27.4982,5.5418,725605749,mixed,0.597361
friendster,16,dense,38,0.451257,7.22875,55.6312,1.6533,11182074,mixed,0.276165
friendster,16,dense,39,3.28201,7.19081,28.1728,12.9728,18369000,mixed,2.03429
friendster,16,dense,40,88.7173,7.51515,38.9657,354.601,344766,mixed,40.5585
friendster,16,dense,41,1.38657,8.12834,22.0777,5.40928,3,mixed,0.82589
friendster,16,dense,42,2.04144,8.56421,48.084,8.08681,796,mixed,1.63617
friendster,16,dense,43,0.270591,6.72313,34.0617,0.87014,2722107871093,mixed,0.139566
friendster,16,dense,44,0.193033,6.86718,33.4817,0.539455,1914963420,mixed,0.0661512
friendster,16,dense,45,0.825436,6.77446,25.3022,3.13778,2710804,mixed,0.617967
friendster,16,dense,46,0.576372,7.53616,22.7629,2.16745,1,mixed,0.244852
friendster,16,dense,47,0.514188,7.84786,29.6675,1.97267,4,mixed,0.231146
friendster,16,dense,48,0.189596,6.71583,23.1333,0.566667,837837597661,mixed,0.074406
friendster,16,dense,49,0.213735,7.06792,21.4798,0.676854,4423829466,mixed,0.0832247
friendster,16,dense,50,19.4089,7.1882,42.9333,77.4924,27491272,mixed,17.6736
friendster,16,dense,51,0.579975,7.26308,25.2484,2.2104,75724277808,mixed,0.339206
friendster,16,dense,52,0.586813,7.55743,23.3412,2.22066,25212,mixed,0.289563
friendster,16,dense,53,24.3572,6.78713,50.5607,97.228,7367061318,mixed,20.8428
friendster,16,dense,54,0.137323,7.22429,39.1955,0.414885,23104476,mixed,0.0564375
friendster,16,dense,55,0.775345,7.36601,37.1622,2.95411,1590,mixed,0.332448
friendster,16,dense,56,3.66678,7.07294,26.6349,14.4721,274617600018,mixed,1.82101
friendster,16,dense,57,0.541275,6.96467,33.2559,2.02462,3527276834206,mixed,0.273054
friendster,16,dense,58,539.331,7.34375,98.739,2151.91,9194445,mixed,381.204
friendster,16,dense,59,11.6732,6.806,93.3736,40.2156,496407384257,mixed,4.80482
friendster,16,dense,60,1.05266,6.68883,29.0115,4.05751,186598324771,mixed,0.440823
friendster,16,dense,61,3.14527,7.65049,43.8304,12.4618,37800,mixed,1.51255
friendster,16,dense,62,0.14341,7.88968,27.2693,0.446865,2,mixed,0.0649888
friendster,16,dense,63,1.18047,6.98698,23.1154,4.59909,418734608982,mixed,0.52954
friendster,16,dense,64,0.71332,7.01591,33.5517,2.70988,2966664,mixed,0.299653
friendster,16,dense,65,0.649819,7.23402,32.9405,2.49438,17612,mixed,0.578245
friendster,16,dense,66,2.97944,6.98747,33.0472,11.7392,26725155560,mixed,2.66922
friendster,16,dense,67,0.788787,7.08095,37.0089,2.55792,567336360522,mixed,0.484216
friendster,16,dense,68,0.36404,7.25067,35.1747,1.3033,404830500,mixed,0.158641
friendster,16,dense,69,0.734866,7.92873,36.9911,2.84599,2,mixed,0.577428
friendster,16,dense,70,0.171938,8.0184,38.6289,0.513683,6,mixed,0.0308083
friendster,16,dense,71,0.833009,6.84744,31.8849,3.14308,298298159354,mixed,0.369518
friendster,16,dense,72,4.93708,7.45176,41.3469,19.4934,65438,mixed,2.57543
friendster,16,dense,73,2.25302,7.80534,32.0057,8.87396,588,mixed,1.76896
friendster,16,dense,74,0.914413,6.66258,54.2004,3.44413,157193821225820,mixed,0.435797
friendster,16,dense,75,0.618956,7.362,32.2362,2.33654,420,mixed,0.283903
friendster,16,dense,76,0.209361,6.97647,20.5167,0.590303,16727452833261,mixed,0.0745829
friendster,16,dense,77,0.935753,7.14113,41.9924,3.59154,39164544,mixed,0.374591
friendster,16,dense,78,0.849625,7.27103,35.0459,3.28289,67195518720,mixed,0.469035
friendster,16,dense,79,0.886286,7.76576,22.0843,3.4415,25844,mixed,0.535373
friendster,16,dense,80,29.2906,7.31549,47.3351,116.98,6221602569,mixed,23.6271
friendster,16,dense,81,3.02175,7.31911,38.5795,11.9431,344,mixed,1.54503
friendster,16,dense,82,0.165144,7.15157,21.4284,0.451181,5045550,mixed,0.0541765
friendster,16,dense,83,1.61761,7.18975,27.9329,6.33503,311821296,mixed,1.2149
friendster,16,dense,84,0.432714,7.43159,40.0551,1.58814,1238334061,mixed,0.264963
friendster,16,dense,85,0.178064,7.46243,18.0287,0.545365,40272,mixed,0.0385486
friendster,16,dense,86,2.85073,6.23564,40.7458,11.209,50328219125232,mixed,1.41055
friendster,16,dense,87,3.1712,6.75839,52.9492,12.4229,13525408653062,mixed,1.71971
friendster,16,dense,88,2.96468,6.87095,29.4757,11.6583,1735347000596,mixed,1.89442
friendster,16,dense,89,4.26109,6.89646,63.9939,16.8472,14387331345,mixed,2.15786
friendster,16,dense,90,0.16479,7.1726,31.8992,0.514913,3326768,mixed,0.0422568
friendster,16,dense,91,0.159072,7.21915,28.895,0.472252,17587354,mixed,0.053831
friendster,16,dense,92,0.80302,6.65292,26.3002,3.03155,3519477462358,mixed,0.348134
friendster,16,dense,93,0.756209,7.38752,34.0065,2.92402,14204,mixed,0.639427
friendster,16,dense,94,0.693976,7.98908,30.2529,2.68247,2,mixed,0.263318
friendster,16,dense,95,0.179811,6.92809,18.335,0.463755,1672780471130,mixed,0.0282508
friendster,16,dense,96,3.59602,6.91233,25.533,14.2137,768302010,mixed,1.89353
friendster,16,dense,97,0.171234,7.1508,28.3161,0.497876,72,mixed,0.0600516
friendster,16,dense,98,0.674716,6.89962,24.3752,2.5239,21389370705,mixed,0.38209
friendster,16,dense,99,2.29982,8.21614,30.2561,9.01376,1,mixed,1.19222
friendster,16,dense,100,0.152379,7.60302,29.2565,0.434656,1740,mixed,0.0507404
friendster,16,sparse,1,1.22299,6.66823,31.8262,4.69631,278311690750,mixed,0.75077
friendster,16,sparse,2,87.8752,6.80377,49.4695,351.212,69851135891,mixed,49.2134
friendster,16,sparse,3,5.44453,6.76399,51.7457,21.5198,2598835116477,mixed,2.75322
friendster,16,sparse,4,0.575289,6.63753,31.0226,2.10847,1839931183450,mixed,0.263293
friendster,16,sparse,5,1.21104,6.73323,41.0146,4.59671,3227970888999,mixed,0.890099
friendster,16,sparse,6,4.86047,7.55465,36.8774,19.2822,36,mixed,2.0612
friendster,16,sparse,7,1.87677,6.56928,28.4646,7.32425,230625841719,mixed,1.21576
friendster,16,sparse,8,2.74217,6.90078,30.6885,10.6747,10773498300124,mixed,2.4362
friendster,16,sparse,9,3.9366,6.79507,39.4754,15.5365,229877681155,mixed,2.25737
friendster,16,sparse,10,0.534061,6.6574,43.3679,1.92515,313582288050,mixed,0.332132
friendster,16,sparse,11,2.10312,6.81786,97.336,8.19688,140046288223,mixed,1.19421
friendster,16,sparse,12,0.417852,6.67355,30.5054,1.49425,353016744070131,mixed,0.30113
friendster,16,sparse,13,20.368,6.74611,93.5922,56.8849,3239025608063,mixed,10.4731
friendster,16,sparse,14,10.6824,6.81593,67.8315,42.5408,63409357744,mixed,5.5845
friendster,16,sparse,15,0.351137,6.54097,29.6952,1.1764,16262648306175,mixed,0.140882
friendster,16,sparse,16,1.26819,6.69619,35.9599,4.83143,3878562701566,mixed,1.02057
friendster,16,sparse,17,0.226138,6.62899,33.2075,0.665239,272294971086,mixed,0.0833077
friendster,16,sparse,18,0.919887,6.62926,31.0499,3.49265,35683288330,mixed,0.598718
friendster,16,sparse,19,0.607939,6.90854,17.6942,2.22312,1915781986027,mixed,0.331057
friendster,16,sparse,20,0.82626,6.91458,25.9991,3.13835,767233272,mixed,0.375412
friendster,16,sparse,21,24.2318,6.86482,40.995,96.7455,2083707183,mixed,12.6597
friendster,16,sparse,22,0.314293,6.84667,29.3569,1.06667,134224289928,mixed,0.237791
friendster,16,sparse,23,2.70547,6.92252,40.613,10.6504,10203571031,mixed,1.40736
friendster,16,sparse,24,6.2625,6.7267,48.7842,24.8545,952170499886,mixed,3.00624
friendster,16,sparse,25,2.42857,6.80779,39.1492,9.5723,1587332372,mixed,1.50504
friendster,16,sparse,26,0.237734,6.72851,49.8805,0.788204,328119598,mixed,0.0446428
friendster,16,sparse,27,0.709042,6.46136,19.4082,2.6234,118028694357166,mixed,0.355685
friendster,16,sparse,28,4.12004,7.05233,38.3225,16.3232,2576766527,mixed,2.09547
friendster,16,sparse,29,4.12258,6.73258,40.0117,16.2565,256123438849,mixed,3.19285
friendster,16,sparse,30,0.948939,6.89631,39.4103,3.5951,1233479831302,mixed,0.355673
friendster,16,sparse,31,0.7203,6.54572,27.046,2.71261,15220550596,mixed,0.3828
friendster,16,sparse,32,4.09714,7.07489,25.4569,16.2482,1087396,mixed,1.87388
friendster,16,sparse,33,7.67362,6.58958,41.6942,30.4744,12519394379898,mixed,5.57274
friendster,16,sparse,34,3.08742,6.96113,32.2666,12.1374,105895336,mixed,1.61149
friendster,16,sparse,35,0.816567,6.65266,29.3831,3.10406,122030383486,mixed,0.371364
friendster,16,sparse,36,1.24549,6.7754,30.3919,4.81184,638013559254,mixed,0.762789
friendster,16,sparse,37,1.49891,6.60743,39.6726,5.82403,340456021559,mixed,0.849243
friendster,16,sparse,38,30.7592,7.04626,63.8153,122.787,37508969,mixed,10.8928
friendster,16,sparse,39,4.98093,7.2696,43.2366,19.7214,14959106,mixed,1.74997
friendster,16,sparse,40,0.79482,7.00099,36.3608,3.00895,170047350,mixed,0.347488
friendster,16,sparse,41,1.06081,6.88022,41.1413,4.08586,3623934,mixed,0.56872
friendster,16,sparse,42,0.207385,6.95225,66.0483,0.671286,144241022510,mixed,0.116589
friendster,16,sparse,43,1.58066,6.48549,21.9862,6.12913,20403925813334,mixed,0.859211
friendster,16,sparse,44,1.41735,6.64712,40.5068,5.46202,305130331820,mixed,0.907127
friendster,16,sparse,45,1.4416,7.27703,51.5391,5.18079,218434852307,mixed,0.793326
friendster,16,sparse,46,38.4193,7.41593,37.1635,153.539,131,mixed,26.1474
friendster,16,sparse,47,4.01255,6.73595,39.7053,15.8872,10271766084,mixed,3.51036
friendster,16,sparse,48,4.75734,6.65774,47.0206,18.8071,903853284077,mixed,2.65063
friendster,16,sparse,49,2.64018,6.70183,54.3433,10.3365,1922756304922,mixed,2.55455
friendster,16,sparse,50,1.61096,6.43744,34.7262,6.26993,554487006828,mixed,0.746365
friendster,16,sparse,51,1.78565,6.91618,30.2489,6.88039,8398899334,mixed,1.15853
friendster,16,sparse,52,1.01875,6.89527,26.2789,3.28231,117296942979,mixed,0.76794
friendster,16,sparse,53,0.285764,6.70259,43.6643,0.932981,108175663845,mixed,0.0892859
friendster,16,sparse,54,1.70725,6.47604,21.7207,6.59408,10111623379454,mixed,0.850281
friendster,16,sparse,55,1.949,6.77177,69.1508,7.58317,2122363929623,mixed,0.844817
friendster,16,sparse,56,0.972927,6.72815,35.0939,3.70191,1528950599689,mixed,0.628973
friendster,16,sparse,57,223.986,6.89377,75.4884,895.52,20751716377,mixed,153.981
friendster,16,sparse,58,0.273011,6.66556,27.412,0.827043,7524396043047,mixed,0.128462
friendster,16,sparse,59,4.30058,6.86954,96.344,16.998,17749169554,mixed,2.34003
friendster,16,sparse,60,2.30751,6.86571,28.2938,9.07154,578179982,mixed,1.40463
friendster,16,sparse,61,0.790991,6.73773,52.2015,2.98908,6515225359,mixed,0.376263
friendster,16,sparse,62,4.24127,6.57226,31.9743,16.7733,64473875053,mixed,2.31653
friendster,16,sparse,63,1.84617,6.95957,25.4542,7.23097,2633010188,mixed,0.898346
friendster,16,sparse,64,0.932406,7.21526,39.0548,3.45526,1,mixed,0.369586
friendster,16,sparse,65,1.37722,6.75005,27.2894,5.27713,184265172,mixed,0.682866
friendster,16,sparse,66,2.01625,7.02488,51.9589,7.83444,29252022172,mixed,1.36225
friendster,16,sparse,67,10.4204,6.85396,100.375,41.5065,459546858317,mixed,9.47176
friendster,16,sparse,68,1.65454,6.85828,62.3877,6.41766,904363570900,mixed,1.53507
friendster,16,sparse,69,0.669364,6.87134,41.3046,2.46289,287800208562,mixed,0.516102
friendster,16,sparse,70,2.93564,7.23269,22.5393,11.5561,31981205964,mixed,1.76275
friendster,16,sparse,71,0.455591,6.74141,66.9173,1.65074,772349724833,mixed,0.256442
friendster,16,sparse,72,1.96906,6.51496,41.7381,7.69792,45913786810,mixed,0.817345
friendster,16,sparse,73,0.899044,6.62306,32.1658,3.37537,840297420763,mixed,0.461337
friendster,16,sparse,74,0.803686,6.74067,18.8678,3.05599,1573696657,mixed,0.278624
friendster,16,sparse,75,1.08003,7.03306,34.2671,4.18553,24910167,mixed,0.595362
friendster,16,sparse,76,0.958185,6.49353,24.5409,3.66347,78593241126511,mixed,0.649969
friendster,16,sparse,77,4.61288,6.82317,67.6441,18.278,7334826708751,mixed,3.41386
friendster,16,sparse,78,1.0863,6.4473,18.4943,4.13367,84205734772735,mixed,0.901575
friendster,16,sparse,79,0.431443,6.31561,21.4019,1.45165,1702770906654165,mixed,0.313672
friendster,16,sparse,80,5.23141,6.94388,46.5137,20.7687,5908429343,mixed,2.63732
friendster,16,sparse,81,0.846854,6.80237,43.4555,3.01185,321822838488,mixed,0.459624
friendster,16,sparse,82,10.9593,6.76515,109.895,43.5936,2773052751610,mixed,4.45034
friendster,16,sparse,83,41.352,6.58433,56.2063,165.213,37812069973,mixed,22.7325
friendster,16,sparse,84,0.22524,6.544,27.5699,0.66917,9299528232168,mixed,0.0748631
friendster,16,sparse,85,0.723634,7.83338,37.7542,2.80182,2,mixed,0.269591
friendster,16,sparse,86,0.266759,7.15822,20.5933,0.959677,4361078,mixed,0.0866788
friendster,16,sparse,87,0.181252,6.51904,31.7432,0.530234,46153203870,mixed,0.0554804
friendster,16,sparse,88,1.01994,7.23353,36.6118,3.86549,1647697148,mixed,0.330206
friendster,16,sparse,89,0.78632,6.63342,24.2859,2.97567,162926539346,mixed,0.572764
friendster,16,sparse,90,2.24578,6.72177,38.4811,8.812,12312384900,mixed,1.26885
friendster,16,sparse,91,0.718979,6.74496,24.0264,2.69137,7537056021,mixed,0.391473
friendster,16,sparse,92,1.82843,7.00666,29.7689,7.09982,282330858107,mixed,0.71078
friendster,16,sparse,93,1.16308,7.17485,31.2405,4.51829,13913292,mixed,0.668252
friendster,16,sparse,94,1.03341,6.72787,84.596,3.84537,620145815153,mixed,0.597439
friendster,16,sparse,95,32.2221,6.73902,38.2043,128.533,75993728583,mixed,17.1528
friendster,16,sparse,96,10.3592,6.7901,74.7908,41.1819,547149957058,mixed,5.61817
friendster,16,sparse,97,79.6161,6.82463,52.531,318.288,25186535203006,mixed,58.8688
friendster,16,sparse,98,71.4406,6.57468,124.813,285.558,72452998214291,mixed,40.0639
friendster,16,sparse,99,0.221764,6.53513,34.0659,0.690335,35560437286,mixed,0.0899658
friendster,16,sparse,100,0.789138,6.68161,33.2325,2.96623,121271746710,mixed,0.349293
