dataset,query_size,query_mode,query_index,elapsed_execution_time,filter_time,plan_time,enumerate_time,n_embeddings,order,max_task_time
friendster,16,dense,1,0.968888,2.25108,37.0316,21.1018,170186,mixed,0.294295
friendster,16,dense,2,0.381149,1.99019,32.1389,6.84142,55483017,mixed,0.0677222
friendster,16,dense,3,0.894204,2.05658,34.0727,17.2928,31753697049,mixed,0.455318
friendster,16,dense,4,3.299,2.17509,32.7902,65.6856,19128,mixed,1.54962
friendster,16,dense,5,2.17031,2.20676,36.7957,40.0699,2,mixed,0.983098
friendster,16,dense,6,0.558394,2.16306,41.1735,9.61032,38,mixed,0.210993
friendster,16,dense,7,0.377264,2.03455,36.8186,2.99145,20442164,mixed,0.045604
friendster,16,dense,8,2.21763,2.06311,33.3528,42.5838,4,mixed,0.65943
friendster,16,dense,9,0.481566,2.05795,46.6673,7.27144,1761003452,mixed,0.289004
friendster,16,dense,10,0.50393,2.10547,35.137,5.72142,2,mixed,0.277034
friendster,16,dense,11,1.37197,2.25761,47.6841,26.7096,2336084,mixed,0.904398
friendster,16,dense,12,0.351477,2.15043,34.5867,4.91538,2286208,mixed,0.236802
friendster,16,dense,13,0.932357,2.15562,36.8622,14.066,648,mixed,0.473996
friendster,16,dense,14,1.42383,2.20684,37.7736,30.65,761377,mixed,0.549612
friendster,16,dense,15,0.156703,2.04733,45.0304,1.48129,599506504486,mixed,0.0640909
friendster,16,dense,16,0.849878,2.04487,29.5465,13.6818,44730899157,mixed,0.379633
friendster,16,dense,17,0.317472,1.99019,60.2168,4.65039,1677086479,mixed,0.241869
friendster,16,dense,18,1.14255,2.02587,49.516,23.3711,94872141,mixed,0.510576
friendster,16,dense,19,1.94623,1.89657,36.1644,36.0163,6563048273520,mixed,1.34346
friendster,16,dense,20,0.320899,2.13283,30.5072,4.25446,175,mixed,0.278024
friendster,16,dense,21,0.321966,2.05427,27.6949,5.09099,15462799,mixed,0.112279
friendster,16,dense,22,0.363755,2.05403,25.9993,5.42338,71231703858,mixed,0.157113
friendster,16,dense,23,0.437,2.08789,42.0528,7.22295,1532958367,mixed,0.342095
friendster,16,dense,24,0.560794,2.01537,81.0823,8.33057,339923386,mixed,0.426326
friendster,16,dense,25,8.99954,1.89043,76.5887,195.689,75598771207973,mixed,4.42601
friendster,16,dense,26,1.15594,2.1917,40.5573,22.0081,7349195504,mixed,0.471673
friendster,16,dense,27,0.177717,2.16409,45.4475,1.83464,2314221307,mixed,0.101746
friendster,16,dense,28,3.63711,2.28502,36.9944,64.0417,8,mixed,1.00506
friendster,16,dense,29,0.403388,2.17403,35.1119,5.85663,57713352,mixed,0.196273
friendster,16,dense,30,0.600963,2.03908,38.1179,10.4859,581813956,mixed,0.16969
friendster,16,dense,31,3.46186,2.04206,46.4407,70.3493,112142422,mixed,2.02941
friendster,16,dense,32,0.13354,1.91711,19.9725,1.20338,14023127536,mixed,0.0652449
friendster,16,dense,33,0.418525,1.85683,25.3368,6.65927,16859898368905,mixed,0.256564
friendster,16,dense,34,0.462548,2.07818,47.2228,7.47458,624,mixed,0.197994
friendster,16,dense,35,0.298957,1.96626,26.3495,3.63197,778204305023,mixed,0.110367
friendster,16,dense,36,0.141316,2.07923,23.8234,1.33666,107394448,mixed,0.0745419
friendster,16,dense,37,0.73785,2.01973,29.7251,11.3894,725605749,mixed,0.540586
friendster,16,dense,38,0.412828,2.12609,55.9278,4.56199,11182074,mixed,0.30733
friendster,16,dense,39,1.29881,2.05477,28.3636,26.2128,18369000,mixed,0.38863
friendster,16,dense,40,30.1206,2.12759,43.3175,609.245,344766,mixed,13.8056
friendster,16,dense,41,0.593937,2.30484,23.3146,8.02462,3,mixed,0.188679
friendster,16,dense,42,0.820566,2.40279,50.6991,14.7233,796,mixed,0.326735
friendster,16,dense,43,0.193663,1.89115,38.2978,1.99218,2722107871093,mixed,0.0491105
friendster,16,dense,44,0.163584,1.97554,36.2833,1.3102,1914963420,mixed,0.0978971
friendster,16,dense,45,0.39257,1.95726,24.1013,5.58147,2710804,mixed,0.135491
friendster,16,dense,46,0.288418,2.11134,22.9422,3.98738,1,mixed,0.203591
friendster,16,dense,47,0.29171,2.22173,31.5951,3.8878,4,mixed,0.0331098
friendster,16,dense,48,0.168236,1.90237,23.229,1.47267,837837597661,mixed,0.0910348
friendster,16,dense,49,0.184748,2.04833,21.558,1.45458,4423829466,mixed,0.105963
friendster,16,dense,50,6.00061,2.10972,43.2461,134.774,27491272,mixed,1.79733
friendster,16,dense,51,0.369951,2.04949,25.3983,4.08616,75724277808,mixed,0.11443
friendster,16,dense,52,0.25269,2.14774,23.4706,3.74868,25212,mixed,0.174615
friendster,16,dense,53,7.25351,1.92181,56.684,153.281,7367061318,mixed,3.08783
friendster,16,dense,54,0.133804,2.07063,39.5033,1.04776,23104476,mixed,0.0736735
friendster,16,dense,55,0.4396,2.02639,37.3902,6.2648,1590,mixed,0.330441
friendster,16,dense,56,1.13842,2.00643,26.9833,22.827,274617600018,mixed,0.554581
friendster,16,dense,57,0.270106,1.99146,35.5794,3.67647,3527276834206,mixed,0.218862
friendster,16,dense,58,158.066,2.08292,112.131,3756.42,9194445,mixed,35.4203
friendster,16,dense,59,3.66694,1.99771,107.891,80.933,496407384257,mixed,1.35352
friendster,16,dense,60,0.465479,1.87821,31.5543,7.88544,186598324771,mixed,0.274014
friendster,16,dense,61,1.36048,2.19129,46.8996,23.8155,37800,mixed,0.769371
friendster,16,dense,62,0.126273,2.22149,29.3349,1.28021,2,mixed,0.0739244
friendster,16,dense,63,0.485498,1.99446,23.3085,8.64928,418734608982,mixed,0.254282
friendster,16,dense,64,0.334634,2.11463,31.36,5.2863,2966664,mixed,0.182854
friendster,16,dense,65,0.396297,2.0627,30.9773,5.09257,17612,mixed,0.140784
friendster,16,dense,66,1.2108,1.96511,33.444,24.4336,26725155560,mixed,0.489084
friendster,16,dense,67,0.597478,2.01448,37.3021,5.88019,567336360522,mixed,0.293633
friendster,16,dense,68,0.201385,2.10733,35.2042,2.92113,404830500,mixed,0.0750034
friendster,16,dense,69,0.321768,2.21903,37.2086,4.49055,2,mixed,0.235006
friendster,16,dense,70,0.111965,2.27295,41.5514,1.17133,6,mixed,0.0702657
friendster,16,dense,71,0.470604,1.92178,34.6417,6.34565,298298159354,mixed,0.336379
friendster,16,dense,72,1.58031,2.16549,44.0812,33.9874,65438,mixed,0.66548
friendster,16,dense,73,0.954026,2.34385,32.2402,14.7005,588,mixed,0.850514
friendster,16,dense,74,0.6166,1.97065,54.469,8.05989,157193821225820,mixed,0.394459
friendster,16,dense,75,0.254349,2.09673,34.1853,4.21083,420,mixed,0.172409
friendster,16,dense,76,0.231493,2.01189,22.2705,1.68285,16727452833261,mixed,0.0863833
friendster,16,dense,77,0.528295,2.06157,42.1983,10.1775,39164544,mixed,0.360084
friendster,16,dense,78,0.452524,2.14002,35.3489,6.78837,67195518720,mixed,0.358449
friendster,16,dense,79,0.320009,2.2115,22.2428,5.49572,25844,mixed,0.0740574
friendster,16,dense,80,8.62717,2.07348,47.5008,174.07,6221602569,mixed,4.48915
friendster,16,dense,81,1.25144,2.06101,40.4048,22.1035,344,mixed,0.685964
friendster,16,dense,82,0.130092,2.11274,21.5686,0.934596,5045550,mixed,0.0799287
friendster,16,dense,83,0.677498,1.98648,28.1336,13.2939,311821296,mixed,0.300003
friendster,16,dense,84,0.24289,2.06357,40.3505,3.30884,1238334061,mixed,0.149813
friendster,16,dense,85,0.158806,2.12538,18.2368,1.40414,40272,mixed,0.0604795
friendster,16,dense,86,0.934931,1.8548,41.3141,18.8088,50328219125232,mixed,0.355829
friendster,16,dense,87,1.04826,1.96442,53.565,21.1256,13525408653062,mixed,0.348902
friendster,16,dense,88,1.12033,1.96624,29.7251,22.7554,1735347000596,mixed,0.688936
friendster,16,dense,89,1.76335,1.9724,64.7552,34.7324,14387331345,mixed,0.496732
friendster,16,dense,90,0.2404,2.01597,30.035,1.83236,3326768,mixed,0.0099702
friendster,16,dense,91,0.252542,2.06073,29.235,1.8483,17587354,mixed,0.0104103
friendster,16,dense,92,0.615892,1.96722,24.4056,11.4473,3519477462358,mixed,0.303762
friendster,16,dense,93,0.413409,2.10457,34.1851,5.31695,14204,mixed,0.163526
friendster,16,dense,94,0.274457,2.31797,30.5077,4.50516,2,mixed,0.218242
friendster,16,dense,95,0.150776,2.05147,18.4979,1.17406,1672780471130,mixed,0.0588082
friendster,16,dense,96,1.34853,1.98595,25.7863,29.0071,768302010,mixed,0.33699
friendster,16,dense,97,0.134338,2.04487,28.5701,1.00026,72,mixed,0.076887
friendster,16,dense,98,0.369372,2.0149,26.4017,4.76554,21389370705,mixed,0.205363
friendster,16,dense,99,0.849728,2.32523,30.5007,18.0839,1,mixed,0.748812
friendster,16,dense,100,0.138515,2.19657,31.2342,1.00404,1740,mixed,0.0738743
friendster,16,sparse,1,0.475228,1.90632,34.7289,7.64411,278311690750,mixed,0.146725
friendster,16,sparse,2,23.115,1.96826,54.8261,542.682,69851135891,mixed,6.18018
friendster,16,sparse,3,2.20239,1.93639,56.5338,41.7729,2598835116477,mixed,1.28895
friendster,16,sparse,4,0.32959,1.93693,33.3988,4.12534,1839931183450,mixed,0.22837
friendster,16,sparse,5,0.678434,1.95432,45.5643,8.23534,3227970888999,mixed,0.234385
friendster,16,sparse,6,1.66011,2.13515,37.0037,28.7394,36,mixed,0.497537
friendster,16,sparse,7,0.67539,1.9463,26.7351,11.917,230625841719,mixed,0.193851
friendster,16,sparse,8,0.963548,1.97248,34.3811,18.1452,10773498300124,mixed,0.631411
friendster,16,sparse,9,1.51099,1.9144,44.1039,31.0269,229877681155,mixed,0.443695
friendster,16,sparse,10,0.533889,1.92696,47.6694,5.59031,313582288050,mixed,0.410009
friendster,16,sparse,11,1.19838,2.01989,97.7133,24.2632,140046288223,mixed,0.702985
friendster,16,sparse,12,0.248481,1.88808,30.717,2.75524,353016744070131,mixed,0.138555
friendster,16,sparse,13,6.43756,1.88617,93.6506,135.639,3239025608063,mixed,3.33501
friendster,16,sparse,14,3.44579,1.9157,68.0307,74.3866,63409357744,mixed,3.22253
friendster,16,sparse,15,0.239181,1.92312,27.2904,2.53409,16262648306175,mixed,0.083138
friendster,16,sparse,16,0.585745,1.9278,39.7548,7.66493,3878562701566,mixed,0.287803
friendster,16,sparse,17,0.182433,1.90428,33.3319,1.48606,272294971086,mixed,0.0902494
friendster,16,sparse,18,0.370826,1.88689,33.5722,6.34797,35683288330,mixed,0.164188
friendster,16,sparse,19,0.272129,2,19.1319,3.85266,1915781986027,mixed,0.163218
friendster,16,sparse,20,0.347346,1.99659,28.0818,5.67262,767233272,mixed,0.191115
friendster,16,sparse,21,6.87095,1.97148,44.322,161.383,2083707183,mixed,1.45456
friendster,16,sparse,22,0.232207,1.91843,31.6703,2.27724,134224289928,mixed,0.135083
friendster,16,sparse,23,1.28413,1.96055,44.5305,22.1549,10203571031,mixed,0.68531
friendster,16,sparse,24,2.22016,1.95725,53.4096,51.2563,952170499886,mixed,1.46303
friendster,16,sparse,25,0.942427,1.98489,42.9717,18.054,1587332372,mixed,0.539779
friendster,16,sparse,26,0.161505,1.8734,54.7723,1.75323,328119598,mixed,0.0687512
friendster,16,sparse,27,0.308113,1.81874,20.8338,4.58578,118028694357166,mixed,0.178205
friendster,16,sparse,28,1.57028,2.04635,38.5322,34.0949,2576766527,mixed,0.531552
friendster,16,sparse,29,1.92245,1.98328,44.4998,31.6584,256123438849,mixed,1.00614
friendster,16,sparse,30,0.358507,1.94206,43.2022,6.68743,1233479831302,mixed,0.218927
friendster,16,sparse,31,0.325594,1.9194,29.846,4.52921,15220550596,mixed,0.17069
friendster,16,sparse,32,1.44601,1.97195,27.5735,29.1337,1087396,mixed,0.494094
friendster,16,sparse,33,2.6203,1.82302,46.7769,59.4304,12519394379898,mixed,1.37996
friendster,16,sparse,34,1.16337,2.03745,35.803,25.0499,105895336,mixed,0.320639
friendster,16,sparse,35,0.319051,1.90905,29.4613,5.63062,122030383486,mixed,0.160278
friendster,16,sparse,36,0.561985,1.94147,32.7788,9.16334,638013559254,mixed,0.199133
friendster,16,sparse,37,0.598466,1.88777,39.8403,10.2851,340456021559,mixed,0.202191
friendster,16,sparse,38,8.60839,2.01241,63.8173,185.9,37508969,mixed,5.80254
friendster,16,sparse,39,1.66447,2.06605,43.379,25.5088,14959106,mixed,0.617586
friendster,16,sparse,40,0.34605,2.01319,39.7659,5.8062,170047350,mixed,0.0631396
friendster,16,sparse,41,0.386068,1.98741,44.7005,6.89311,3623934,mixed,0.20133
friendster,16,sparse,42,0.181762,1.96153,73.9684,1.86515,144241022510,mixed,0.0544041
friendster,16,sparse,43,0.549838,1.84672,24.1417,9.74455,20403925813334,mixed,0.32349
friendster,16,sparse,44,0.511731,1.88003,45.0288,8.59911,305130331820,mixed,0.397838
friendster,16,sparse,45,0.76612,2.14164,51.843,10.7543,218434852307,mixed,0.3907
friendster,16,sparse,46,10.7318,2.09795,37.3742,222.927,131,mixed,6.49286
friendster,16,sparse,47,1.59309,1.95143,39.9358,30.2098,10271766084,mixed,0.766298
friendster,16,sparse,48,1.54537,1.9523,47.3566,30.096,903853284077,mixed,0.879861
friendster,16,sparse,49,1.1289,1.89946,59.4172,23.6324,1922756304922,mixed,0.793462
friendster,16,sparse,50,0.648761,1.84396,34.8397,11.6784,554487006828,mixed,0.471155
friendster,16,sparse,51,0.657444,1.94859,32.9412,9.69556,8398899334,mixed,0.485014
friendster,16,sparse,52,0.444986,1.99345,28.3794,6.57227,117296942979,mixed,0.152662
friendster,16,sparse,53,0.387092,1.87121,43.7943,2.77539,108175663845,mixed,0.101213
friendster,16,sparse,54,0.631455,1.85397,20.222,10.7581,10111623379454,mixed,0.272939
friendster,16,sparse,55,0.89998,1.93268,69.4754,13.8421,2122363929623,mixed,0.677432
friendster,16,sparse,56,0.370739,1.97158,35.3645,6.67374,1528950599689,mixed,0.194104
friendster,16,sparse,57,61.5761,2.00377,67.4119,1287.96,20751716377,mixed,42.1549
friendster,16,sparse,58,0.196377,1.91391,27.5974,1.82851,7524396043047,mixed,0.115428
friendster,16,sparse,59,1.57406,2.00475,89.8169,28.9225,17749169554,mixed,0.903868
friendster,16,sparse,60,0.910483,2.00982,28.4196,15.155,578179982,mixed,0.54788
friendster,16,sparse,61,0.292065,1.93321,52.5733,4.74271,6515225359,mixed,0.173445
friendster,16,sparse,62,1.58532,1.90417,32.1414,32.641,64473875053,mixed,0.824879
friendster,16,sparse,63,0.728382,2.11422,24.3605,14.0296,2633010188,mixed,0.357145
friendster,16,sparse,64,0.505798,2.01713,39.0163,8.93922,1,mixed,0.397928
friendster,16,sparse,65,0.506655,1.97313,27.5724,9.05405,184265172,mixed,0.156489
friendster,16,sparse,66,0.932917,1.99013,52.49,15.6244,29252022172,mixed,0.460759
friendster,16,sparse,67,3.20383,1.92831,101.314,73.021,459546858317,mixed,1.59163
friendster,16,sparse,68,0.733041,1.96467,57.8529,11.5093,904363570900,mixed,0.178427
friendster,16,sparse,69,0.489252,1.9001,41.5459,5.73861,287800208562,mixed,0.397113
friendster,16,sparse,70,1.15329,2.09644,24.0174,21.6778,31981205964,mixed,1.03574
friendster,16,sparse,71,0.329377,1.91202,74.5887,3.72207,772349724833,mixed,0.175701
friendster,16,sparse,72,0.871349,1.87953,45.8112,14.1081,45913786810,mixed,0.538698
friendster,16,sparse,73,0.408761,1.89404,34.4831,5.20501,840297420763,mixed,0.190652
friendster,16,sparse,74,0.315163,1.92534,20.1222,5.29388,1573696657,mixed,0.246948
friendster,16,sparse,75,0.490713,2.01572,36.7543,9.34804,24910167,mixed,0.291973
friendster,16,sparse,76,0.382212,1.80647,26.6053,6.05345,78593241126511,mixed,0.147192
friendster,16,sparse,77,2.12924,1.96605,75.0042,43.5197,7334826708751,mixed,0.767064
friendster,16,sparse,78,0.436179,1.80574,18.8626,6.79874,84205734772735,mixed,0.171299
friendster,16,sparse,79,0.266967,1.74315,23.3878,2.66502,1702770906654165,mixed,0.073142
friendster,16,sparse,80,1.9668,1.94134,50.5123,42.9162,5908429343,mixed,1.29128
friendster,16,sparse,81,0.496389,1.96711,43.8745,6.08967,321822838488,mixed,0.279535
friendster,16,sparse,82,3.22007,1.8994,111.524,72.7606,2773052751610,mixed,1.69644
friendster,16,sparse,83,12.2125,1.83521,56.4771,288.362,37812069973,mixed,1.57981
friendster,16,sparse,84,0.162973,1.8494,27.6511,1.5841,9299528232168,mixed,0.0893034
friendster,16,sparse,85,0.303509,2.1974,39.8471,5.04516,2,mixed,0.068742
friendster,16,sparse,86,0.168869,2.08941,22.1364,1.89537,4361078,mixed,0.0602046
friendster,16,sparse,87,0.141734,1.84641,34.5968,1.24947,46153203870,mixed,0.069568
friendster,16,sparse,88,0.482098,2.06318,39.2933,6.85417,1647697148,mixed,0.216906
friendster,16,sparse,89,0.321767,1.91488,24.5672,4.97727,162926539346,mixed,0.198316
friendster,16,sparse,90,0.926954,1.91004,42.2584,17.1844,12312384900,mixed,0.49627
friendster,16,sparse,91,0.334849,1.9347,22.5683,5.00492,7537056021,mixed,0.226312
friendster,16,sparse,92,0.74708,2.01312,29.8728,12.2477,282330858107,mixed,0.606601
friendster,16,sparse,93,0.381731,2.13058,31.4196,7.53629,13913292,mixed,0.179763
friendster,16,sparse,94,0.569348,1.93053,85.168,6.94159,620145815153,mixed,0.243032
friendster,16,sparse,95,9.1247,2.05966,38.5264,182.887,75993728583,mixed,5.6991
friendster,16,sparse,96,3.30491,1.92401,75.058,69.1141,547149957058,mixed,1.76933
friendster,16,sparse,97,20.9694,1.90034,52.9901,390.019,25186535203006,mixed,16.7575
friendster,16,sparse,98,18.8026,1.95184,125.592,419.676,72452998214291,mixed,8.35551
friendster,16,sparse,99,0.151003,1.89365,34.3348,1.44496,35560437286,mixed,0.076108
friendster,16,sparse,100,0.321607,1.90654,33.4775,5.26904,121271746710,mixed,0.0771196
