dataset,query_size,query_mode,query_index,elapsed_execution_time,filter_time,plan_time,enumerate_time,n_embeddings,order,max_task_time
friendster,16,dense,1,4.18773,15.1055,38.0529,8.31682,170186,mixed,2.02477
friendster,16,dense,2,1.44423,14.0333,32.9653,2.81247,55483017,mixed,0.514393
friendster,16,dense,3,4.17245,13.813,32.0402,8.25864,31753697049,mixed,1.29602
friendster,16,dense,4,14.118,14.6059,31.5364,28.1899,19128,mixed,3.15669
friendster,16,dense,5,13.3153,14.7256,37.7732,26.594,2,mixed,4.91355
friendster,16,dense,6,2.68085,15.0852,39.1941,5.3071,38,mixed,0.644328
friendster,16,dense,7,0.262519,13.9617,34.8027,0.456045,20442164,mixed,0.0547562
friendster,16,dense,8,11.7934,14.2397,34.4972,23.5168,4,mixed,2.46086
friendster,16,dense,9,1.80934,14.3862,44.503,3.54706,1761003452,mixed,0.510589
friendster,16,dense,10,0.693763,14.2914,36.145,1.33473,2,mixed,0.15926
friendster,16,dense,11,6.64491,15.0643,49.6373,13.2355,2336084,mixed,1.55558
friendster,16,dense,12,1.13116,14.7299,33.1308,2.20245,2286208,mixed,0.259252
friendster,16,dense,13,3.26034,15.1126,35.5246,6.46689,648,mixed,1.45282
friendster,16,dense,14,7.20832,15.0271,38.6523,14.3637,761377,mixed,3.52094
friendster,16,dense,15,0.396461,13.265,47.1322,0.704653,599506504486,mixed,0.0804175
friendster,16,dense,16,3.35647,13.95,28.0893,6.65716,44730899157,mixed,1.56267
friendster,16,dense,17,1.20763,13.5155,62.6195,2.34199,1677086479,mixed,0.467744
friendster,16,dense,18,5.27951,13.6748,51.5231,10.476,94872141,mixed,2.38626
friendster,16,dense,19,10.403,12.769,34.0279,20.7059,6563048273520,mixed,2.34639
friendster,16,dense,20,0.99271,14.8256,29.526,1.94203,175,mixed,0.27226
friendster,16,dense,21,1.302,14.1844,26.6848,2.5276,15462799,mixed,0.282413
friendster,16,dense,22,1.53936,13.9684,24.9901,3.01159,71231703858,mixed,0.608372
friendster,16,dense,23,1.49478,14.2663,40.127,2.91125,1532958367,mixed,0.304008
friendster,16,dense,24,1.42984,13.8008,76.0477,2.78467,339923386,mixed,0.503006
friendster,16,dense,25,59.0604,12.75,71.6082,117.999,75598771207973,mixed,31.2259
friendster,16,dense,26,5.65835,14.5991,41.1911,11.269,7349195504,mixed,1.40337
friendster,16,dense,27,0.343931,13.8142,42.9309,0.609905,2314221307,mixed,0.130427
friendster,16,dense,28,23.7802,16.1284,35.7778,47.4891,8,mixed,13.2055
friendster,16,dense,29,1.4442,14.8157,35.8217,2.83782,57713352,mixed,0.8861
friendster,16,dense,30,2.59283,14.1552,36.3799,5.11614,581813956,mixed,1.0931
friendster,16,dense,31,20.463,13.8914,44.1779,40.855,112142422,mixed,8.7973
friendster,16,dense,32,0.249045,13.3654,20.3805,0.439645,14023127536,mixed,0.0496259
friendster,16,dense,33,1.0711,12.8248,24.1304,2.06693,16859898368905,mixed,0.293747
friendster,16,dense,34,2.0222,14.5109,45.736,3.98538,624,mixed,0.593701
friendster,16,dense,35,1.03087,13.349,27.2149,1.97464,778204305023,mixed,0.722381
friendster,16,dense,36,0.290205,13.9241,24.8185,0.505693,107394448,mixed,0.0733526
friendster,16,dense,37,2.70019,13.8044,28.5403,5.32103,725605749,mixed,0.559035
friendster,16,dense,38,0.841997,14.022,57.902,1.62223,11182074,mixed,0.258935
friendster,16,dense,39,6.0849,13.8684,29.3014,12.0984,18369000,mixed,5.31619
friendster,16,dense,40,155.975,14.6382,41.3723,311.89,344766,mixed,131.859
friendster,16,dense,41,2.51504,15.81,22.5984,4.99194,3,mixed,1.38479
friendster,16,dense,42,3.89873,16.6206,49.3934,7.77317,796,mixed,1.56015
friendster,16,dense,43,0.473017,12.9208,35.9182,0.852393,2722107871093,mixed,0.132004
friendster,16,dense,44,0.27957,13.32,34.9055,0.482138,1914963420,mixed,0.0605483
friendster,16,dense,45,1.46858,12.989,24.5825,2.86144,2710804,mixed,0.574459
friendster,16,dense,46,1.01728,14.6468,22.2016,1.9854,1,mixed,0.232456
friendster,16,dense,47,0.884139,15.2654,30.4515,1.73372,4,mixed,0.222396
friendster,16,dense,48,0.304942,12.9239,22.215,0.531775,837837597661,mixed,0.0705805
friendster,16,dense,49,0.349657,13.8566,20.5478,0.630718,4423829466,mixed,0.115482
friendster,16,dense,50,36.311,13.98,40.5823,72.3801,27491272,mixed,15.8436
friendster,16,dense,51,0.999251,14.0284,24.4751,1.95331,75724277808,mixed,0.698192
friendster,16,dense,52,1.00168,14.4731,22.5275,1.94814,25212,mixed,0.268825
friendster,16,dense,53,46.2017,13.1958,53.5815,92.3188,7367061318,mixed,27.2722
friendster,16,dense,54,0.218212,13.96,38.4034,0.374411,23104476,mixed,0.0518519
friendster,16,dense,55,1.39452,14.173,36.0737,2.72576,1590,mixed,0.306157
friendster,16,dense,56,6.81059,13.803,25.5833,13.5455,274617600018,mixed,3.42406
friendster,16,dense,57,1.03729,13.4818,34.3058,2.01653,3527276834206,mixed,0.259209
friendster,16,dense,58,1008.82,14.1827,106.016,2017.56,9194445,mixed,329.737
friendster,16,dense,59,21.9906,13.2346,100.52,43.8939,496407384257,mixed,17.5883
friendster,16,dense,60,1.92001,12.9694,30.2599,3.76645,186598324771,mixed,0.410806
friendster,16,dense,61,6.06002,14.7073,45.2848,12.0792,37800,mixed,1.40478
friendster,16,dense,62,0.226582,15.0851,28.1947,0.407368,2,mixed,0.0503031
friendster,16,dense,63,2.17442,13.3589,22.4379,4.29193,418734608982,mixed,0.500439
friendster,16,dense,64,1.32649,13.7642,32.3839,2.58623,2966664,mixed,0.281463
friendster,16,dense,65,1.20128,14.077,31.8195,2.35784,17612,mixed,0.579402
friendster,16,dense,66,5.59543,13.5854,31.9023,11.1027,26725155560,mixed,2.3374
friendster,16,dense,67,1.32909,13.6387,35.7814,2.58697,567336360522,mixed,0.778774
friendster,16,dense,68,0.676116,14.1487,36.5064,1.28608,404830500,mixed,0.154471
friendster,16,dense,69,1.29964,15.4924,38.1429,2.56692,2,mixed,0.552459
friendster,16,dense,70,0.247148,15.5202,39.896,0.458101,6,mixed,0.0479904
friendster,16,dense,71,1.57271,13.3255,33.1127,3.06131,298298159354,mixed,0.347694
friendster,16,dense,72,9.39797,14.5097,42.5549,18.739,65438,mixed,1.71249
friendster,16,dense,73,4.22046,15.163,33.0613,8.34869,588,mixed,1.81871
friendster,16,dense,74,1.61988,12.9766,58.0235,3.11936,157193821225820,mixed,1.02335
friendster,16,dense,75,1.11186,14.3232,33.117,2.16356,420,mixed,0.415756
friendster,16,dense,76,0.324424,13.4953,21.1683,0.561018,16727452833261,mixed,0.077026
friendster,16,dense,77,1.75712,13.7887,40.3761,3.439,39164544,mixed,0.431634
friendster,16,dense,78,1.59375,14.1258,34.1819,3.13595,67195518720,mixed,0.338644
friendster,16,dense,79,1.51568,15.2055,21.5355,2.9895,25844,mixed,0.485089
friendster,16,dense,80,56.5351,14.1437,45.0514,113.004,6221602569,mixed,23.1589
friendster,16,dense,81,5.80525,14.1752,39.4843,11.5368,344,mixed,1.52087
friendster,16,dense,82,0.253253,13.939,22.0291,0.429005,5045550,mixed,0.0532552
friendster,16,dense,83,3.03102,13.8682,26.9772,5.99694,311821296,mixed,1.06035
friendster,16,dense,84,0.714053,14.3689,39.0111,1.38578,1238334061,mixed,0.272443
friendster,16,dense,85,0.264172,14.545,17.6304,0.481105,40272,mixed,0.0658997
friendster,16,dense,86,5.33254,12.0829,39.4357,10.5701,50328219125232,mixed,2.37441
friendster,16,dense,87,6.0083,13.0732,51.1755,11.9343,13525408653062,mixed,1.77606
friendster,16,dense,88,5.64614,13.1571,27.8245,11.2091,1735347000596,mixed,1.90486
friendster,16,dense,89,8.06921,13.4033,61.2734,16.0457,14387331345,mixed,2.0313
friendster,16,dense,90,0.272511,13.9258,30.9245,0.487642,3326768,mixed,0.0561865
friendster,16,dense,91,0.244391,13.9963,27.8445,0.426367,17587354,mixed,0.0472081
friendster,16,dense,92,1.50997,12.8506,25.3813,2.93702,3519477462358,mixed,0.364587
friendster,16,dense,93,1.36117,14.4479,33.0942,2.68158,14204,mixed,0.571636
friendster,16,dense,94,1.25461,15.6576,29.5178,2.46769,2,mixed,0.424254
friendster,16,dense,95,0.242715,13.5307,17.8309,0.402892,1672780471130,mixed,0.045399
friendster,16,dense,96,6.73281,13.4951,24.5757,13.3934,768302010,mixed,1.79504
friendster,16,dense,97,0.238207,13.9542,27.6312,0.418539,72,mixed,0.0534765
friendster,16,dense,98,1.22852,13.2713,25.2551,2.37212,21389370705,mixed,0.352115
friendster,16,dense,99,4.15523,15.8425,30.9663,8.27964,1,mixed,1.04221
friendster,16,dense,100,0.220707,14.7701,30.2578,0.385872,1740,mixed,0.0491724
friendster,16,sparse,1,2.22273,12.9552,32.8448,4.3516,278311690750,mixed,0.712596
friendster,16,sparse,2,169.113,13.1669,52.1678,338.139,69851135891,mixed,49.71
friendster,16,sparse,3,9.999,13.1225,54.1487,19.9082,2598835116477,mixed,3.1141
friendster,16,sparse,4,1.05127,12.9641,32.1866,2.02005,1839931183450,mixed,0.252931
friendster,16,sparse,5,2.16121,12.9468,43.2925,4.24354,3227970888999,mixed,1.40366
friendster,16,sparse,6,9.39247,14.6797,35.7199,18.7381,36,mixed,1.718
friendster,16,sparse,7,3.58148,12.819,27.633,7.07755,230625841719,mixed,1.12476
friendster,16,sparse,8,5.19864,13.261,32.6226,10.2745,10773498300124,mixed,1.87256
friendster,16,sparse,9,7.37464,13.2561,41.7844,14.666,229877681155,mixed,1.94853
friendster,16,sparse,10,0.990398,12.9427,45.6176,1.89012,313582288050,mixed,0.347198
friendster,16,sparse,11,3.85725,13.1904,103.754,7.62186,140046288223,mixed,1.18219
friendster,16,sparse,12,0.672574,13.0112,32.3375,1.26557,353016744070131,mixed,0.244195
friendster,16,sparse,13,38.4232,13.1522,89.544,76.7526,3239025608063,mixed,29.9475
friendster,16,sparse,14,20.0976,13.196,63.9195,40.1123,63409357744,mixed,5.2465
friendster,16,sparse,15,0.556486,12.9015,28.0588,1.03098,16262648306175,mixed,0.367495
friendster,16,sparse,16,2.34859,12.9002,37.5919,4.61319,3878562701566,mixed,1.42581
friendster,16,sparse,17,0.345094,12.8665,32.1898,0.605331,272294971086,mixed,0.0836421
friendster,16,sparse,18,1.72182,12.9164,32.2131,3.35418,35683288330,mixed,0.595277
friendster,16,sparse,19,1.05915,13.4103,18.3848,2.03136,1915781986027,mixed,0.306581
friendster,16,sparse,20,1.51273,13.3862,26.74,2.95413,767233272,mixed,0.349156
friendster,16,sparse,21,46.2037,13.378,42.3863,92.3211,2083707183,mixed,12.265
friendster,16,sparse,22,0.477409,13.2494,30.3316,0.876307,134224289928,mixed,0.234748
friendster,16,sparse,23,5.10063,13.4374,42.3007,10.1187,10203571031,mixed,1.33778
friendster,16,sparse,24,11.7153,13.0614,50.789,23.3455,952170499886,mixed,2.84011
friendster,16,sparse,25,4.50148,13.2751,40.9188,8.93237,1587332372,mixed,1.52175
friendster,16,sparse,26,0.409386,13.0715,51.929,0.744235,328119598,mixed,0.109443
friendster,16,sparse,27,1.27817,12.5207,20.0808,2.45989,118028694357166,mixed,0.397775
friendster,16,sparse,28,7.66517,13.5305,40.048,15.2538,2576766527,mixed,1.86195
friendster,16,sparse,29,7.7743,13.0552,42.3709,15.4663,256123438849,mixed,3.01308
friendster,16,sparse,30,1.78507,13.088,41.3823,3.47768,1233479831302,mixed,0.600477
friendster,16,sparse,31,1.26653,12.8647,28.0838,2.45872,15220550596,mixed,0.373107
friendster,16,sparse,32,7.60291,13.7238,26.4325,15.151,1087396,mixed,1.81179
friendster,16,sparse,33,14.8529,12.5197,43.6081,29.6105,12519394379898,mixed,5.31666
friendster,16,sparse,34,5.74877,13.5409,33.7732,11.4221,105895336,mixed,1.58735
friendster,16,sparse,35,1.4518,12.7674,30.3114,2.83372,122030383486,mixed,0.377549
friendster,16,sparse,36,2.35628,13.1509,31.3078,4.63321,638013559254,mixed,0.765423
friendster,16,sparse,37,2.81999,12.6718,37.7912,5.5565,340456021559,mixed,0.783604
friendster,16,sparse,38,58.917,13.7304,59.9961,117.76,37508969,mixed,13.9994
friendster,16,sparse,39,9.13035,14.0779,41.8357,18.2023,14959106,mixed,8.61501
friendster,16,sparse,40,1.38574,13.5789,37.7374,2.6957,170047350,mixed,0.331816
friendster,16,sparse,41,1.90852,13.436,42.7044,3.74649,3623934,mixed,0.50787
friendster,16,sparse,42,0.357127,13.3989,69.4647,0.646339,144241022510,mixed,0.112473
friendster,16,sparse,43,2.91723,12.4788,22.9125,5.75335,20403925813334,mixed,0.804454
friendster,16,sparse,44,2.66893,12.9687,42.5208,5.24393,305130331820,mixed,0.824758
friendster,16,sparse,45,2.68358,14.0992,49.116,5.28907,218434852307,mixed,1.1334
friendster,16,sparse,46,73.9564,14.5169,35.691,147.855,131,mixed,58.424
friendster,16,sparse,47,7.55236,13.1761,38.4267,15.028,10271766084,mixed,4.24395
friendster,16,sparse,48,8.9594,13.0043,44.6577,17.8255,903853284077,mixed,3.45567
friendster,16,sparse,49,4.95925,12.9529,56.525,9.83297,1922756304922,mixed,2.47034
friendster,16,sparse,50,3.03022,12.5028,36.1205,5.98226,554487006828,mixed,0.74507
friendster,16,sparse,51,3.19924,13.3582,31.3626,6.02118,8398899334,mixed,1.16596
friendster,16,sparse,52,1.90194,13.4046,27.2391,3.7242,117296942979,mixed,0.830994
friendster,16,sparse,53,0.459553,13.0394,41.8243,0.834263,108175663845,mixed,0.098812
friendster,16,sparse,54,3.18177,12.6181,21.0973,6.27573,10111623379454,mixed,0.821413
friendster,16,sparse,55,3.68274,13.0884,66.1969,7.27349,2122363929623,mixed,0.783818
friendster,16,sparse,56,1.84015,13.0649,33.9109,3.59206,1528950599689,mixed,0.652126
friendster,16,sparse,57,434.214,13.4213,71.9628,868.349,20751716377,mixed,282.112
friendster,16,sparse,58,0.436079,12.9115,26.3613,0.772523,7524396043047,mixed,0.130077
friendster,16,sparse,59,8.17693,13.4126,92.9779,16.2753,17749169554,mixed,2.24186
friendster,16,sparse,60,4.25326,13.439,27.3767,8.45069,578179982,mixed,4.0703
friendster,16,sparse,61,1.46132,13.1287,50.0073,2.84267,6515225359,mixed,0.74035
friendster,16,sparse,62,7.93015,12.8215,30.4434,15.7597,64473875053,mixed,2.09073
friendster,16,sparse,63,3.50352,13.5111,24.8031,6.93154,2633010188,mixed,0.844655
friendster,16,sparse,64,1.7344,14.1787,37.4549,3.41596,1,mixed,0.358936
friendster,16,sparse,65,2.60547,13.1206,26.3947,5.13614,184265172,mixed,0.665369
friendster,16,sparse,66,3.68068,13.491,50.2357,7.28201,29252022172,mixed,3.44475
friendster,16,sparse,67,19.9498,13.4569,94.7915,39.8104,459546858317,mixed,11.7478
friendster,16,sparse,68,3.15396,13.3028,59.2685,6.21862,904363570900,mixed,1.15424
friendster,16,sparse,69,1.19362,13.2578,39.5072,2.30677,287800208562,mixed,0.558821
friendster,16,sparse,70,5.43124,13.9369,23.2921,10.7718,31981205964,mixed,1.59328
friendster,16,sparse,71,0.825082,13.1133,71.4637,1.57008,772349724833,mixed,0.247452
friendster,16,sparse,72,3.74028,12.4783,43.7886,7.39215,45913786810,mixed,0.819312
friendster,16,sparse,73,1.61346,12.8445,33.3105,3.12762,840297420763,mixed,0.794351
friendster,16,sparse,74,1.41371,13.0966,19.4601,2.75769,1573696657,mixed,0.518445
friendster,16,sparse,75,1.97263,13.6598,35.2127,3.87965,24910167,mixed,0.592287
friendster,16,sparse,76,1.72112,12.4987,25.2698,3.36895,78593241126511,mixed,0.712127
friendster,16,sparse,77,7.94552,13.2878,70.6157,15.8121,7334826708751,mixed,3.58688
friendster,16,sparse,78,2.02966,12.4954,19.1815,3.96016,84205734772735,mixed,0.863178
friendster,16,sparse,79,0.706065,12.2462,22.3244,1.30057,1702770906654165,mixed,0.309776
friendster,16,sparse,80,9.75694,13.4851,48.3609,19.4354,5908429343,mixed,2.71767
friendster,16,sparse,81,1.49691,13.0202,41.7877,2.90529,321822838488,mixed,0.43966
friendster,16,sparse,82,20.8595,13.122,104.674,41.6377,2773052751610,mixed,14.5486
friendster,16,sparse,83,77.67,12.691,53.4588,155.248,37812069973,mixed,20.5314
friendster,16,sparse,84,0.335763,12.7808,26.3081,0.584107,9299528232168,mixed,0.0747201
friendster,16,sparse,85,1.34875,15.1514,38.6483,2.65128,2,mixed,0.474308
friendster,16,sparse,86,0.453164,14.0814,21.2543,0.859895,4361078,mixed,0.0819682
friendster,16,sparse,87,0.326021,12.6409,33.0065,0.570484,46153203870,mixed,0.0602849
friendster,16,sparse,88,1.87294,13.929,37.9701,3.67321,1647697148,mixed,0.692872
friendster,16,sparse,89,1.42176,12.8768,25.2307,2.76241,162926539346,mixed,0.855449
friendster,16,sparse,90,4.13795,13.0619,39.9918,8.19583,12312384900,mixed,1.16985
friendster,16,sparse,91,1.30488,12.9177,23.1702,2.52369,7537056021,mixed,0.361003
friendster,16,sparse,92,3.44332,13.4939,28.4194,6.7978,282330858107,mixed,0.71905
friendster,16,sparse,93,2.1094,14.0827,30.2509,4.15697,13913292,mixed,0.655186
friendster,16,sparse,94,1.89001,13.0704,81.4432,3.66385,620145815153,mixed,1.00028
friendster,16,sparse,95,62.4344,13.1707,37.0444,124.78,75993728583,mixed,17.3575
friendster,16,sparse,96,19.684,12.9846,70.9124,39.2657,547149957058,mixed,5.21575
friendster,16,sparse,97,151.205,13.2532,50.5941,302.321,25186535203006,mixed,116.89
friendster,16,sparse,98,135.808,12.8646,117.23,271.5,72452998214291,mixed,93.903
friendster,16,sparse,99,0.363759,12.7479,33.1602,0.642269,35560437286,mixed,0.0829204
friendster,16,sparse,100,1.43976,13.0833,32.0752,2.80176,121271746710,mixed,0.571788
