dataset,query_size,query_mode,query_index,elapsed_execution_time,filter_time,plan_time,enumerate_time,n_embeddings,order,max_task_time
friendster,16,dense,1,1.19651,2.17627,36.8197,32.5717,170186,mixed,0.294849
friendster,16,dense,2,0.695121,2.03479,32.2661,15.5702,55483017,mixed,0.125485
friendster,16,dense,3,1.1201,2.01885,33.8539,24.9498,31753697049,mixed,0.764454
friendster,16,dense,4,2.55205,2.15435,30.7802,65.299,19128,mixed,1.22547
friendster,16,dense,5,2.02032,2.11915,36.6632,47.3745,2,mixed,1.17101
friendster,16,dense,6,0.489679,2.12623,41.0731,10.4791,38,mixed,0.171297
friendster,16,dense,7,0.138697,2.02557,33.5135,1.46066,20442164,mixed,0.0863336
friendster,16,dense,8,2.17477,2.07877,35.8548,54.7296,4,mixed,1.06608
friendster,16,dense,9,0.503648,2.01094,46.4573,8.10723,1761003452,mixed,0.277131
friendster,16,dense,10,0.383174,2.09414,37.7631,3.68904,2,mixed,0.321882
friendster,16,dense,11,1.12114,2.18725,52.0473,30.0921,2336084,mixed,0.726686
friendster,16,dense,12,0.530307,2.07234,34.4402,7.6773,2286208,mixed,0.349042
friendster,16,dense,13,0.667929,2.19032,36.6436,14.749,648,mixed,0.387133
friendster,16,dense,14,1.39232,2.22102,37.7269,37.1955,761377,mixed,0.643048
friendster,16,dense,15,0.183841,1.93141,49.3703,2.00362,599506504486,mixed,0.11406
friendster,16,dense,16,1.11921,1.98892,27.0409,22.661,44730899157,mixed,0.897768
friendster,16,dense,17,0.440229,1.97921,66.1245,6.72598,1677086479,mixed,0.350565
friendster,16,dense,18,1.07196,1.98409,54.1231,27.6017,94872141,mixed,0.418435
friendster,16,dense,19,2.24139,1.79383,32.3215,45.7742,6563048273520,mixed,1.78361
friendster,16,dense,20,0.430262,2.10492,30.2859,6.02274,175,mixed,0.264459
friendster,16,dense,21,0.335287,1.97515,27.6096,5.95482,15462799,mixed,0.168142
friendster,16,dense,22,0.353265,2.08341,24.1728,6.85289,71231703858,mixed,0.269965
friendster,16,dense,23,0.553358,2.04073,41.9481,9.28606,1532958367,mixed,0.486288
friendster,16,dense,24,0.640634,1.96879,73.1621,10.6292,339923386,mixed,0.540835
friendster,16,dense,25,8.2,1.83743,66.7255,200.89,75598771207973,mixed,3.94934
friendster,16,dense,26,1.14652,2.06239,40.4531,26.4072,7349195504,mixed,0.755652
friendster,16,dense,27,0.188475,2.09773,45.0194,1.70883,2314221307,mixed,0.131163
friendster,16,dense,28,3.48461,2.31287,35.2429,75.9945,8,mixed,1.7362
friendster,16,dense,29,0.275632,2.14294,35.086,6.08631,57713352,mixed,0.182721
friendster,16,dense,30,0.673151,2.02256,37.8544,13.2733,581813956,mixed,0.395631
friendster,16,dense,31,2.89276,1.99406,46.1775,78.2106,112142422,mixed,1.60531
friendster,16,dense,32,0.253414,1.92292,21.1774,1.94657,14023127536,mixed,0.0620619
friendster,16,dense,33,0.587377,1.83395,25.1598,7.84376,16859898368905,mixed,0.35535
friendster,16,dense,34,0.466694,2.05789,46.8993,8.41934,624,mixed,0.22059
friendster,16,dense,35,0.290983,1.92086,28.3017,4.08484,778204305023,mixed,0.11015
friendster,16,dense,36,0.185426,2.04782,23.8438,1.79652,107394448,mixed,0.0767916
friendster,16,dense,37,0.878925,2.05071,27.7176,15.1504,725605749,mixed,0.562942
friendster,16,dense,38,0.442495,2.06411,55.7188,5.8559,11182074,mixed,0.350247
friendster,16,dense,39,1.20258,2.01291,30.2913,30.8178,18369000,mixed,0.673297
friendster,16,dense,40,27.6583,2.03255,42.9612,758.639,344766,mixed,16.0602
friendster,16,dense,41,0.459261,2.34851,23.2045,8.33301,3,mixed,0.376051
friendster,16,dense,42,0.730859,2.3395,50.3642,16.7173,796,mixed,0.264627
friendster,16,dense,43,0.2835,1.91505,37.8192,2.93188,2722107871093,mixed,0.0568751
friendster,16,dense,44,0.155186,1.93975,36.0498,1.37786,1914963420,mixed,0.0939876
friendster,16,dense,45,0.388622,1.88034,25.4333,6.98551,2710804,mixed,0.163926
friendster,16,dense,46,0.286574,2.09835,22.8263,4.86203,1,mixed,0.2058
friendster,16,dense,47,0.221263,2.17894,31.2262,4.25737,4,mixed,0.158885
friendster,16,dense,48,0.167467,1.87884,21.6605,1.58834,837837597661,mixed,0.104299
friendster,16,dense,49,0.147159,2.03259,21.4316,1.59651,4423829466,mixed,0.0697662
friendster,16,dense,50,5.70501,2.03186,42.586,162.802,27491272,mixed,2.1586
friendster,16,dense,51,0.341728,2.03457,24.018,4.98599,75724277808,mixed,0.161397
friendster,16,dense,52,0.279354,2.17986,22.0056,4.42348,25212,mixed,0.172779
friendster,16,dense,53,6.02512,1.93596,55.984,170.292,7367061318,mixed,3.07945
friendster,16,dense,54,0.11344,2.01419,39.1595,0.997495,23104476,mixed,0.074671
friendster,16,dense,55,0.409558,2.01345,37.2497,6.97017,1590,mixed,0.24907
friendster,16,dense,56,1.13572,1.99577,24.7008,26.6387,274617600018,mixed,0.535455
friendster,16,dense,57,0.428127,1.9498,33.4582,5.1354,3527276834206,mixed,0.321376
friendster,16,dense,58,143.206,1.99412,111.61,4359.19,9194445,mixed,114.206
friendster,16,dense,59,3.33376,1.92418,107.154,93.0243,496407384257,mixed,1.32909
friendster,16,dense,60,0.640619,1.84763,29.0581,13.5023,186598324771,mixed,0.420971
friendster,16,dense,61,1.48233,2.21726,46.7701,33.281,37800,mixed,1.09519
friendster,16,dense,62,0.153439,2.19598,29.274,1.29443,2,mixed,0.0773271
friendster,16,dense,63,0.474038,1.9615,21.9539,10.2133,418734608982,mixed,0.385979
friendster,16,dense,64,0.274101,1.99399,33.7179,5.65961,2966664,mixed,0.229025
friendster,16,dense,65,0.446297,1.98615,33.0331,5.90586,17612,mixed,0.151907
friendster,16,dense,66,1.11078,1.91606,30.5644,29.1526,26725155560,mixed,0.781458
friendster,16,dense,67,0.548109,1.99773,37.084,5.93392,567336360522,mixed,0.197008
friendster,16,dense,68,0.213928,2.00711,35.14,3.28253,404830500,mixed,0.135664
friendster,16,dense,69,0.353425,2.31699,37.0154,5.66266,2,mixed,0.191207
friendster,16,dense,70,0.115755,2.27026,40.9108,1.31112,6,mixed,0.0539956
friendster,16,dense,71,0.511933,1.91983,32.0871,8.75667,298298159354,mixed,0.345936
friendster,16,dense,72,1.36279,2.09792,41.3844,32.0023,65438,mixed,0.691834
friendster,16,dense,73,0.888153,2.29446,34.3935,19.7313,588,mixed,0.627501
friendster,16,dense,74,0.470503,1.89728,54.7147,6.27425,157193821225820,mixed,0.205814
friendster,16,dense,75,0.288829,2.03588,34.0624,5.27773,420,mixed,0.204626
friendster,16,dense,76,0.18173,1.98413,20.5923,1.62695,16727452833261,mixed,0.110664
friendster,16,dense,77,0.460575,1.98819,41.844,10.6361,39164544,mixed,0.299226
friendster,16,dense,78,0.561713,2.14139,35.0047,9.40084,67195518720,mixed,0.446988
friendster,16,dense,79,0.284213,2.19773,21.135,6.4209,25844,mixed,0.240814
friendster,16,dense,80,7.72795,2.12497,47.173,216.704,6221602569,mixed,5.17204
friendster,16,dense,81,0.976888,2.06317,40.2406,24.6901,344,mixed,0.320453
friendster,16,dense,82,0.16208,2.02727,21.6189,1.20337,5045550,mixed,0.0825305
friendster,16,dense,83,0.6606,1.94022,25.8511,16.0999,311821296,mixed,0.340571
friendster,16,dense,84,0.228966,2.07323,40.0623,3.63891,1238334061,mixed,0.168555
friendster,16,dense,85,0.142768,2.19236,17.2353,1.48373,40272,mixed,0.0684271
friendster,16,dense,86,0.840477,1.79701,41.0794,20.2304,50328219125232,mixed,0.445127
friendster,16,dense,87,1.03729,1.91806,48.8122,23.9124,13525408653062,mixed,0.690381
friendster,16,dense,88,1.16738,1.98861,26.8428,27.7049,1735347000596,mixed,0.800864
friendster,16,dense,89,1.41478,1.94278,64.0083,39.6861,14387331345,mixed,0.780298
friendster,16,dense,90,0.183984,1.96067,31.9864,1.80233,3326768,mixed,0.0114264
friendster,16,dense,91,0.144283,2.01192,27.2062,1.2754,17587354,mixed,0.0773506
friendster,16,dense,92,0.621625,1.92703,24.2856,11.146,3519477462358,mixed,0.563412
friendster,16,dense,93,0.308914,2.15921,32.497,5.5398,14204,mixed,0.114338
friendster,16,dense,94,0.274426,2.2408,30.2856,5.53184,2,mixed,0.0634972
friendster,16,dense,95,0.158324,1.98483,18.3142,1.45529,1672780471130,mixed,0.0636987
friendster,16,dense,96,1.30889,1.94769,23.5959,35.0584,768302010,mixed,0.679315
friendster,16,dense,97,0.129058,2.01104,28.6107,1.19417,72,mixed,0.0825094
friendster,16,dense,98,0.371245,1.95956,26.2831,5.48223,21389370705,mixed,0.226292
friendster,16,dense,99,0.932714,2.3042,30.3377,22.6208,1,mixed,0.704956
friendster,16,dense,100,0.130044,2.13132,29.3557,1.11941,1740,mixed,0.0794949
friendster,16,sparse,1,0.459525,1.9318,31.9342,8.44649,278311690750,mixed,0.212024
friendster,16,sparse,2,20.5106,1.89712,49.5195,628.162,69851135891,mixed,6.23098
friendster,16,sparse,3,1.96119,1.87815,56.3539,48.7296,2598835116477,mixed,1.41253
friendster,16,sparse,4,0.51455,1.86181,32.9928,7.44782,1839931183450,mixed,0.400806
friendster,16,sparse,5,0.666428,1.87209,45.2425,9.5176,3227970888999,mixed,0.304604
friendster,16,sparse,6,1.63182,2.13461,36.7197,32.7925,36,mixed,0.649738
friendster,16,sparse,7,0.757884,1.83157,26.6102,14.6542,230625841719,mixed,0.45696
friendster,16,sparse,8,1.04289,1.89264,30.6894,21.6,10773498300124,mixed,0.815747
friendster,16,sparse,9,1.53845,1.90768,43.7292,39.4789,229877681155,mixed,0.693744
friendster,16,sparse,10,0.681052,1.90271,47.2509,8.89204,313582288050,mixed,0.539947
friendster,16,sparse,11,0.96822,1.95154,98.3713,22.4993,140046288223,mixed,0.588337
friendster,16,sparse,12,0.284879,1.80403,30.7352,3.32263,353016744070131,mixed,0.17259
friendster,16,sparse,13,6.14397,1.96993,93.2264,166.371,3239025608063,mixed,2.18957
friendster,16,sparse,14,3.34814,1.84265,67.4978,94.8832,63409357744,mixed,1.91301
friendster,16,sparse,15,0.248697,1.85329,27.2951,2.35969,16262648306175,mixed,0.129568
friendster,16,sparse,16,0.615496,1.89172,35.9049,8.66042,3878562701566,mixed,0.293753
friendster,16,sparse,17,0.169079,1.97558,30.8614,1.93451,272294971086,mixed,0.100582
friendster,16,sparse,18,0.373325,1.97691,33.5413,7.62403,35683288330,mixed,0.218127
friendster,16,sparse,19,0.26361,1.92042,17.8394,4.61078,1915781986027,mixed,0.161559
friendster,16,sparse,20,0.326369,2.02042,28.0606,6.71001,767233272,mixed,0.203238
friendster,16,sparse,21,6.22357,1.93251,41.0912,184.823,2083707183,mixed,5.3421
friendster,16,sparse,22,0.20081,1.87576,29.4461,2.23162,134224289928,mixed,0.119678
friendster,16,sparse,23,1.13373,1.87984,40.5836,22.9626,10203571031,mixed,0.867174
friendster,16,sparse,24,2.07045,1.95735,48.891,59.0223,952170499886,mixed,1.28193
friendster,16,sparse,25,0.944652,1.88264,42.8817,22.7916,1587332372,mixed,0.574501
friendster,16,sparse,26,0.146166,1.93123,54.4498,1.89702,328119598,mixed,0.0820237
friendster,16,sparse,27,0.335013,1.79354,20.7768,5.39633,118028694357166,mixed,0.210927
friendster,16,sparse,28,1.47835,1.91233,38.4947,41.0574,2576766527,mixed,0.708698
friendster,16,sparse,29,1.70732,1.98809,40.1242,36.8379,256123438849,mixed,1.00724
friendster,16,sparse,30,0.384138,1.9619,39.5731,8.0644,1233479831302,mixed,0.227865
friendster,16,sparse,31,0.406673,1.86633,27.1485,6.00315,15220550596,mixed,0.0603647
friendster,16,sparse,32,1.64412,1.9524,25.5169,35.7653,1087396,mixed,1.25456
friendster,16,sparse,33,2.4866,1.78216,46.0924,69.2149,12519394379898,mixed,1.8293
friendster,16,sparse,34,1.18573,2.02381,32.4483,31.083,105895336,mixed,0.786966
friendster,16,sparse,35,0.419527,1.89894,31.5983,7.70365,122030383486,mixed,0.0800388
friendster,16,sparse,36,0.475853,1.92862,30.4935,9.51642,638013559254,mixed,0.257244
friendster,16,sparse,37,0.503021,1.86818,39.9096,10.585,340456021559,mixed,0.22856
friendster,16,sparse,38,7.68869,1.9808,57.1227,212.841,37508969,mixed,3.28563
friendster,16,sparse,39,1.5256,2.05466,43.0638,30.4241,14959106,mixed,0.560887
friendster,16,sparse,40,0.300073,1.90718,39.208,6.59891,170047350,mixed,0.180958
friendster,16,sparse,41,0.434666,1.97614,41.2307,8.15606,3623934,mixed,0.180556
friendster,16,sparse,42,0.167272,1.96098,66.4272,2.01719,144241022510,mixed,0.065802
friendster,16,sparse,43,0.536343,1.85526,24.0843,10.9584,20403925813334,mixed,0.207452
friendster,16,sparse,44,0.489959,1.81886,40.704,9.63321,305130331820,mixed,0.243984
friendster,16,sparse,45,0.676249,2.03397,51.4829,12.052,218434852307,mixed,0.387189
friendster,16,sparse,46,10.1666,2.12982,37.4278,246.453,131,mixed,5.97087
friendster,16,sparse,47,1.71278,1.84325,36.8906,43.5476,10271766084,mixed,0.960529
friendster,16,sparse,48,1.55355,1.92896,47.1271,36.7823,903853284077,mixed,0.927066
friendster,16,sparse,49,1.15012,1.87058,59.3038,29.2637,1922756304922,mixed,0.804336
friendster,16,sparse,50,0.697345,1.78243,37.6656,15.4188,554487006828,mixed,0.485431
friendster,16,sparse,51,0.621959,1.91614,32.5566,10.9908,8398899334,mixed,0.269579
friendster,16,sparse,52,0.545873,1.9385,28.3328,8.42759,117296942979,mixed,0.201545
friendster,16,sparse,53,0.202072,1.86654,40.468,2.17992,108175663845,mixed,0.133696
friendster,16,sparse,54,0.525726,1.81825,20.3201,11.9465,10111623379454,mixed,0.378917
friendster,16,sparse,55,1.0242,1.89581,63.1074,18.533,2122363929623,mixed,0.852085
friendster,16,sparse,56,0.386771,1.92486,32.429,7.89489,1528950599689,mixed,0.197638
friendster,16,sparse,57,54.8146,1.99985,76.2142,1507.63,20751716377,mixed,38.2492
friendster,16,sparse,58,0.239969,1.9342,25.4714,2.3608,7524396043047,mixed,0.129295
friendster,16,sparse,59,1.38799,1.97884,95.993,31.6831,17749169554,mixed,1.00636
friendster,16,sparse,60,0.962076,1.91789,26.5141,18.4231,578179982,mixed,0.790725
friendster,16,sparse,61,0.306555,1.88243,48.4257,5.62494,6515225359,mixed,0.188954
friendster,16,sparse,62,1.4278,1.82544,31.8919,38.6241,64473875053,mixed,0.883273
friendster,16,sparse,63,0.742197,1.98707,24.146,17.5324,2633010188,mixed,0.578555
friendster,16,sparse,64,0.465061,2.03795,36.29,8.91871,1,mixed,0.384806
friendster,16,sparse,65,0.495277,1.89824,27.444,10.0649,184265172,mixed,0.371675
friendster,16,sparse,66,0.82454,1.97982,48.1325,16.8619,29252022172,mixed,0.274689
friendster,16,sparse,67,2.93692,1.96056,89.5397,85.0668,459546858317,mixed,1.3312
friendster,16,sparse,68,0.736588,1.91944,57.2758,12.8952,904363570900,mixed,0.227837
friendster,16,sparse,69,0.457948,1.95935,38.4318,6.26822,287800208562,mixed,0.340945
friendster,16,sparse,70,1.00348,2.07303,22.4692,26.2414,31981205964,mixed,0.378792
friendster,16,sparse,71,0.349566,1.90992,66.7383,4.25933,772349724833,mixed,0.166557
friendster,16,sparse,72,1.03696,1.81191,41.7813,19.3002,45913786810,mixed,0.800795
friendster,16,sparse,73,0.460668,1.83624,34.4595,6.01739,840297420763,mixed,0.236876
friendster,16,sparse,74,0.311196,2.03976,20.0037,6.01721,1573696657,mixed,0.226117
friendster,16,sparse,75,0.730242,1.98688,36.6101,13.3228,24910167,mixed,0.551668
friendster,16,sparse,76,0.359013,1.74545,26.4575,6.84399,78593241126511,mixed,0.207557
friendster,16,sparse,77,2.23373,1.91375,67.9948,59.9962,7334826708751,mixed,1.63095
friendster,16,sparse,78,0.445459,1.76202,20.3255,8.01591,84205734772735,mixed,0.207497
friendster,16,sparse,79,0.364795,1.74465,21.6326,3.51278,1702770906654165,mixed,0.160214
friendster,16,sparse,80,2.14276,1.90307,46.6882,56.5454,5908429343,mixed,1.25411
friendster,16,sparse,81,0.819042,1.85268,40.1503,11.7268,321822838488,mixed,0.652441
friendster,16,sparse,82,3.00005,1.87003,98.7077,85.2756,2773052751610,mixed,1.53477
friendster,16,sparse,83,11.1771,1.76223,51.1406,344.75,37812069973,mixed,10.0416
friendster,16,sparse,84,0.301706,1.8021,27.3621,2.68779,9299528232168,mixed,0.101437
friendster,16,sparse,85,0.290966,2.1968,39.6817,6.01677,2,mixed,0.0718996
friendster,16,sparse,86,0.152016,2.04183,20.8026,2.10177,4361078,mixed,0.0980314
friendster,16,sparse,87,0.198623,1.91818,31.8687,1.79559,46153203870,mixed,0.0756472
friendster,16,sparse,88,0.452655,2.02181,38.9404,6.75531,1647697148,mixed,0.197526
friendster,16,sparse,89,0.36103,1.933,26.3611,5.75896,162926539346,mixed,0.161075
friendster,16,sparse,90,0.879613,1.86018,41.8299,20.6721,12312384900,mixed,0.700051
friendster,16,sparse,91,0.325393,1.91343,23.983,5.78596,7537056021,mixed,0.226583
friendster,16,sparse,92,0.963395,2.03306,27.5203,16.1285,282330858107,mixed,0.647416
friendster,16,sparse,93,0.393206,1.99476,31.2057,9.07315,13913292,mixed,0.327466
friendster,16,sparse,94,0.537587,1.93058,78.0576,7.54709,620145815153,mixed,0.250447
friendster,16,sparse,95,8.50613,1.93683,38.1492,208.726,75993728583,mixed,5.69012
friendster,16,sparse,96,3.06385,1.88855,66.7272,82.0901,547149957058,mixed,1.56348
friendster,16,sparse,97,18.0115,1.89151,52.1839,531.399,25186535203006,mixed,3.5387
friendster,16,sparse,98,17.124,1.90928,110.021,510.616,72452998214291,mixed,12.548
friendster,16,sparse,99,0.19362,1.85639,31.8702,2.25232,35560437286,mixed,0.126268
friendster,16,sparse,100,0.372047,1.96043,33.1939,6.79964,121271746710,mixed,0.223497
