dataset,query_size,query_mode,query_index,elapsed_execution_time,filter_time,plan_time,enumerate_time,n_embeddings,order,max_task_time
friendster,16,dense,1,8.09662,30.2686,37.1366,8.06964,170186,mixed,2.00822
friendster,16,dense,2,2.63744,28.1957,32.2163,2.59617,55483017,mixed,0.496353
friendster,16,dense,3,7.54761,27.7496,30.4608,7.50018,31753697049,mixed,1.28214
friendster,16,dense,4,27.3825,29.006,31.1977,27.3603,19128,mixed,3.14994
friendster,16,dense,5,26.1483,29.4633,37.1257,26.1279,2,mixed,5.14694
friendster,16,dense,6,5.0368,30.1789,37.1823,5.01493,38,mixed,0.678876
friendster,16,dense,7,0.424831,27.9143,34.0717,0.388759,20442164,mixed,0.0780409
friendster,16,dense,8,23.0087,28.3131,33.7604,22.979,4,mixed,9.36825
friendster,16,dense,9,3.23849,28.8047,43.3525,3.20363,1761003452,mixed,0.766839
friendster,16,dense,10,1.27531,28.8267,35.1475,1.24338,2,mixed,0.207601
friendster,16,dense,11,13.1096,30.1465,48.4136,13.0807,2336084,mixed,1.57176
friendster,16,dense,12,2.04203,29.5334,32.2464,2.01115,2286208,mixed,0.277628
friendster,16,dense,13,6.27567,30.2569,35.0368,6.25337,648,mixed,1.4217
friendster,16,dense,14,13.9153,30.0224,37.7951,13.8895,761377,mixed,5.27527
friendster,16,dense,15,0.56816,26.457,46.2456,0.518588,599506504486,mixed,0.105008
friendster,16,dense,16,6.49787,27.8058,27.6547,6.46474,44730899157,mixed,1.53345
friendster,16,dense,17,2.17974,27.0245,61.5224,2.14101,1677086479,mixed,0.456059
friendster,16,dense,18,9.98854,27.3969,49.9697,9.94767,94872141,mixed,2.44967
friendster,16,dense,19,19.9168,25.6578,34.4675,19.8736,6563048273520,mixed,4.05234
friendster,16,dense,20,1.8914,29.7538,29.6108,1.87126,175,mixed,0.407846
friendster,16,dense,21,2.51945,28.2602,26.9514,2.48619,15462799,mixed,0.434908
friendster,16,dense,22,3.04535,27.9522,25.2409,3.01276,71231703858,mixed,0.623349
friendster,16,dense,23,2.66554,28.4734,41.1577,2.63005,1532958367,mixed,0.37964
friendster,16,dense,24,2.75733,27.8318,79.6881,2.72246,339923386,mixed,0.523713
friendster,16,dense,25,117.893,25.5376,74.2785,117.849,75598771207973,mixed,93.2018
friendster,16,dense,26,11.8279,29.2754,42.1303,11.8026,7349195504,mixed,1.48653
friendster,16,dense,27,0.565305,27.4997,43.7959,0.528714,2314221307,mixed,0.199551
friendster,16,dense,28,47.6218,32.4381,36.1945,47.6068,8,mixed,15.0329
friendster,16,dense,29,2.82501,29.6446,36.5838,2.80352,57713352,mixed,0.907456
friendster,16,dense,30,5.12634,28.361,37.6149,5.09841,581813956,mixed,1.10367
friendster,16,dense,31,40.9,27.7582,44.6135,40.8675,112142422,mixed,8.98146
friendster,16,dense,32,0.397422,26.7563,20.4347,0.368406,14023127536,mixed,0.0790245
friendster,16,dense,33,1.91119,25.6361,24.5689,1.87272,16859898368905,mixed,0.295125
friendster,16,dense,34,3.83915,29.1093,46.5339,3.80828,624,mixed,0.597815
friendster,16,dense,35,1.82163,26.7479,28.0104,1.7784,778204305023,mixed,1.15318
friendster,16,dense,36,0.460629,27.7971,24.8824,0.420688,107394448,mixed,0.0886284
friendster,16,dense,37,4.95231,27.7365,29.2364,4.91677,725605749,mixed,0.57544
friendster,16,dense,38,1.5408,28.082,59.8568,1.50975,11182074,mixed,0.257914
friendster,16,dense,39,12.6996,27.5339,29.9043,12.6628,18369000,mixed,5.71008
friendster,16,dense,40,315.929,29.2553,42.0876,315.904,344766,mixed,134.355
friendster,16,dense,41,4.91393,31.6565,22.6512,4.89538,3,mixed,1.4236
friendster,16,dense,42,7.82399,33.3079,49.1107,7.81459,796,mixed,1.63626
friendster,16,dense,43,0.737346,25.7793,37.1973,0.689196,2722107871093,mixed,0.169007
friendster,16,dense,44,0.43832,26.5389,35.496,0.40086,1914963420,mixed,0.0843397
friendster,16,dense,45,2.70627,26.2391,24.1417,2.66551,2710804,mixed,0.571191
friendster,16,dense,46,1.91305,29.3867,21.7581,1.8875,1,mixed,0.25252
friendster,16,dense,47,1.63612,30.8076,30.2541,1.61781,4,mixed,0.230164
friendster,16,dense,48,0.518703,26.1623,21.7066,0.471935,837837597661,mixed,0.0870674
friendster,16,dense,49,0.553012,27.631,19.4737,0.514417,4423829466,mixed,0.116808
friendster,16,dense,50,72.3262,28.0279,40.2312,72.2931,27491272,mixed,15.9661
friendster,16,dense,51,1.79155,28.0323,24.0295,1.76639,75724277808,mixed,0.69727
friendster,16,dense,52,1.86011,28.9111,22.2957,1.82939,25212,mixed,0.275333
friendster,16,dense,53,94.088,26.4754,56.0212,94.052,7367061318,mixed,27.6246
friendster,16,dense,54,0.376294,27.9024,39.3454,0.345054,23104476,mixed,0.0778511
friendster,16,dense,55,2.6827,28.4523,37.0096,2.65205,1590,mixed,0.319344
friendster,16,dense,56,13.4104,27.6625,26.2298,13.3726,274617600018,mixed,3.91592
friendster,16,dense,57,1.90605,27.0514,35.2471,1.87961,3527276834206,mixed,0.26006
friendster,16,dense,58,2143.12,28.4396,112.175,2143.08,9194445,mixed,351.403
friendster,16,dense,59,41.7938,26.4916,105.878,41.7533,496407384257,mixed,25.9775
friendster,16,dense,60,3.75482,26.0141,31.0519,3.71819,186598324771,mixed,0.507814
friendster,16,dense,61,12.649,29.4101,45.6616,12.628,37800,mixed,1.48174
friendster,16,dense,62,0.362349,30.281,28.5759,0.341834,2,mixed,0.0732106
friendster,16,dense,63,4.19589,26.6643,22.8176,4.16498,418734608982,mixed,0.499984
friendster,16,dense,64,2.59982,27.6812,33.1387,2.5663,2966664,mixed,0.31165
friendster,16,dense,65,2.35537,28.2644,32.6404,2.33276,17612,mixed,0.589267
friendster,16,dense,66,10.7533,27.2384,32.3728,10.7111,26725155560,mixed,2.4843
friendster,16,dense,67,2.4941,27.3347,36.5862,2.45824,567336360522,mixed,0.779764
friendster,16,dense,68,1.25073,28.1578,37.3181,1.21654,404830500,mixed,0.161217
friendster,16,dense,69,2.43514,31.0684,38.4661,2.41905,2,mixed,0.559798
friendster,16,dense,70,0.349752,31.12,39.6138,0.334342,6,mixed,0.067572
friendster,16,dense,71,3.00405,26.6397,34.0171,2.96277,298298159354,mixed,0.433792
friendster,16,dense,72,18.4094,29.093,43.4644,18.3827,65438,mixed,16.2104
friendster,16,dense,73,8.29634,30.5062,33.8739,8.27479,588,mixed,1.83862
friendster,16,dense,74,3.11886,26.0948,60.3817,3.07588,157193821225820,mixed,1.84241
friendster,16,dense,75,2.19774,28.8501,33.8071,2.16721,420,mixed,0.430564
friendster,16,dense,76,0.533174,26.9791,22.0688,0.48803,16727452833261,mixed,0.121279
friendster,16,dense,77,3.21823,27.3784,41.4549,3.18109,39164544,mixed,0.440024
friendster,16,dense,78,2.98747,28.1889,34.8518,2.96112,67195518720,mixed,0.442758
friendster,16,dense,79,3.11755,30.3115,22.0292,3.09723,25844,mixed,0.679737
friendster,16,dense,80,113.117,28.2102,45.5743,113.084,6221602569,mixed,23.1401
friendster,16,dense,81,11.9303,28.3712,39.9951,11.9015,344,mixed,1.59683
friendster,16,dense,82,0.382927,27.9524,21.7623,0.348405,5045550,mixed,0.078203
friendster,16,dense,83,6.18895,27.8417,26.7023,6.15979,311821296,mixed,1.1234
friendster,16,dense,84,1.44153,28.8049,39.8445,1.41878,1238334061,mixed,0.289007
friendster,16,dense,85,0.429697,29.2064,17.6462,0.40574,40272,mixed,0.0756011
friendster,16,dense,86,10.3298,24.2424,40.5618,10.2812,50328219125232,mixed,6.50189
friendster,16,dense,87,11.7882,26.0437,53.3141,11.748,13525408653062,mixed,11.0933
friendster,16,dense,88,10.9963,26.3116,29.0074,10.9542,1735347000596,mixed,1.91091
friendster,16,dense,89,16.8365,26.8736,64.3052,16.802,14387331345,mixed,2.25284
friendster,16,dense,90,0.436689,28.2,30.9357,0.407815,3326768,mixed,0.0819149
friendster,16,dense,91,0.383743,28.0031,28.7358,0.35226,17587354,mixed,0.074736
friendster,16,dense,92,2.48436,25.6789,25.966,2.43977,3519477462358,mixed,0.401758
friendster,16,dense,93,2.64535,29.2476,33.5649,2.62403,14204,mixed,0.600081
friendster,16,dense,94,2.42037,31.2949,29.9532,2.40159,2,mixed,0.456271
friendster,16,dense,95,0.372995,27.1818,18.0518,0.333359,1672780471130,mixed,0.0726769
friendster,16,dense,96,14.0911,27.047,25.2328,14.0529,768302010,mixed,1.93255
friendster,16,dense,97,0.394059,28.3219,28.1415,0.365257,72,mixed,0.0822253
friendster,16,dense,98,2.36813,26.6516,24.8219,2.32531,21389370705,mixed,0.370727
friendster,16,dense,99,8.79838,31.7932,31.4146,8.7845,1,mixed,1.18676
friendster,16,dense,100,0.342281,29.6579,30.5403,0.317128,1740,mixed,0.0718848
friendster,16,sparse,1,4.41047,25.9614,34.1842,4.36585,278311690750,mixed,0.878683
friendster,16,sparse,2,345.679,26.2797,54.4599,345.638,69851135891,mixed,50.7076
friendster,16,sparse,3,20.5278,26.1441,56.0508,20.4829,2598835116477,mixed,3.3616
friendster,16,sparse,4,1.95234,25.8084,32.8618,1.90834,1839931183450,mixed,0.29187
friendster,16,sparse,5,4.2814,25.9472,45.2374,4.24207,3227970888999,mixed,1.42808
friendster,16,sparse,6,18.5831,29.4334,36.4005,18.5624,36,mixed,12.55
friendster,16,sparse,7,7.16671,25.6173,28.1563,7.12753,230625841719,mixed,1.19522
friendster,16,sparse,8,10.3022,26.5649,33.2688,10.2568,10773498300124,mixed,3.15926
friendster,16,sparse,9,15.1862,26.5554,43.4048,15.1501,229877681155,mixed,2.15597
friendster,16,sparse,10,1.86904,26.0176,47.381,1.82641,313582288050,mixed,0.351141
friendster,16,sparse,11,7.78127,26.3737,110.207,7.73656,140046288223,mixed,1.44984
friendster,16,sparse,12,1.16048,26.1339,33.6436,1.12278,353016744070131,mixed,0.250831
friendster,16,sparse,13,75.7654,26.4817,94.1416,75.728,3239025608063,mixed,40.8179
friendster,16,sparse,14,41.4549,26.4156,66.8329,41.4171,63409357744,mixed,5.5896
friendster,16,sparse,15,1.01811,25.6952,29.4484,0.976713,16262648306175,mixed,0.370839
friendster,16,sparse,16,4.49389,26.0139,39.3235,4.45349,3878562701566,mixed,1.70505
friendster,16,sparse,17,0.576534,25.7866,32.87,0.533739,272294971086,mixed,0.115406
friendster,16,sparse,18,3.41938,25.7734,33.1189,3.37449,35683288330,mixed,0.647848
friendster,16,sparse,19,2.0379,26.7938,18.463,1.99433,1915781986027,mixed,0.329123
friendster,16,sparse,20,2.9739,26.8546,27.7901,2.93817,767233272,mixed,0.371735
friendster,16,sparse,21,92.8524,26.8194,43.9332,92.81,2083707183,mixed,12.429
friendster,16,sparse,22,0.765851,26.6678,30.7481,0.725442,134224289928,mixed,0.315375
friendster,16,sparse,23,9.41213,26.8771,41.9319,9.37276,10203571031,mixed,1.33951
friendster,16,sparse,24,22.6308,26.09,50.1737,22.5865,952170499886,mixed,2.82413
friendster,16,sparse,25,8.3575,26.3835,40.2951,8.32438,1587332372,mixed,1.5169
friendster,16,sparse,26,0.519538,26.0072,51.2086,0.479963,328119598,mixed,0.106342
friendster,16,sparse,27,2.3174,24.9729,20.0371,2.27174,118028694357166,mixed,0.401441
friendster,16,sparse,28,14.776,27.1627,39.1199,14.7409,2576766527,mixed,1.86134
friendster,16,sparse,29,14.7402,26.0537,40.8724,14.6975,256123438849,mixed,3.02682
friendster,16,sparse,30,3.3078,26.2317,40.7546,3.26184,1233479831302,mixed,0.592869
friendster,16,sparse,31,2.36137,25.619,27.4337,2.32248,15220550596,mixed,0.386297
friendster,16,sparse,32,14.4291,27.4127,25.6295,14.4041,1087396,mixed,1.83162
friendster,16,sparse,33,28.2459,24.8965,43.1672,28.1992,12519394379898,mixed,5.26248
friendster,16,sparse,34,11.1968,27.0361,33.1739,11.1642,105895336,mixed,1.57416
friendster,16,sparse,35,2.72453,25.5329,29.738,2.6879,122030383486,mixed,0.37195
friendster,16,sparse,36,4.67075,26.1491,30.811,4.63057,638013559254,mixed,0.810861
friendster,16,sparse,37,5.42639,25.0162,37.8993,5.38695,340456021559,mixed,0.83002
friendster,16,sparse,38,120.28,27.5742,63.4902,120.247,37508969,mixed,89.0799
friendster,16,sparse,39,18.3307,28.1566,43.5887,18.3006,14959106,mixed,8.63139
friendster,16,sparse,40,2.82463,27.1408,38.9932,2.78843,170047350,mixed,0.349755
friendster,16,sparse,41,3.8217,26.9008,44.4558,3.78626,3623934,mixed,0.546761
friendster,16,sparse,42,0.664712,26.8566,73.2963,0.632569,144241022510,mixed,0.119448
friendster,16,sparse,43,5.80239,24.9106,23.7464,5.76243,20403925813334,mixed,0.830985
friendster,16,sparse,44,5.23328,26.0904,44.3921,5.19179,305130331820,mixed,0.857718
friendster,16,sparse,45,5.06108,28.1466,51.9282,5.02664,218434852307,mixed,1.68625
friendster,16,sparse,46,147.842,28.9163,36.9213,147.816,131,mixed,77.4235
friendster,16,sparse,47,15.6135,26.3973,39.73,15.575,10271766084,mixed,4.31858
friendster,16,sparse,48,17.7548,26.178,46.8126,17.7137,903853284077,mixed,4.89921
friendster,16,sparse,49,8.64002,25.9231,58.57,8.59778,1922756304922,mixed,2.68058
friendster,16,sparse,50,5.90521,25.1281,37.5511,5.86516,554487006828,mixed,1.80572
friendster,16,sparse,51,6.29788,26.6839,32.486,6.26073,8398899334,mixed,2.10028
friendster,16,sparse,52,3.68807,26.8175,27.9211,3.64927,117296942979,mixed,0.864166
friendster,16,sparse,53,0.70717,26.1561,43.4981,0.665287,108175663845,mixed,0.1503
friendster,16,sparse,54,6.30893,25.239,21.3276,6.26574,10111623379454,mixed,0.840715
friendster,16,sparse,55,6.86833,26.2874,69.4967,6.82657,2122363929623,mixed,0.899716
friendster,16,sparse,56,3.69962,26.3333,35.3169,3.65549,1528950599689,mixed,0.704961
friendster,16,sparse,57,887.642,26.7589,75.4522,887.605,20751716377,mixed,285.701
friendster,16,sparse,58,0.717835,25.9511,27.2668,0.671167,7524396043047,mixed,0.149821
friendster,16,sparse,59,16.4573,26.6904,95.997,16.4198,17749169554,mixed,2.28923
friendster,16,sparse,60,8.58026,26.8038,27.434,8.55094,578179982,mixed,4.1586
friendster,16,sparse,61,2.8167,26.3273,52.4131,2.77907,6515225359,mixed,0.758952
friendster,16,sparse,62,16.1119,25.7125,31.5784,16.0697,64473875053,mixed,2.14137
friendster,16,sparse,63,6.69863,27.1063,24.9595,6.66388,2633010188,mixed,0.857234
friendster,16,sparse,64,3.29374,28.2964,38.5116,3.26611,1,mixed,0.46375
friendster,16,sparse,65,5.10133,26.5071,27.3549,5.06859,184265172,mixed,0.692262
friendster,16,sparse,66,7.38497,26.9577,51.991,7.34567,29252022172,mixed,3.45957
friendster,16,sparse,67,40.423,26.8177,101.22,40.3822,459546858317,mixed,12.3941
friendster,16,sparse,68,6.05798,26.6308,63.0229,6.01687,904363570900,mixed,1.52466
friendster,16,sparse,69,2.37162,26.5457,41.3527,2.33548,287800208562,mixed,0.568749
friendster,16,sparse,70,11.2151,27.8632,23.7627,11.1782,31981205964,mixed,1.70275
friendster,16,sparse,71,1.38742,26.1331,74.5827,1.34905,772349724833,mixed,0.331522
friendster,16,sparse,72,6.79589,25.2144,43.2168,6.75671,45913786810,mixed,0.82702
friendster,16,sparse,73,2.85139,25.7331,32.6039,2.8102,840297420763,mixed,0.811797
friendster,16,sparse,74,2.66885,26.2642,19.0047,2.63241,1573696657,mixed,0.523016
friendster,16,sparse,75,3.57678,27.358,35.0085,3.54343,24910167,mixed,0.591855
friendster,16,sparse,76,3.22392,25.0639,25.1635,3.18574,78593241126511,mixed,0.704959
friendster,16,sparse,77,13.2448,26.5692,70.1495,13.2056,7334826708751,mixed,3.54113
friendster,16,sparse,78,3.79889,24.9384,18.5278,3.75231,84205734772735,mixed,0.854968
friendster,16,sparse,79,1.19358,24.6931,21.5931,1.1422,1702770906654165,mixed,0.709596
friendster,16,sparse,80,18.437,27.0672,47.4455,18.3995,5908429343,mixed,2.71922
friendster,16,sparse,81,2.73,26.048,40.9854,2.68773,321822838488,mixed,0.442251
friendster,16,sparse,82,41.1048,26.4678,103.217,41.0656,2773052751610,mixed,19.6348
friendster,16,sparse,83,153.999,25.2455,52.8499,153.957,37812069973,mixed,20.788
friendster,16,sparse,84,0.520928,25.6695,25.8978,0.475126,9299528232168,mixed,0.0955962
friendster,16,sparse,85,2.51923,30.088,38.38,2.4995,2,mixed,0.475749
friendster,16,sparse,86,0.716789,28.2465,20.8916,0.693066,4361078,mixed,0.0822577
friendster,16,sparse,87,0.446002,25.3814,32.409,0.405533,46153203870,mixed,0.0852796
friendster,16,sparse,88,3.611,27.7848,37.4669,3.57268,1647697148,mixed,2.084
friendster,16,sparse,89,2.83414,25.8572,26.3083,2.79696,162926539346,mixed,0.879337
friendster,16,sparse,90,8.27639,26.2586,42.4878,8.24062,12312384900,mixed,1.18784
friendster,16,sparse,91,2.53416,25.9787,23.8486,2.49455,7537056021,mixed,0.380499
friendster,16,sparse,92,6.32485,27.0893,29.5443,6.28299,282330858107,mixed,0.730311
friendster,16,sparse,93,4.312,28.2997,31.3453,4.28154,13913292,mixed,0.845189
friendster,16,sparse,94,3.34562,26.2311,85.2014,3.30248,620145815153,mixed,1.03303
friendster,16,sparse,95,125.218,26.305,38.0638,125.179,75993728583,mixed,17.459
friendster,16,sparse,96,39.9541,26.2507,74.5299,39.9136,547149957058,mixed,7.13827
friendster,16,sparse,97,305.584,26.5624,52.9681,305.546,25186535203006,mixed,224.411
friendster,16,sparse,98,273.525,25.6343,124.575,273.482,72452998214291,mixed,99.0113
friendster,16,sparse,99,0.547742,25.4956,34.1309,0.510919,35560437286,mixed,0.0991501
friendster,16,sparse,100,2.79892,26.2082,33.0214,2.76024,121271746710,mixed,0.613739
