dataset,query_size,query_mode,query_index,elapsed_execution_time,filter_time,plan_time,enumerate_time,n_embeddings,order,max_task_time
friendster,16,dense,1,0.821837,2.47712,37.5423,12.2951,170186,mixed,0.181063
friendster,16,dense,2,0.336017,2.32046,33.6752,4.07873,55483017,mixed,0.13164
friendster,16,dense,3,1.01996,2.26209,32.8927,13.9994,31753697049,mixed,0.924892
friendster,16,dense,4,2.3803,2.47939,32.0589,36.5228,19128,mixed,0.702171
friendster,16,dense,5,2.34142,2.4486,38.2905,32.6357,2,mixed,1.48204
friendster,16,dense,6,0.55059,2.4954,40.2343,7.11902,38,mixed,0.191811
friendster,16,dense,7,0.110379,2.26994,35.8668,0.729605,20442164,mixed,0.0643617
friendster,16,dense,8,2.17401,2.34643,35.1369,29.9105,4,mixed,1.39112
friendster,16,dense,9,0.417146,2.35392,45.5219,4.52804,1761003452,mixed,0.28573
friendster,16,dense,10,0.235069,2.37231,36.9822,2.00477,2,mixed,0.162933
friendster,16,dense,11,1.17837,2.49627,51.0759,17.8329,2336084,mixed,0.309759
friendster,16,dense,12,0.36678,2.38849,33.9681,3.70825,2286208,mixed,0.303516
friendster,16,dense,13,0.656028,2.51333,36.1603,8.89982,648,mixed,0.221168
friendster,16,dense,14,1.27079,2.50116,39.3196,18.9864,761377,mixed,0.408367
friendster,16,dense,15,0.204369,2.21985,48.3966,1.1458,599506504486,mixed,0.0693797
friendster,16,dense,16,0.678833,2.35008,29.1501,8.74129,44730899157,mixed,0.506839
friendster,16,dense,17,0.360686,2.31839,61.7025,3.62062,1677086479,mixed,0.237512
friendster,16,dense,18,1.11034,2.27902,50.1349,15.9212,94872141,mixed,0.839541
friendster,16,dense,19,1.99158,2.09516,34.8748,27.6975,6563048273520,mixed,1.62265
friendster,16,dense,20,0.290389,2.48327,29.7734,2.84622,175,mixed,0.149916
friendster,16,dense,21,0.289882,2.27034,27.1943,3.38734,15462799,mixed,0.219459
friendster,16,dense,22,0.353935,2.33057,25.3401,4.21703,71231703858,mixed,0.288983
friendster,16,dense,23,0.403451,2.34542,41.101,4.88273,1532958367,mixed,0.31223
friendster,16,dense,24,0.43956,2.26298,78.2843,4.98213,339923386,mixed,0.313279
friendster,16,dense,25,9.65541,2.13314,69.0587,134.818,75598771207973,mixed,6.57805
friendster,16,dense,26,0.994362,2.34303,41.6828,14.7539,7349195504,mixed,0.359415
friendster,16,dense,27,0.595518,2.29786,44.0797,6.01655,2314221307,mixed,0.153384
friendster,16,dense,28,3.90037,2.6482,35.436,58.1468,8,mixed,2.68996
friendster,16,dense,29,0.322297,2.45257,36.3141,3.83847,57713352,mixed,0.123736
friendster,16,dense,30,0.587758,2.33824,37.1624,7.44165,581813956,mixed,0.366537
friendster,16,dense,31,3.40209,2.3108,42.6329,52.651,112142422,mixed,1.98569
friendster,16,dense,32,0.382385,2.25023,20.7238,2.55398,14023127536,mixed,0.00701539
friendster,16,dense,33,0.385243,2.12665,23.4769,4.65934,16859898368905,mixed,0.275093
friendster,16,dense,34,0.409905,2.37374,46.1742,5.27371,624,mixed,0.199028
friendster,16,dense,35,0.335268,2.22009,27.7172,2.8593,778204305023,mixed,0.175707
friendster,16,dense,36,0.150735,2.33484,25.2508,0.811458,107394448,mixed,0.0924616
friendster,16,dense,37,0.65388,2.34226,27.9535,7.86687,725605749,mixed,0.49047
friendster,16,dense,38,0.277523,2.35701,56.627,2.50437,11182074,mixed,0.218585
friendster,16,dense,39,1.12789,2.30393,29.7971,15.874,18369000,mixed,0.731136
friendster,16,dense,40,29.7092,2.39622,39.9076,454.991,344766,mixed,15.8855
friendster,16,dense,41,0.558286,2.67242,22.3408,6.46557,3,mixed,0.311599
friendster,16,dense,42,0.797389,2.7387,49.813,10.1754,796,mixed,0.527058
friendster,16,dense,43,0.212545,2.1873,37.2987,1.4263,2722107871093,mixed,0.147874
friendster,16,dense,44,0.162532,2.28111,34.2113,0.788047,1914963420,mixed,0.0368286
friendster,16,dense,45,0.355866,2.15964,25.0124,3.78055,2710804,mixed,0.175723
friendster,16,dense,46,0.25288,2.40379,22.508,2.7467,1,mixed,0.215454
friendster,16,dense,47,0.336708,2.58968,31.0806,2.76644,4,mixed,0.0236452
friendster,16,dense,48,0.143864,2.23821,22.0188,0.882384,837837597661,mixed,0.0893492
friendster,16,dense,49,0.172522,2.26698,20.0609,0.965954,4423829466,mixed,0.0942196
friendster,16,dense,50,5.97821,2.30166,41.589,91.6473,27491272,mixed,2.24147
friendster,16,dense,51,0.327782,2.27004,24.7724,2.63539,75724277808,mixed,0.232314
friendster,16,dense,52,0.288627,2.41829,22.9514,2.53992,25212,mixed,0.224156
friendster,16,dense,53,7.40254,2.18116,54.7309,113.902,7367061318,mixed,2.26222
friendster,16,dense,54,0.16273,2.31648,38.7449,0.785765,23104476,mixed,0.0382832
friendster,16,dense,55,0.337022,2.28828,36.483,3.76355,1590,mixed,0.291363
friendster,16,dense,56,1.25842,2.28696,26.1644,17.7408,274617600018,mixed,0.556828
friendster,16,dense,57,0.319866,2.30832,33.7327,2.97019,3527276834206,mixed,0.193105
friendster,16,dense,58,161.914,2.32233,101.209,2566.67,9194445,mixed,33.2204
friendster,16,dense,59,3.9366,2.27358,96.6112,57.9463,496407384257,mixed,1.90645
friendster,16,dense,60,0.508347,2.11519,29.6063,6.20488,186598324771,mixed,0.372912
friendster,16,dense,61,1.02537,2.48698,45.951,15.5412,37800,mixed,0.373938
friendster,16,dense,62,0.163371,2.51285,28.6063,0.767659,2,mixed,0.00430327
friendster,16,dense,63,0.473137,2.28835,22.793,6.43935,418734608982,mixed,0.37574
friendster,16,dense,64,0.306885,2.24014,33.1386,3.51495,2966664,mixed,0.165335
friendster,16,dense,65,0.29645,2.32603,32.4899,3.2561,17612,mixed,0.174166
friendster,16,dense,66,1.10289,2.20787,32.4918,16.3938,26725155560,mixed,0.26863
friendster,16,dense,67,0.465804,2.25617,36.466,3.91571,567336360522,mixed,0.250441
friendster,16,dense,68,0.191133,2.31466,37.4709,1.82726,404830500,mixed,0.144186
friendster,16,dense,69,0.327776,2.57932,39.0542,3.46138,2,mixed,0.143176
friendster,16,dense,70,0.101399,2.60714,40.4311,0.629482,6,mixed,0.0579598
friendster,16,dense,71,0.435083,2.14667,33.67,4.47108,298298159354,mixed,0.292858
friendster,16,dense,72,1.56568,2.4139,43.3114,22.5125,65438,mixed,1.05219
friendster,16,dense,73,0.845243,2.60153,33.6115,9.98777,588,mixed,0.621146
friendster,16,dense,74,0.453236,2.1539,59.5739,4.15003,157193821225820,mixed,0.190463
friendster,16,dense,75,0.29147,2.37044,33.6606,2.82932,420,mixed,0.215435
friendster,16,dense,76,0.215854,2.21135,21.7145,0.989246,16727452833261,mixed,0.052454
friendster,16,dense,77,0.602534,2.26698,41.1796,8.78298,39164544,mixed,0.396619
friendster,16,dense,78,0.36934,2.38278,34.601,4.48237,67195518720,mixed,0.271156
friendster,16,dense,79,0.340824,2.54938,21.7439,3.98083,25844,mixed,0.275699
friendster,16,dense,80,9.25523,2.34959,45.8928,142.308,6221602569,mixed,5.87412
friendster,16,dense,81,1.00048,2.3527,39.7566,14.8923,344,mixed,0.275246
friendster,16,dense,82,0.139047,2.3804,21.694,0.664503,5045550,mixed,0.0640719
friendster,16,dense,83,0.594978,2.28459,27.4407,8.40713,311821296,mixed,0.119219
friendster,16,dense,84,0.213053,2.39372,39.4876,2.00796,1238334061,mixed,0.0295891
friendster,16,dense,85,0.133569,2.42615,17.8233,0.755586,40272,mixed,0.0484563
friendster,16,dense,86,1.01676,2.07551,40.3483,14.2037,50328219125232,mixed,0.652528
friendster,16,dense,87,1.1839,2.16167,52.0979,15.384,13525408653062,mixed,0.457648
friendster,16,dense,88,1.22138,2.2563,27.3182,17.5047,1735347000596,mixed,1.13969
friendster,16,dense,89,1.41531,2.1998,59.323,21.2,14387331345,mixed,1.15528
friendster,16,dense,90,0.133268,2.28086,31.4977,0.777336,3326768,mixed,0.0520606
friendster,16,dense,91,0.136698,2.3737,27.6308,0.69244,17587354,mixed,0.0620845
friendster,16,dense,92,0.39777,2.19836,24.5531,5.30709,3519477462358,mixed,0.267162
friendster,16,dense,93,0.334985,2.34332,33.5175,3.6864,14204,mixed,0.18233
friendster,16,dense,94,0.279959,2.62538,29.9201,3.22328,2,mixed,0.0374178
friendster,16,dense,95,0.145285,2.26497,18.1493,0.684911,1672780471130,mixed,0.0352221
friendster,16,dense,96,1.24406,2.2912,24.0279,18.6013,768302010,mixed,0.670255
friendster,16,dense,97,0.152921,2.27014,27.0625,0.73709,72,mixed,0.0412045
friendster,16,dense,98,0.337702,2.21115,25.7316,3.23171,21389370705,mixed,0.233313
friendster,16,dense,99,0.801814,2.64725,31.3845,11.2353,1,mixed,0.157609
friendster,16,dense,100,0.104987,2.49183,30.6386,0.589892,1740,mixed,0.0610768
friendster,16,sparse,1,0.470649,2.13573,33.9979,5.619,278311690750,mixed,0.297346
friendster,16,sparse,2,26.5306,2.15749,53.3669,420.672,69851135891,mixed,5.57085
friendster,16,sparse,3,1.92707,2.20403,55.3896,24.9596,2598835116477,mixed,0.88349
friendster,16,sparse,4,0.938366,2.19166,32.5192,9.38433,1839931183450,mixed,0.305902
friendster,16,sparse,5,0.533456,2.15825,42.8219,5.86633,3227970888999,mixed,0.303374
friendster,16,sparse,6,1.66368,2.51753,35.0714,20.2851,36,mixed,0.604369
friendster,16,sparse,7,0.707799,2.16424,28.0006,9.13687,230625841719,mixed,0.322186
friendster,16,sparse,8,1.05054,2.1742,33.6444,13.9713,10773498300124,mixed,0.640401
friendster,16,sparse,9,1.40282,2.22517,42.9412,19.9892,229877681155,mixed,0.401864
friendster,16,sparse,10,0.316997,2.23443,44.3447,2.77991,313582288050,mixed,0.236305
friendster,16,sparse,11,0.935024,2.21396,105.878,12.0138,140046288223,mixed,0.70041
friendster,16,sparse,12,0.257355,2.10121,33.2345,1.98123,353016744070131,mixed,0.181838
friendster,16,sparse,13,7.18378,2.13623,91.8638,98.7456,3239025608063,mixed,4.1674
friendster,16,sparse,14,3.5388,2.21444,66.4094,54.0433,63409357744,mixed,3.39762
friendster,16,sparse,15,0.200194,2.13268,29.1374,1.56042,16262648306175,mixed,0.123883
friendster,16,sparse,16,0.593029,2.12344,38.8005,6.30501,3878562701566,mixed,0.287655
friendster,16,sparse,17,0.164541,2.13896,32.6641,0.880449,272294971086,mixed,0.101546
friendster,16,sparse,18,0.357582,2.1529,32.8618,4.37779,35683288330,mixed,0.300063
friendster,16,sparse,19,0.275481,2.16808,18.9556,2.48508,1915781986027,mixed,0.0766956
friendster,16,sparse,20,0.335891,2.29406,26.371,3.992,767233272,mixed,0.240784
friendster,16,sparse,21,7.68701,2.19885,43.2825,120.633,2083707183,mixed,1.80126
friendster,16,sparse,22,0.187838,2.15982,30.8253,1.29181,134224289928,mixed,0.107137
friendster,16,sparse,23,0.965962,2.25319,43.2284,13.6252,10203571031,mixed,0.419103
friendster,16,sparse,24,2.20839,2.18686,51.8729,34.2653,952170499886,mixed,1.95117
friendster,16,sparse,25,0.910108,2.21281,41.5926,13.0142,1587332372,mixed,0.289665
friendster,16,sparse,26,0.171802,2.14014,53.3319,1.25061,328119598,mixed,0.033569
friendster,16,sparse,27,0.282418,2.06861,20.3852,3.15002,118028694357166,mixed,0.155756
friendster,16,sparse,28,1.36419,2.21464,40.8523,20.5644,2576766527,mixed,0.89575
friendster,16,sparse,29,2.04305,2.21687,41.1592,22.9692,256123438849,mixed,1.16263
friendster,16,sparse,30,0.369827,2.21835,42.2047,4.61384,1233479831302,mixed,0.262991
friendster,16,sparse,31,0.304154,2.20759,27.5905,3.27089,15220550596,mixed,0.25296
friendster,16,sparse,32,1.40838,2.26683,27.1388,20.7163,1087396,mixed,0.536915
friendster,16,sparse,33,2.67313,2.08259,45.2557,40.7711,12519394379898,mixed,1.02315
friendster,16,sparse,34,1.06799,2.35234,34.7099,15.7764,105895336,mixed,0.873262
friendster,16,sparse,35,0.310448,2.21309,31.1949,3.86588,122030383486,mixed,0.184704
friendster,16,sparse,36,0.493938,2.20237,32.035,6.04249,638013559254,mixed,0.332036
friendster,16,sparse,37,0.526941,2.12176,39.0184,7.2841,340456021559,mixed,0.325589
friendster,16,sparse,38,9.27642,2.27878,61.2477,144.075,37508969,mixed,6.20354
friendster,16,sparse,39,1.6597,2.31744,42.5021,20.7211,14959106,mixed,0.627236
friendster,16,sparse,40,0.329287,2.3017,38.9353,3.6122,170047350,mixed,0.0892304
friendster,16,sparse,41,0.412584,2.24839,43.7358,5.06276,3623934,mixed,0.278895
friendster,16,sparse,42,0.411646,2.19467,71.9379,2.25845,144241022510,mixed,0.0375369
friendster,16,sparse,43,0.577668,2.14688,22.4567,7.64201,20403925813334,mixed,0.429515
friendster,16,sparse,44,0.5137,2.11062,43.8078,6.4595,305130331820,mixed,0.21349
friendster,16,sparse,45,0.693517,2.35217,50.2878,7.17186,218434852307,mixed,0.256738
friendster,16,sparse,46,11.893,2.4067,36.3545,172.442,131,mixed,6.3698
friendster,16,sparse,47,1.33446,2.11737,38.6673,19.9021,10271766084,mixed,0.370808
friendster,16,sparse,48,1.63688,2.17161,45.9293,21.8179,903853284077,mixed,0.878427
friendster,16,sparse,49,1.15225,2.14403,57.8404,16.8016,1922756304922,mixed,0.711196
friendster,16,sparse,50,0.652112,2.08128,36.743,8.67849,554487006828,mixed,0.323786
friendster,16,sparse,51,0.68297,2.23121,32.3105,7.93362,8398899334,mixed,0.347236
friendster,16,sparse,52,0.427805,2.18535,27.833,5.07871,117296942979,mixed,0.139854
friendster,16,sparse,53,0.225352,2.11668,42.9734,1.25094,108175663845,mixed,0.137589
friendster,16,sparse,54,0.600412,2.07607,21.4598,8.20035,10111623379454,mixed,0.432375
friendster,16,sparse,55,0.779248,2.16195,67.5755,9.89957,2122363929623,mixed,0.615085
friendster,16,sparse,56,0.389266,2.19444,34.5615,4.75318,1528950599689,mixed,0.27793
friendster,16,sparse,57,68.3674,2.2826,68.8516,1058.75,20751716377,mixed,32.4507
friendster,16,sparse,58,0.21745,2.16915,25.5734,1.16429,7524396043047,mixed,0.0854207
friendster,16,sparse,59,1.5964,2.23792,91.0581,18.781,17749169554,mixed,0.384412
friendster,16,sparse,60,1.09678,2.18575,27.8075,11.8271,578179982,mixed,0.5203
friendster,16,sparse,61,0.300003,2.14886,51.2401,3.65999,6515225359,mixed,0.210399
friendster,16,sparse,62,1.41251,2.08809,31.3625,20.9347,64473875053,mixed,1.14947
friendster,16,sparse,63,0.72782,2.28477,25.2431,10.3,2633010188,mixed,0.548229
friendster,16,sparse,64,0.467911,2.32444,38.3292,4.97674,1,mixed,0.404576
friendster,16,sparse,65,0.621183,2.19942,26.9827,6.92286,184265172,mixed,0.479148
friendster,16,sparse,66,0.799644,2.28821,51.103,10.4323,29252022172,mixed,0.248461
friendster,16,sparse,67,3.42411,2.17322,96.9429,52.3124,459546858317,mixed,1.63264
friendster,16,sparse,68,0.707418,2.1821,61.1734,8.41946,904363570900,mixed,0.261102
friendster,16,sparse,69,0.373387,2.1554,40.6711,3.18396,287800208562,mixed,0.148231
friendster,16,sparse,70,1.04481,2.34519,22.7999,13.9807,31981205964,mixed,0.812896
friendster,16,sparse,71,0.320153,2.23919,72.1358,2.10614,772349724833,mixed,0.164996
friendster,16,sparse,72,0.767717,2.1269,44.58,10.0445,45913786810,mixed,0.624501
friendster,16,sparse,73,0.872263,2.14447,33.781,6.9806,840297420763,mixed,0.63258
friendster,16,sparse,74,0.324895,2.22644,19.7165,3.70338,1573696657,mixed,0.242917
friendster,16,sparse,75,0.438526,2.2543,36.0437,5.78589,24910167,mixed,0.275539
friendster,16,sparse,76,0.391486,2.01544,26.0432,4.5518,78593241126511,mixed,0.313331
friendster,16,sparse,77,1.86573,2.15083,72.5372,27.0885,7334826708751,mixed,1.231
friendster,16,sparse,78,0.452172,2.00873,19.7531,5.08638,84205734772735,mixed,0.279356
friendster,16,sparse,79,0.277382,2.05175,21.8333,1.8964,1702770906654165,mixed,0.126156
friendster,16,sparse,80,1.84334,2.17642,49.2559,28.3903,5908429343,mixed,0.453757
friendster,16,sparse,81,0.460321,2.16061,42.921,3.90786,321822838488,mixed,0.36555
friendster,16,sparse,82,3.60246,2.22282,100.609,55.6978,2773052751610,mixed,1.97435
friendster,16,sparse,83,12.7351,2.07421,52.103,201.073,37812069973,mixed,2.84545
friendster,16,sparse,84,0.145972,2.1181,27.0466,0.842378,9299528232168,mixed,0.0894536
friendster,16,sparse,85,0.308128,2.52123,39.2867,3.49721,2,mixed,0.0423367
friendster,16,sparse,86,0.137498,2.30394,21.621,1.12246,4361078,mixed,0.0934229
friendster,16,sparse,87,0.161003,2.20179,32.7039,0.83917,46153203870,mixed,0.064789
friendster,16,sparse,88,0.456354,2.30938,37.1205,4.47171,1647697148,mixed,0.233243
friendster,16,sparse,89,0.351545,2.09965,25.8148,3.6742,162926539346,mixed,0.115184
friendster,16,sparse,90,0.930145,2.10895,41.0829,13.1295,12312384900,mixed,0.698143
friendster,16,sparse,91,0.514581,2.19882,23.7393,4.19896,7537056021,mixed,0.397782
friendster,16,sparse,92,0.798456,2.25156,27.965,9.4291,282330858107,mixed,0.588076
friendster,16,sparse,93,0.434893,2.36578,29.6507,5.60283,13913292,mixed,0.108112
friendster,16,sparse,94,0.547383,2.22068,82.8585,4.81094,620145815153,mixed,0.298883
friendster,16,sparse,95,10.0154,2.20853,37.6155,150.326,75993728583,mixed,4.94837
friendster,16,sparse,96,3.53847,2.14087,72.4858,48.6046,547149957058,mixed,1.4393
friendster,16,sparse,97,24.773,2.14315,50.9831,356.356,25186535203006,mixed,18.4425
friendster,16,sparse,98,21.3702,2.16963,119.835,316.153,72452998214291,mixed,14.6594
friendster,16,sparse,99,0.169426,2.05555,33.7007,0.928623,35560437286,mixed,0.0916864
friendster,16,sparse,100,0.352571,2.18571,32.7032,3.4959,121271746710,mixed,0.278278
