dataset,query_size,query_mode,query_index,elapsed_execution_time,filter_time,plan_time,enumerate_time,n_embeddings,order,max_task_time,n_intersections
human,16,dense,6,0.504253,0.00711805,0.00792701,0.50414,70156800.0,mixed,0.316896,791415
human,16,dense,7,205.254,0.00820463,0.0100764,205.254,32855870592.0,4 7 12 15 9 10 11 8 13 14 0 5 3 1 2 6 ,205.254,47207933
human,16,dense,8,0.000940768,0.00850989,0.00809018,0.000827525,0.0,15 5 2 0 13 1 9 11 8 10 12 7 14 6 3 4 ,0.000827525,48
human,16,dense,9,0.000854009,0.00385251,0.00532383,0.000728226,0.0,2 10 7 8 9 11 12 13 14 15 0 1 3 4 5 6 ,0.000728226,1
human,16,dense,10,13.0589,0.0057948,0.00475672,13.0587,21684960.0,3 14 10 11 12 13 9 5 15 2 0 8 4 1 6 7 ,13.0587,14326166
human,16,dense,42,2.11423,0.0066088,0.00582299,2.11406,29376000.0,0 1 2 12 4 9 13 7 11 3 8 10 14 15 5 6 ,2.11406,1532761
human,16,dense,46,2.08043,0.00302477,0.00588866,2.08027,22339584.0,5 1 0 3 4 2 11 12 13 14 15 8 6 7 9 10 ,2.08027,1276048
human,16,dense,47,1615.45,0.00813451,0.00690674,1615.45,11381345676288.0,11 4 8 14 15 5 6 9 7 10 0 3 13 12 1 2 ,1615.45,633894368
human,16,dense,53,0.00104844,0.00390111,0.00658269,0.000943135,0.0,3 11 2 7 9 10 8 13 15 0 1 5 12 14 4 6 ,0.000943135,126
human,16,dense,68,1.26106,0.00604774,0.00869416,1.26093,70156800.0,9 5 7 8 15 10 2 6 4 1 11 12 13 14 0 3 ,1.26093,525277
human,16,dense,77,360.252,0.0047742,0.00615848,360.252,304881408000.0,7 5 6 11 12 14 15 0 2 13 1 3 4 8 9 10 ,360.252,113010297
human,16,dense,78,42.287,0.0168121,0.0289581,42.2868,3357679680.0,mixed,35.3468,17496741
human,16,dense,79,0.00142477,0.00795638,0.0132791,0.00125071,0.0,0 6 7 5 3 4 12 9 10 11 8 1 2 13 14 15 ,0.00125071,716
human,16,dense,82,0.00352189,0.00593893,0.00670477,0.00339089,698752.0,11 13 15 2 3 4 9 10 12 14 0 7 6 1 8 5 ,0.00339089,1520
human,16,dense,85,0.454541,0.00465273,0.00752682,0.454416,11107908000.0,mixed,0.361331,427071
human,16,dense,87,0.262483,0.0158212,0.0126204,0.26235,0.0,0 6 1 2 3 14 12 9 4 5 7 8 10 11 13 15 ,0.26235,301871
human,16,sparse,3,1057.97,0.00738993,0.026353,1057.97,2029477100848.0,0 2 14 4 5 3 1 15 13 8 6 12 10 7 11 9 ,1057.97,10331009
human,16,sparse,6,6.06891,0.00919157,0.0114505,6.0687,21302437346064.0,mixed,4.20868,3357571
human,16,sparse,7,4.2952,0.00912165,0.0130918,4.29503,33442867872.0,4 7 12 15 11 9 14 13 8 10 0 3 2 6 5 1 ,4.29503,2022333
human,16,sparse,9,2.16456,0.00401367,0.0269616,2.1644,2843873280.0,2 3 9 0 4 1 5 6 10 12 11 7 8 13 14 15 ,2.1644,1206484
human,16,sparse,10,0.245046,0.0069861,0.0146294,0.244927,639393670.0,mixed,0.188433,226212
human,16,sparse,11,15.1778,0.00527489,0.0123426,15.1777,69888451875840.0,0 5 1 10 9 12 13 15 11 6 2 14 7 8 3 4 ,15.1777,3113391
human,16,sparse,24,39.6528,0.0250919,0.037737,39.6525,1.8446744073709552e+19,4 2 1 3 8 0 9 11 13 7 6 12 15 10 5 14 ,39.6525,10824877
human,16,sparse,26,158.243,0.010901,0.0194804,158.243,1.8446744073709552e+19,mixed,158.235,28696936
human,16,sparse,31,90.4313,0.00637656,0.00424965,90.4311,92273670720000,0 3 4 10 11 6 5 12 15 1 2 7 8 9 13 14 ,90.4311,18802
human,16,sparse,33,722.215,0.00545294,0.0232497,722.215,9588446540025600,10 15 1 7 9 6 13 14 2 11 12 5 8 3 0 4 ,722.215,240482840
human,16,sparse,35,122.778,0.0159208,0.0298942,122.777,18446744073709551615,4 15 2 1 0 3 10 6 8 7 5 14 9 13 11 12 ,122.777,27786477
human,16,sparse,38,0.00106788,0.00712668,0.0127863,0.000871239,0,9 4 0 1 3 6 2 13 15 10 14 11 12 5 7 8 ,0.000871239,88
human,16,sparse,42,0.0138201,0.00639739,0.00695356,0.0136587,524059200,0 1 2 12 8 9 7 13 11 14 15 4 3 6 5 10 ,0.0136587,9550
human,16,sparse,46,0.51854,0.00409405,0.00983407,0.518352,2160126720,5 1 0 3 4 2 8 9 10 6 7 15 12 13 14 11 ,0.518352,37874
human,16,sparse,47,751.939,0.00862509,0.0259019,751.939,1563944522735616,11 15 8 7 10 4 0 3 1 2 14 12 13 6 5 9 ,751.939,363420321
human,16,sparse,49,5.99997,0.0095296,0.0132347,5.99974,18446744073709551615,9 8 10 0 1 5 6 7 13 11 4 3 12 14 15 2 ,5.99974,806204
human,16,sparse,53,22.183,0.00474274,0.0107386,22.1829,2481184684872.0,3 10 9 8 7 2 0 1 11 4 5 15 13 14 12 6 ,22.1829,433513
human,16,sparse,65,1786.63,0.00840869,0.0290422,1786.63,18446744073709551615,8 13 14 7 0 4 2 12 10 1 15 6 3 5 9 11 ,1786.63,670322283
human,16,sparse,68,18.0713,0.00571967,0.0106252,18.0711,8479928700,9 5 7 8 6 10 2 1 11 13 15 14 4 12 0 3 ,18.0711,1357987
human,16,sparse,71,158.429,0.0158608,0.0157159,158.429,2.307504179723609e+16,15 12 10 4 9 11 14 13 5 7 6 2 0 8 1 3 ,158.429,50055596
human,16,sparse,77,0.61458,0.00383555,0.00705396,0.614386,771224872320.0,5 6 7 0 2 14 11 12 13 15 3 4 1 8 10 9 ,0.614386,122667
human,16,sparse,79,0.250485,0.00684518,0.0131594,0.250347,35314436453760.0,0 6 7 5 3 4 12 1 2 13 10 11 8 9 14 15 ,0.250347,105044
human,16,sparse,82,0.00215057,0.00662994,0.00410663,0.00203056,5444928,3 4 10 13 11 12 9 0 14 15 2 7 6 8 1 5 ,0.00203056,714
human,16,sparse,83,1.2034,0.00534558,0.00545167,1.20321,108433084989623520,0 5 6 3 4 1 7 15 2 10 11 13 12 14 9 8 ,1.20321,695427
human,16,sparse,85,0.0236628,0.00314278,0.00752891,0.023546,109742850000,mixed,0.0125437,11515
