,dataset,query_size,query_mode,query_index,elapsed_execution_time,filter_time,plan_time,enumerate_time,n_embeddings,order,max_task_time,n_intersections
0,youtube2007,16,dense,1,0.271736,2.13,0.0145088,0.271461,116786260,mixed,0.26446,620725
1,youtube2007,16,dense,2,501.738,1.14495,0.0116974,501.738,201113564928,mixed,496.229,242340681
2,youtube2007,16,dense,6,22.4593,3.74726,0.014564,22.4588,7856936640,mixed,14.5271,13529937
3,youtube2007,16,dense,8,72.5249,4.05642,0.0958579,72.5236,793405166,mixed,62.741,79567203
4,youtube2007,16,dense,15,0.226268,3.9489,0.0141202,0.225236,183120,mixed,0.211964,353939
5,youtube2007,16,dense,16,0.0076458,2.78092,0.00752928,0.0075044,310560,mixed,0.00749696,6226
6,youtube2007,16,dense,20,0.00146157,3.80015,0.00292717,0.00127544,960,14 15 13 1 2 0 3 7 12 4 6 9 11 5 10 8 ,0.00127544,914
7,youtube2007,16,dense,30,0.0142814,0.762031,0.00479869,0.0141224,91728,12 2 8 9 10 5 6 7 1 3 4 15 13 11 14 0 ,0.0141224,10435
8,youtube2007,16,dense,32,0.0333028,2.20968,0.00488625,0.0331621,20736,2 3 8 10 11 9 13 6 1 4 5 15 7 14 12 0 ,0.0331621,65899
9,youtube2007,16,dense,34,10.2053,10.1612,0.198421,10.204,125132004,mixed,6.36843,14229128
10,youtube2007,16,dense,36,27.7139,2.70088,0.0380348,27.7135,821011650,mixed,20.7145,20359373
11,youtube2007,16,dense,37,0.0378603,4.05115,0.0103717,0.0376202,907560,mixed,0.0134851,48316
12,youtube2007,16,dense,40,8.08872,6.24759,0.0822896,8.08801,287925698,mixed,4.90092,4006425
13,youtube2007,16,dense,41,0.0101317,6.22652,0.00370986,0.00991621,99456,6 7 4 8 14 11 15 1 5 10 13 9 0 12 2 3 ,0.00991621,7718
14,youtube2007,16,dense,43,0.0164854,1.08562,0.00415052,0.0163646,111600,15 7 5 3 13 10 12 0 2 1 4 14 9 6 11 8 ,0.0163646,11106
15,youtube2007,16,dense,46,0.0485653,5.27699,0.00391608,0.0483652,18173520,9 8 10 11 12 6 7 15 13 4 3 5 2 1 0 14 ,0.0483652,54088
16,youtube2007,16,dense,48,0.00208278,2.14078,0.00354789,0.00190854,378,8 2 5 10 3 6 1 7 9 4 13 11 12 14 15 0 ,0.00190854,1273
17,youtube2007,16,dense,49,471.58,11.4229,0.0428126,471.579,7217954841768,mixed,435.669,373775004
18,youtube2007,16,dense,53,0.00254929,1.95696,0.00454419,0.00151687,1920,5 6 13 0 11 2 12 7 10 8 9 15 14 1 4 3 ,0.00151687,1179
19,youtube2007,16,dense,55,57.2613,14.246,0.359161,57.2604,85356084,mixed,26.069,55197436
20,youtube2007,16,dense,63,28.1749,8.28404,0.234276,28.1743,147001142,mixed,21.237,21434505
21,youtube2007,16,dense,68,0.00135844,1.21484,0.00351605,0.00119908,2898,2 3 9 6 4 11 1 7 10 15 0 5 8 13 12 14 ,0.00119908,607
22,youtube2007,16,dense,71,0.0078461,4.14673,0.0125593,0.00762204,1296,mixed,0.00463325,3022
23,youtube2007,16,dense,75,2.99962,2.47079,0.00483757,2.99936,6220800,2 3 1 6 4 5 9 8 15 10 11 12 7 13 0 14 ,2.99936,5031009
24,youtube2007,16,dense,77,208.056,8.91403,0.378586,208.054,41226132556,mixed,85.6901,199222422
25,youtube2007,16,dense,79,0.000929781,1.86351,0.00324367,0.000771824,88,7 11 4 6 0 3 12 1 8 9 5 2 10 15 14 13 ,0.000771824,82
26,youtube2007,16,dense,83,0.628063,2.00289,0.00855518,0.627903,58742415,mixed,0.391427,477339
27,youtube2007,16,dense,87,124.829,2.70941,0.0487953,124.828,26152496824,mixed,124.667,56042278
28,youtube2007,16,sparse,4,0.139077,2.73044,0.0142196,0.137593,657980,mixed,0.137582,129018
29,youtube2007,16,sparse,5,6.75099,12.8452,0.0609609,6.73205,2727018232,mixed,6.35594,1755355
30,youtube2007,16,sparse,8,0.183855,3.64569,0.0138859,0.183485,850584116,mixed,0.111131,152012
31,youtube2007,16,sparse,9,0.008548,2.82305,0.00712216,0.00758101,311256,mixed,0.00586936,5297
32,youtube2007,16,sparse,10,228.798,4.22689,0.023043,228.798,21737079360,mixed,216.344,24908092
33,youtube2007,16,sparse,15,3.76263,1.22495,0.0145519,3.7622,44297152606,10 3 13 9 4 8 6 15 14 5 7 11 0 2 12 1 ,3.7622,759249
34,youtube2007,16,sparse,23,0.00330948,3.77946,0.00842254,0.00313402,9272,mixed,0.00221276,817
35,youtube2007,16,sparse,27,0.742658,3.70864,0.0333494,0.742272,11816198,mixed,0.593546,680107
36,youtube2007,16,sparse,33,0.11348,3.29889,0.00821289,0.113214,2993880,mixed,0.112629,97302
37,youtube2007,16,sparse,35,220.155,3.05407,0.0359073,220.155,95324783888365368,mixed,220.132,180855330
38,youtube2007,16,sparse,37,400.744,23.7968,0.360889,400.741,1875886074012,mixed,242.333,172614295
39,youtube2007,16,sparse,39,0.000959945,3.64419,0.00438363,0.000774497,2682720,6 14 5 15 13 1 8 11 9 12 3 10 2 7 0 4 ,0.000774497,77
40,youtube2007,16,sparse,41,1.95599,2.53368,0.0426366,1.95565,12043334352,mixed,1.7743,1407553
41,youtube2007,16,sparse,43,9.36552,3.37538,0.121052,9.36478,770387300,mixed,5.97461,11844082
42,youtube2007,16,sparse,44,0.0224503,2.28333,0.00899035,0.0223024,1373714,mixed,0.0177958,13936
43,youtube2007,16,sparse,45,0.0414025,2.21031,0.0073099,0.041212,1083768,mixed,0.035474,52076
44,youtube2007,16,sparse,48,6.33294,4.04867,0.167948,6.3324,55059324,mixed,3.70856,6546136
45,youtube2007,16,sparse,51,4.76156,1.1391,0.00866184,4.76108,33065040,12 3 11 13 9 14 2 6 10 7 8 4 15 5 0 1 ,4.76108,2323707
46,youtube2007,16,sparse,54,9.57985,4.09033,0.00404913,9.57952,10827326400,7 4 11 12 0 14 1 10 9 8 13 15 6 2 3 5 ,9.57952,16939
47,youtube2007,16,sparse,69,0.0152338,2.63261,0.00565861,0.015077,432000,mixed,0.0150696,7262
48,youtube2007,16,sparse,75,36.5896,4.01137,0.286814,36.5884,4722236998,mixed,17.8304,21804038
49,youtube2007,16,sparse,76,0.00440841,2.25374,0.00916108,0.0018934,3800,9 8 13 5 12 6 4 11 7 15 10 1 14 3 0 2 ,0.0018934,894
50,youtube2007,16,sparse,77,104.519,3.91695,0.0595128,104.519,2856052254821,mixed,104.468,51312568
51,youtube2007,16,sparse,79,0.33258,2.83423,0.0156302,0.331511,30669696,mixed,0.317167,205591
52,youtube2007,16,sparse,83,0.152309,6.64027,0.0422396,0.151111,34990733636,mixed,0.0669704,120289
53,youtube2007,16,sparse,96,0.0604097,3.38627,0.0308709,0.0600616,208986,mixed,0.0484265,70323
54,youtube2007,16,sparse,100,0.0028318,1.75275,0.00327999,0.00259033,6877523136,4 0 7 6 9 8 12 14 15 11 10 13 5 2 3 1 ,0.00259033,1372
