dataset,query_size,query_mode,query_index,elapsed_execution_time,filter_time,plan_time,enumerate_time,n_embeddings,order,max_task_time
human,12,dense,1,0.132039,0.00282117,0.00208787,0.13187,33213816,4 8 10 0 1 5 2 3 6 7 11 9 ,0.13187
human,12,dense,2,0.0716372,0.0038191,0.00202263,0.0715221,6083100,4 7 11 3 10 9 5 6 8 2 0 1 ,0.0715221
human,12,dense,4,0.919766,0.00415538,0.00297314,0.919633,896269400,9 7 11 8 3 4 0 5 1 6 2 10 ,0.919633
human,12,dense,6,0.322129,0.00438314,0.00224768,0.321926,16730810880,5 2 0 1 10 6 4 3 11 7 8 9 ,0.321926
human,12,dense,7,468.3,0.0085888,0.0034072,468.3,294509550585600,10 6 7 8 11 4 9 0 1 2 3 5 ,468.3
human,12,dense,9,520.375,0.00836692,0.00591777,520.374,7207867097760,5 3 9 11 8 0 1 2 4 6 7 10 ,520.374
human,12,dense,11,0.826365,0.00220325,0.00204003,0.82618,8880248520,0 5 3 9 10 11 6 7 4 2 8 1 ,0.82618
human,12,dense,17,6.53967,0.00532769,0.00212481,6.53945,312562913184,5 9 10 11 1 8 0 6 7 2 3 4 ,6.53945
human,12,dense,21,0.217648,0.00340863,0.00257119,0.217523,8162257572,mixed,0.214666
human,12,dense,22,0.00135625,0.00392631,0.00200062,0.00124445,2405304,3 4 8 9 0 6 5 2 7 1 11 10 ,0.00124445
human,12,dense,24,1.03669,0.00455927,0.00381485,1.03651,8970576,mixed,0.845876
human,12,dense,31,0.00412865,0.00396454,0.00168078,0.00395904,198936,7 8 9 2 5 3 4 0 10 11 6 1 ,0.00395904
human,12,dense,33,0.142392,0.00380161,0.00188203,0.142203,697920,7 0 10 1 2 3 4 5 6 8 9 11 ,0.142203
human,12,dense,35,12.5748,0.00925311,0.00292464,12.5746,13715883336,2 1 8 0 3 9 10 4 5 11 6 7 ,12.5746
human,12,dense,41,0.145126,0.00290268,0.00191486,0.144981,1805440,3 5 6 4 0 9 10 8 11 1 2 7 ,0.144981
human,12,dense,50,0.0262196,0.00262922,0.00208424,0.0260734,1490400,9 10 5 0 4 11 7 1 6 2 3 8 ,0.0260734
human,12,dense,54,482.299,0.0117876,0.00262334,482.299,23755040380800,0 8 1 2 11 3 4 5 6 7 9 10 ,482.299
human,12,dense,56,7.55839,0.00226455,0.00179419,7.5582,1082030400,11 10 3 6 7 9 1 2 4 5 8 0 ,7.5582
human,12,dense,63,0.110887,0.00424898,0.00179524,0.110691,952512,0 6 7 1 2 5 3 4 8 10 11 9 ,0.110691
human,12,dense,68,160.423,0.00384989,0.00486787,160.423,688642273248,mixed,160.422
human,12,dense,69,301.034,0.00384719,0.00240801,301.034,8590166980416,0 2 1 4 3 8 9 10 11 5 6 7 ,301.034
human,12,dense,70,3.71794,0.00415486,0.00213611,3.71774,1535345280,1 8 0 6 7 9 2 3 4 5 10 11 ,3.71774
human,12,dense,73,35.6905,0.00589667,0.00307142,35.6903,14496128005524480,0 1 2 7 10 11 9 3 4 5 6 8 ,35.6903
human,12,dense,74,143.261,0.0121225,0.00462939,143.26,4274492502666,1 0 4 10 7 8 9 2 6 3 5 11 ,143.26
human,12,dense,77,9.82115,0.00532354,0.00271827,9.821,96233808620,10 5 11 3 1 2 6 8 7 4 0 9 ,9.821
human,12,dense,79,630.775,0.0119528,0.00489271,630.774,1017082386960,mixed,630.345
human,12,dense,88,44.6846,0.00866466,0.00423591,44.6844,63058636328,8 5 0 3 1 9 6 7 2 10 11 4 ,44.6844
human,12,dense,94,5.51152,0.00456066,0.00238196,5.51131,33295204800,1 9 10 11 0 4 5 6 7 8 2 3 ,5.51131
human,12,dense,98,250.383,0.00999959,0.00232241,250.383,387150439968,1 8 5 0 4 2 6 7 3 9 10 11 ,250.383
human,12,dense,99,766.615,0.00439983,0.0023487,766.614,1153508840064,1 2 0 3 4 5 6 7 10 11 8 9 ,766.614
human,12,sparse,1,0.0437464,0.0029341,0.00220748,0.0436182,299452260,4 8 10 0 1 5 3 2 6 7 11 9 ,0.0436182
human,12,sparse,2,0.0153079,0.00435214,0.00226475,0.0151889,87480408,11 10 6 4 7 3 8 5 9 2 0 1 ,0.0151889
human,12,sparse,4,0.0243497,0.00482848,0.00329973,0.0241814,353178285960,9 11 7 3 0 1 8 2 4 6 10 5 ,0.0241814
human,12,sparse,6,23.6797,0.00459037,0.00248135,23.6795,148836293312,5 1 0 2 10 6 3 4 8 7 9 11 ,23.6795
human,12,sparse,7,6.08525,0.0075263,0.0027721,6.08502,882290723750400,7 11 4 6 0 8 10 9 2 1 3 5 ,6.08502
human,12,sparse,9,0.572738,0.00657617,0.00389722,0.572525,625119238161240,9 11 3 5 8 2 1 4 0 7 6 10 ,0.572525
human,12,sparse,10,76.4321,0.0106748,0.00723648,76.4318,962142439854336,0 3 6 1 5 2 8 7 10 4 9 11 ,76.4318
human,12,sparse,11,0.0490363,0.00253705,0.00276158,0.0488787,22259835000,0 2 5 7 3 6 4 11 9 10 8 1 ,0.0488787
human,12,sparse,17,1.80897,0.00478347,0.0037925,1.8088,632216670544,10 9 11 1 8 6 5 7 2 0 4 3 ,1.8088
human,12,sparse,18,641.167,0.0180539,0.0105472,641.166,39580946348504108,2 0 1 6 11 9 8 3 4 7 5 10 ,641.166
human,12,sparse,19,169.83,0.00662755,0.0069519,169.83,10018238666410,mixed,169.818
human,12,sparse,21,0.0149558,0.00343076,0.00194024,0.0148277,121303561680,5 7 8 11 2 1 0 3 6 9 4 10 ,0.0148277
human,12,sparse,22,0.0371018,0.00461959,0.00225315,0.0369519,1574769660,3 5 6 0 9 7 1 2 8 11 10 4 ,0.0369519
human,12,sparse,24,1.08767,0.0051359,0.00614995,1.08753,159160976,mixed,0.618521
human,12,sparse,31,0.0311988,0.00440963,0.00194714,0.0310554,1751877,7 8 9 2 5 3 10 4 11 6 0 1 ,0.0310554
human,12,sparse,33,0.831217,0.00481018,0.00338702,0.831046,229378464,7 0 4 2 6 10 3 8 5 1 9 11 ,0.831046
human,12,sparse,35,0.0602544,0.00634604,0.00309221,0.0601151,737935099404,2 0 8 3 1 9 10 5 11 4 7 6 ,0.0601151
human,12,sparse,40,1.77544,0.00516103,0.00184194,1.77531,75352337745594,7 9 10 6 8 4 11 5 3 0 1 2 ,1.77531
human,12,sparse,41,0.537937,0.00373672,0.00504139,0.537858,590923198,mixed,0.533942
human,12,sparse,48,25.8625,0.00791939,0.00649105,25.8624,11567352955774464,mixed,23.1572
human,12,sparse,50,0.0842188,0.00258889,0.00195654,0.084088,129595584,9 5 10 1 6 2 7 11 4 3 0 8 ,0.084088
human,12,sparse,51,118.193,0.00462228,0.00562471,118.193,28576801266048,10 11 4 5 7 3 6 2 1 8 9 0 ,118.193
human,12,sparse,53,473.468,0.00532292,0.00550184,473.468,5612787969360,2 0 1 3 9 5 4 7 8 6 10 11 ,473.468
human,12,sparse,54,76.3804,0.0142862,0.00467113,76.3802,98727369862756,8 1 0 7 9 2 11 10 3 4 6 5 ,76.3802
human,12,sparse,56,1.24472,0.00223181,0.00268757,1.2445,18358255080,10 3 8 7 11 1 5 6 2 4 9 0 ,1.2445
human,12,sparse,57,83.0002,0.00552001,0.00679991,83,4870724971510770,1 7 5 11 4 8 9 6 10 2 0 3 ,83
human,12,sparse,61,17.7324,0.00347566,0.00583892,17.7322,479189458944000,3 8 11 10 9 4 1 6 2 0 7 5 ,17.7322
human,12,sparse,63,0.0808934,0.00561264,0.00333527,0.0807105,48278168,10 11 8 0 5 6 1 7 4 9 2 3 ,0.0807105
human,12,sparse,65,390.725,0.0121576,0.00870021,390.725,16925683511962576,0 10 11 3 2 9 1 6 7 4 5 8 ,390.725
human,12,sparse,68,360.113,0.00590998,0.00698791,360.113,34316274867728,mixed,360.112
human,12,sparse,69,41.7283,0.00392805,0.00430876,41.7281,22683704599296,0 4 2 1 3 8 10 11 9 6 5 7 ,41.7281
human,12,sparse,70,14.7414,0.00483713,0.00190428,14.7412,53153278080,1 0 9 8 3 6 4 2 5 10 11 7 ,14.7412
human,12,sparse,71,423.199,0.0202475,0.0220132,423.199,5129955270007669321,2 1 0 3 11 9 8 10 5 6 7 4 ,423.199
human,12,sparse,74,11.5074,0.00846492,0.00632763,11.5072,172865161945338,1 0 4 9 7 8 6 2 5 3 10 11 ,11.5072
human,12,sparse,75,8.6845,0.00661094,0.00511431,8.68425,19404791819804160,0 1 4 3 2 5 8 6 7 9 10 11 ,8.68425
human,12,sparse,77,1.82153,0.00511679,0.00386564,1.82135,14692539806784,10 5 11 1 8 6 4 3 2 0 9 7 ,1.82135
human,12,sparse,80,6.01965,0.00834626,0.00331085,6.01944,1684825992960,0 1 2 11 9 3 4 8 5 7 6 10 ,6.01944
human,12,sparse,81,201.403,0.00673209,0.00735824,201.403,101570040074940696,4 11 2 0 3 5 1 7 8 10 6 9 ,201.403
human,12,sparse,83,51.516,0.00630362,0.00984557,51.5158,268209330120288,5 11 4 6 0 9 10 1 3 8 7 2 ,51.5158
human,12,sparse,84,171.979,0.0055326,0.00621769,171.978,4927068503093816,7 9 8 2 3 0 4 10 5 11 1 6 ,171.978
human,12,sparse,85,74.4274,0.00419091,0.00553007,74.4272,699658777995750,2 1 9 8 6 0 7 3 4 10 11 5 ,74.4272
human,12,sparse,88,0.39269,0.00632254,0.00435405,0.39247,2203143214516,8 0 5 3 9 1 2 10 6 7 11 4 ,0.39247
human,12,sparse,94,0.497066,0.00390763,0.002708,0.496878,46606181245920,1 0 10 11 5 4 8 9 7 6 3 2 ,0.496878
human,12,sparse,98,9.87245,0.0115597,0.00981919,9.87222,63854585161760,mixed,9.35688
human,12,sparse,99,67.0528,0.00400689,0.00418389,67.0527,4971832124256,1 4 3 0 7 6 2 10 11 5 8 9 ,67.0527
