,dataset,query_size,query_mode,query_index,elapsed_execution_time,filter_time,plan_time,enumerate_time,n_embeddings,order,max_task_time,n_intersections
0,youtube2007,8,dense,4,29.74,5.69865,0.227565,29.7368,1810971876,mixed,8.94849,20513389
1,youtube2007,8,dense,5,0.017551,1.89213,0.0139377,0.0168736,37928,mixed,0.00556278,16282
2,youtube2007,8,dense,6,102.086,19.3197,1.76268,102.051,8313609576,mixed,50.918,76017222
3,youtube2007,8,dense,9,0.326692,1.05827,0.0235059,0.326279,10779078,mixed,0.21537,291266
4,youtube2007,8,dense,10,520.267,25.329,2.13765,520.236,30074837469,mixed,345.909,382690140
5,youtube2007,8,dense,12,0.0601273,1.18103,0.0133031,0.0598038,2333180,mixed,0.0233542,58181
6,youtube2007,8,dense,14,10.4148,2.88677,0.0637807,10.4132,934645386,mixed,4.29281,5029906
7,youtube2007,8,dense,15,452.418,22.2977,2.3256,452.385,83621425335,mixed,185.472,331026048
8,youtube2007,8,dense,18,0.314341,2.90234,0.026237,0.313873,1651374,mixed,0.083491,392891
9,youtube2007,8,dense,19,0.341342,2.19904,0.0291974,0.339392,4889872,mixed,0.168534,290765
10,youtube2007,8,dense,20,158.54,37.3025,3.91792,158.508,4443371876,mixed,52.6475,113468826
11,youtube2007,8,dense,21,0.301001,2.72976,0.0941688,0.29977,14471590,mixed,0.105566,205936
12,youtube2007,8,dense,23,1.26477,3.58132,0.25984,1.26237,11589738,mixed,0.489092,1049576
13,youtube2007,8,dense,24,216.051,6.62914,0.863994,216.041,19172769238,mixed,109.957,129195181
14,youtube2007,8,dense,26,0.0580113,1.98599,0.0168102,0.0577798,162032,mixed,0.0412147,68959
15,youtube2007,8,dense,27,0.142121,4.59818,0.0673061,0.140694,565319,mixed,0.0389539,169952
16,youtube2007,8,dense,28,0.0455619,3.43813,0.00916157,0.0449638,418496,mixed,0.021542,33559
17,youtube2007,8,dense,29,15.072,9.6198,0.56123,15.0671,91068504,mixed,5.3601,10949862
18,youtube2007,8,dense,30,91.9749,8.81654,0.835129,91.9621,28310969676,mixed,35.718,42288166
19,youtube2007,8,dense,31,2.68301,6.41978,0.569326,2.67627,73058160,mixed,1.75801,1840082
20,youtube2007,8,dense,32,71.7359,27.2641,2.07514,71.7062,2936454778,mixed,27.1997,48949423
21,youtube2007,8,dense,35,0.0987459,1.039,0.0179669,0.0983343,935485,mixed,0.042591,89555
22,youtube2007,8,dense,39,0.0236872,0.426025,0.00585931,0.0234711,114182,mixed,0.0140111,16137
23,youtube2007,8,dense,40,27.9875,7.91351,0.410057,27.9827,319003190,mixed,10.5978,15891430
24,youtube2007,8,dense,41,42.2645,9.12719,1.01699,42.2542,1127083906,mixed,11.6736,40014974
25,youtube2007,8,dense,42,13.0538,6.60596,0.333632,13.0484,1779017600,mixed,4.77382,13355432
26,youtube2007,8,dense,45,179.962,15.2914,0.591143,179.956,5458366038,mixed,61.5032,115837636
27,youtube2007,8,dense,47,240.622,30.1715,1.23231,240.586,51819788358,mixed,68.0852,124464464
28,youtube2007,8,dense,48,0.00484578,1.32427,0.00264937,0.00470977,11604,mixed,0.00176788,2140
29,youtube2007,8,dense,50,0.0181906,0.254397,0.00309319,0.0180034,56158,mixed,0.00808733,16499
30,youtube2007,8,dense,51,28.5851,11.5055,0.588916,28.5787,1673377853,mixed,8.86962,26174205
31,youtube2007,8,dense,52,0.00492743,1.33576,0.00376887,0.00480198,1759,mixed,0.0012271,1554
32,youtube2007,8,dense,53,0.0167463,1.37807,0.00433262,0.0165677,43614,mixed,0.00792108,17821
33,youtube2007,8,dense,54,16.2529,9.99756,0.789811,16.246,143999176,mixed,4.89465,12943969
34,youtube2007,8,dense,56,0.00971567,1.55718,0.00642871,0.0095028,28559,mixed,0.00412916,8632
35,youtube2007,8,dense,60,0.155792,0.922692,0.010466,0.155545,10294944,mixed,0.0785778,141897
36,youtube2007,8,dense,62,2.00074,1.25155,0.0404042,2.00003,28048280,mixed,0.681584,1838672
37,youtube2007,8,dense,63,4.19666,6.19858,0.188051,4.19408,152441966,mixed,1.21265,4178863
38,youtube2007,8,dense,64,3.546,4.48158,0.243712,3.54329,69622656,mixed,2.14678,4031989
39,youtube2007,8,dense,67,1.01248,4.07149,0.0905094,1.01112,12137792,mixed,0.39363,1043818
40,youtube2007,8,dense,68,0.43581,4.95611,0.0683077,0.434064,9340899,mixed,0.178063,424004
41,youtube2007,8,dense,69,0.494896,2.66509,0.0378323,0.49444,2464846,mixed,0.201925,533188
42,youtube2007,8,dense,73,0.29445,1.0899,0.0251524,0.293864,51800920,mixed,0.12986,345164
43,youtube2007,8,dense,75,0.091851,2.09915,0.0336166,0.0909773,2060176,mixed,0.0784774,107071
44,youtube2007,8,dense,78,62.4427,3.73617,0.38677,62.4396,18627072316,mixed,47.5148,69972504
45,youtube2007,8,dense,79,26.703,9.3457,0.554785,26.6913,17630524852,mixed,7.58349,25257439
46,youtube2007,8,dense,81,223.641,35.4306,4.40759,223.598,9893840194,mixed,93.3772,156191883
47,youtube2007,8,dense,84,40.1105,11.4351,1.05793,40.0925,5765328428,mixed,16.5554,26769939
48,youtube2007,8,dense,85,0.567942,5.98032,0.0601322,0.565273,24644806,mixed,0.228962,512338
49,youtube2007,8,dense,86,501.878,42.8087,7.38677,501.81,41742723954,mixed,228.801,287455732
50,youtube2007,8,dense,87,10.709,2.57901,0.0349509,10.7083,1136773470,mixed,8.23074,6700048
51,youtube2007,8,dense,89,383.744,12.4771,1.26983,383.732,5814024312,mixed,235.029,234632360
52,youtube2007,8,dense,90,0.00439927,1.03852,0.00267559,0.00424361,7396,mixed,0.00240125,2065
53,youtube2007,8,dense,92,546.916,14.5628,1.64985,546.901,14718039248,mixed,170.158,443342446
54,youtube2007,8,dense,94,9.97821,9.81137,0.770566,9.97251,128830004,mixed,3.67532,9171032
55,youtube2007,8,dense,95,44.7042,5.98587,0.349275,44.698,16257357230,mixed,25.2803,24066194
56,youtube2007,8,dense,98,27.6425,1.3547,0.115725,27.6404,3867011564,mixed,11.4993,18591641
57,youtube2007,8,dense,99,0.0146156,0.968903,0.00546533,0.0144368,21995,mixed,0.00455865,12963
58,youtube2007,8,sparse,1,0.212083,2.07129,0.0379318,0.210736,6801281,mixed,0.0758891,151985
59,youtube2007,8,sparse,2,45.0169,11.862,1.12218,44.9984,21830099425,mixed,21.1353,24104677
60,youtube2007,8,sparse,5,5.6919,1.26522,0.0730436,5.69038,447209421,mixed,2.36669,376356
61,youtube2007,8,sparse,6,2.28679,8.05484,0.256857,2.27641,202680341,mixed,1.59563,1367290
62,youtube2007,8,sparse,7,0.322733,1.49686,0.0316624,0.322158,94999955,mixed,0.232808,144680
63,youtube2007,8,sparse,8,169.342,4.64166,0.791432,169.332,8102001448,mixed,149.633,133235979
64,youtube2007,8,sparse,10,0.00368372,1.14079,0.00330633,0.00350321,38499,mixed,0.000921353,1249
65,youtube2007,8,sparse,13,421.401,26.9477,5.6868,421.351,6227460784,mixed,138.554,168111058
66,youtube2007,8,sparse,14,273.659,35.9069,6.01246,273.592,10218984832,mixed,104.466,64303040
67,youtube2007,8,sparse,15,2.07935,6.4175,0.180772,2.06844,2331668142,mixed,1.3383,1577008
68,youtube2007,8,sparse,16,64.1088,16.6426,2.81554,64.0795,1543726926,mixed,33.1995,42877395
69,youtube2007,8,sparse,19,0.0783496,3.50337,0.103461,0.0777334,80157,mixed,0.0335007,79570
70,youtube2007,8,sparse,21,1.48511,3.0568,0.0673031,1.48298,30171076,mixed,1.14057,738770
71,youtube2007,8,sparse,23,0.364655,4.14852,0.102252,0.359897,6328838,mixed,0.191111,337078
72,youtube2007,8,sparse,24,148.748,14.4489,2.3837,148.715,15258440598,mixed,51.26,63879472
73,youtube2007,8,sparse,25,40.8438,3.09407,0.475668,40.8386,3847241262,mixed,26.0745,25821376
74,youtube2007,8,sparse,26,15.19,7.18825,0.689404,15.1778,467197878,mixed,4.10535,10204652
75,youtube2007,8,sparse,28,22.1636,15.9846,1.74509,22.1222,30794348148,mixed,11.1966,11041839
76,youtube2007,8,sparse,29,0.169235,0.848878,0.0206157,0.168686,557762,mixed,0.0868063,125249
77,youtube2007,8,sparse,31,62.6623,35.4543,2.31365,62.6017,46877168000,mixed,19.0412,36591351
78,youtube2007,8,sparse,32,178.467,7.45487,0.426743,178.461,12519768722,mixed,83.8542,11026266
79,youtube2007,8,sparse,33,0.286494,2.46731,0.152474,0.283545,84169176,mixed,0.155688,291036
80,youtube2007,8,sparse,34,1.80376,1.36156,0.0448272,1.80306,9046410,mixed,1.18607,1411426
81,youtube2007,8,sparse,36,22.7731,24.2146,2.5244,22.7453,522870260,mixed,9.07028,14349675
82,youtube2007,8,sparse,38,118.418,35.9972,3.18649,118.358,263842843252,mixed,47.3399,31397348
83,youtube2007,8,sparse,39,0.00259358,1.17318,0.00374353,0.0024201,3037,mixed,0.00104097,1457
84,youtube2007,8,sparse,40,28.7039,18.2056,2.10737,28.6696,113125525906,mixed,11.6538,15726140
85,youtube2007,8,sparse,41,16.1439,10.2481,1.11563,16.1265,579963456,mixed,7.15338,8693513
86,youtube2007,8,sparse,43,356.712,9.79677,0.679456,356.696,22078410104,mixed,123.638,28075388
87,youtube2007,8,sparse,44,71.523,23.4588,4.40225,71.4732,30538209946,mixed,24.4606,47585203
88,youtube2007,8,sparse,45,4.42393,8.02731,0.341195,4.41934,119899767,mixed,3.1142,2225205
89,youtube2007,8,sparse,46,41.835,29.3754,3.46216,41.7804,289232483128,mixed,27.5534,30107739
90,youtube2007,8,sparse,47,0.0110399,1.66998,0.0185245,0.010666,33738,mixed,0.00331804,8481
91,youtube2007,8,sparse,49,0.835793,7.06689,0.312361,0.828991,72169044,mixed,0.295482,558622
92,youtube2007,8,sparse,53,12.4125,20.1053,0.90396,12.3983,374533618,mixed,4.38931,6074330
93,youtube2007,8,sparse,54,0.0622896,4.01901,0.0358111,0.0615649,175996,mixed,0.0198086,56051
94,youtube2007,8,sparse,55,0.0181995,1.36135,0.00479518,0.0179579,149802,mixed,0.00787117,11153
95,youtube2007,8,sparse,57,390.627,22.4661,3.73037,390.59,105419480996,mixed,258.933,162556472
96,youtube2007,8,sparse,58,0.0221631,1.21671,0.00682438,0.0219182,618334,mixed,0.00704678,14865
97,youtube2007,8,sparse,59,0.0313649,3.1105,0.0256255,0.0300943,384423,mixed,0.0141146,19701
98,youtube2007,8,sparse,61,3.14437,6.14284,0.247977,3.14063,100720240,mixed,1.17816,1784187
99,youtube2007,8,sparse,62,64.4576,11.8762,0.710354,64.4349,5819592620,mixed,19.0443,9266669
100,youtube2007,8,sparse,63,56.3152,5.38301,0.411553,56.3032,23493698411,mixed,28.0429,10534521
101,youtube2007,8,sparse,66,100.969,12.7702,1.15301,100.954,44527091726,mixed,40.1315,57050214
102,youtube2007,8,sparse,67,27.6204,21.4599,1.87228,27.6002,4045457427,mixed,11.2271,12458739
103,youtube2007,8,sparse,69,0.0966265,1.55335,0.0195784,0.0961786,1543128,mixed,0.0555958,78567
104,youtube2007,8,sparse,70,77.7003,5.87043,0.725053,77.6883,13082101753,mixed,54.3459,31716460
105,youtube2007,8,sparse,71,0.0128865,1.56631,0.0130479,0.0125703,26132,mixed,0.00516402,10432
106,youtube2007,8,sparse,74,5.36905,7.0028,0.715408,5.35887,434568060,mixed,2.56953,4530663
107,youtube2007,8,sparse,75,5.2288,3.47699,0.442721,5.2239,128661084,mixed,3.11481,3481392
108,youtube2007,8,sparse,77,5.15676,9.23445,0.62308,5.1494,315521056,mixed,1.61373,3783792
109,youtube2007,8,sparse,78,3.19025,6.701,0.275221,3.18566,281908678,mixed,1.68696,2104342
110,youtube2007,8,sparse,79,0.0673496,0.706312,0.0139529,0.0670465,1019974,mixed,0.0326523,59685
111,youtube2007,8,sparse,81,5.40111,4.33585,0.651617,5.39334,68085662,mixed,3.5155,3922394
112,youtube2007,8,sparse,82,3.1108,7.79934,0.456338,3.09954,687402169968,mixed,1.37178,1432714
113,youtube2007,8,sparse,84,0.0160954,2.12185,0.00618251,0.0150345,120209,mixed,0.00425601,6337
114,youtube2007,8,sparse,85,0.00240873,1.20869,0.00171469,0.00228876,2042,mixed,0.000822337,698
115,youtube2007,8,sparse,86,124.981,6.76732,0.749658,124.972,17583213736,mixed,74.8093,66130137
116,youtube2007,8,sparse,87,16.0959,7.84151,1.28722,16.0821,633891481,mixed,11.076,12392815
117,youtube2007,8,sparse,88,15.9384,32.351,2.29261,15.9017,512765976,mixed,5.10973,11718968
118,youtube2007,8,sparse,89,0.00664192,0.459748,0.0040441,0.00645931,946368,mixed,0.00387966,3771
119,youtube2007,8,sparse,91,186.173,29.0848,1.66412,186.136,91955469918,mixed,54.2241,96788913
120,youtube2007,8,sparse,94,0.332306,15.3737,0.166765,0.328011,12298296,mixed,0.150836,204643
121,youtube2007,8,sparse,95,326.543,30.8053,3.46355,326.499,396697720310,mixed,109.157,207469545
122,youtube2007,8,sparse,97,29.6816,11.7134,1.46912,29.6631,1308979896,mixed,10.6404,16962956
123,youtube2007,8,sparse,99,0.269073,1.61706,0.09777,0.267517,10737740,mixed,0.252541,162138
