,dataset,query_size,query_mode,query_index,elapsed_execution_time,filter_time,plan_time,enumerate_time,n_embeddings,order,max_task_time,n_intersections
0,youtube2007,12,dense,3,58.3242,2.18742,0.50644,58.3207,11404505557,mixed,26.8177,49865882
1,youtube2007,12,dense,4,0.685193,1.37119,0.0364675,0.684428,55120515,mixed,0.503907,345140
2,youtube2007,12,dense,7,41.4301,1.16834,0.195744,41.4287,2545935373,mixed,11.5517,48191260
3,youtube2007,12,dense,9,1.55711,1.5207,0.192292,1.55615,19129765,mixed,0.767046,1977777
4,youtube2007,12,dense,10,0.315109,2.07432,0.152103,0.313272,123681863,mixed,0.0960629,336323
5,youtube2007,12,dense,14,0.00148982,0.847172,0.00205971,0.001294,19773,5 3 2 8 6 7 9 1 0 4 10 11 ,0.001294,524
6,youtube2007,12,dense,15,0.0118622,0.613704,0.00423028,0.0116292,1900800,mixed,0.00882625,6029
7,youtube2007,12,dense,18,75.2369,1.70158,0.193582,75.2309,23170255068,mixed,36.0301,21925896
8,youtube2007,12,dense,22,0.000847367,0.939287,0.00158804,0.00045396,90,10 9 3 6 7 8 5 1 0 4 11 2 ,0.00045396,47
9,youtube2007,12,dense,24,1.19195,0.753429,0.0374761,1.19165,65974348,mixed,0.932144,1253402
10,youtube2007,12,dense,27,0.00104321,0.938855,0.00474475,0.000855844,600,1 4 5 6 7 2 9 8 0 3 10 11 ,0.000855844,308
11,youtube2007,12,dense,28,0.435812,0.844573,0.0223435,0.43553,3860614,mixed,0.272237,293385
12,youtube2007,12,dense,29,0.00628219,1.04241,0.00969688,0.00602643,6480,mixed,0.00261436,2419
13,youtube2007,12,dense,30,14.0061,1.81745,0.133284,14.0041,909940848,mixed,9.61092,5142852
14,youtube2007,12,dense,32,0.000750181,0.949863,0.00171205,0.000566421,108,1 3 5 2 4 8 9 0 7 6 10 11 ,0.000566421,55
15,youtube2007,12,dense,36,38.9372,3.56199,1.49796,38.9201,15614261899,mixed,17.6489,35285609
16,youtube2007,12,dense,39,120.786,1.13403,0.4769,120.779,12230106544,mixed,88.5903,32451719
17,youtube2007,12,dense,40,29.7869,1.6213,0.731524,29.7818,85671788390,mixed,19.787,37437049
18,youtube2007,12,dense,47,26.2516,1.37503,0.0840314,26.2498,7621380960,mixed,18.7541,21485131
19,youtube2007,12,dense,48,338.496,1.64942,1.15398,338.489,157454094524,mixed,180.76,251992119
20,youtube2007,12,dense,51,0.507138,1.65885,0.0768219,0.506592,442436,mixed,0.352966,431206
21,youtube2007,12,dense,52,0.0390519,1.6834,0.0876343,0.0383716,14370,mixed,0.0143871,32555
22,youtube2007,12,dense,54,60.9894,2.10972,0.830542,60.9767,45783616076,mixed,26.7406,47940956
23,youtube2007,12,dense,56,36.765,1.20783,0.542775,36.757,12229096514976,mixed,24.6806,35831724
24,youtube2007,12,dense,62,11.5803,1.35394,0.0298949,11.5797,5664924965068,mixed,8.68525,9702029
25,youtube2007,12,dense,66,0.00144123,0.848535,0.00395683,0.00109913,1030477,mixed,0.00109734,981
26,youtube2007,12,dense,67,0.172373,1.48082,0.0894652,0.171988,380104,mixed,0.137592,214215
27,youtube2007,12,dense,68,1.74962,1.41602,0.14478,1.7487,52335527,mixed,0.890293,1724001
28,youtube2007,12,dense,69,44.9557,1.85945,0.158745,44.9539,4159957634,mixed,37.925,37734680
29,youtube2007,12,dense,72,0.193422,1.28804,0.0477511,0.192461,2931261,mixed,0.126162,209400
30,youtube2007,12,dense,75,36.3433,2.53001,1.37186,36.3382,378594590,mixed,12.2493,42863092
31,youtube2007,12,dense,82,4.06227,1.31031,0.241965,4.05999,930130080,mixed,1.90373,5295277
32,youtube2007,12,dense,87,200.225,0.6606,0.292171,200.223,613361939205,mixed,168.413,146803978
33,youtube2007,12,dense,88,103.566,2.17993,0.0218261,103.565,6931048322,mixed,73.337,13468397
34,youtube2007,12,dense,89,0.0631392,1.05092,0.0437689,0.0626523,371898,mixed,0.0426244,85974
35,youtube2007,12,dense,90,0.144265,1.46751,0.0755477,0.143572,8299904,mixed,0.0854565,160632
36,youtube2007,12,dense,93,297.728,1.87201,0.491355,297.725,46894768211,mixed,158.375,404560874
37,youtube2007,12,dense,100,0.00823597,0.797045,0.0022513,0.00798164,362688,3 10 4 5 6 1 2 0 8 7 11 9 ,0.00798164,11116
38,youtube2007,12,sparse,1,0.13214,1.37451,0.081417,0.130574,13714975,mixed,0.0535896,108763
39,youtube2007,12,sparse,3,8.52407,1.47942,0.539631,8.51746,2470739053,mixed,5.66119,4574192
40,youtube2007,12,sparse,4,0.000735855,0.889281,0.00180506,0.000600275,9,4 3 1 7 11 6 2 0 5 10 9 8 ,0.000600275,41
41,youtube2007,12,sparse,8,442.108,3.36992,3.47153,442.085,27115194471036,mixed,294.407,286664228
42,youtube2007,12,sparse,9,0.145041,1.93755,0.166985,0.139071,6656420,mixed,0.0698394,136017
43,youtube2007,12,sparse,10,0.0646304,1.58433,0.0427279,0.0641479,4526967,mixed,0.0307134,68352
44,youtube2007,12,sparse,11,1.32704,0.457435,0.00446055,1.32691,10281600,mixed,1.324,1104022
45,youtube2007,12,sparse,14,0.0104958,1.22497,0.00856597,0.0102066,93744,mixed,0.00290006,1479
46,youtube2007,12,sparse,18,0.0978939,1.96194,0.0843995,0.0964428,4450907,mixed,0.0296252,92944
47,youtube2007,12,sparse,20,135.756,4.65114,2.78539,135.736,144794242722,mixed,85.8497,80042726
48,youtube2007,12,sparse,22,0.770514,0.613429,0.0115057,0.770005,151779848,7 0 2 1 5 4 3 8 10 9 6 11 ,0.770005,335631
49,youtube2007,12,sparse,25,1.45502,1.63434,0.414141,1.45004,132631142,mixed,1.09505,1504894
50,youtube2007,12,sparse,26,0.090794,1.40238,0.0587669,0.0904008,2558464,mixed,0.0516702,69257
51,youtube2007,12,sparse,27,0.00561655,0.951411,0.00686897,0.00544356,1664,mixed,0.00177279,789
52,youtube2007,12,sparse,29,0.00305478,0.738196,0.00421684,0.00265556,372064,mixed,0.00211654,791
53,youtube2007,12,sparse,32,10.9916,0.843727,0.00905396,10.9914,1127664096,mixed,10.8515,27841
54,youtube2007,12,sparse,35,1.58194,1.49567,0.112687,1.5811,62278404,mixed,0.736097,879398
55,youtube2007,12,sparse,36,408.868,2.18722,1.52008,408.857,569919675804,mixed,302.371,330286349
56,youtube2007,12,sparse,37,385.143,1.99936,1.50564,385.131,49291835057,mixed,133.048,311599271
57,youtube2007,12,sparse,40,37.2447,1.84064,0.928149,37.2362,10542782150,mixed,17.8598,36209630
58,youtube2007,12,sparse,41,176.975,1.66203,1.48978,176.964,118890186178,mixed,87.5975,26088767
59,youtube2007,12,sparse,43,0.0030857,0.740257,0.00345287,0.00274506,208352,mixed,0.0020776,809
60,youtube2007,12,sparse,44,0.00143546,0.935533,0.00367072,0.00129436,4,mixed,0.000686394,122
61,youtube2007,12,sparse,48,20.4926,1.97926,1.82431,20.4844,5254594281,mixed,18.3108,3374970
62,youtube2007,12,sparse,52,4.76472,3.17001,1.49758,4.75802,2838260590,mixed,1.67394,3013024
63,youtube2007,12,sparse,54,10.1951,2.82177,2.3452,10.1767,2679808568,mixed,2.60004,10048336
64,youtube2007,12,sparse,62,16.7659,1.91461,0.78183,16.7594,380942676450,mixed,10.038,15373753
65,youtube2007,12,sparse,66,0.0893833,0.627751,0.0249232,0.0890212,13459718,mixed,0.0551456,105745
66,youtube2007,12,sparse,70,175.321,4.05002,4.07715,175.278,29587570769,mixed,89.5455,103458060
67,youtube2007,12,sparse,72,472.753,0.78169,0.28606,472.75,94862458453,mixed,463.685,157446103
68,youtube2007,12,sparse,74,2.48978,0.819569,0.045737,2.48905,31474355792,mixed,2.423,1349136
69,youtube2007,12,sparse,79,297.595,0.567467,0.226831,297.594,37690482509,mixed,295.997,39951714
70,youtube2007,12,sparse,82,10.9485,2.54824,0.777742,10.935,22165352608,mixed,3.90294,6419957
71,youtube2007,12,sparse,85,0.562396,1.26468,0.0733557,0.561175,817317851,mixed,0.37614,223947
72,youtube2007,12,sparse,88,0.127165,1.01113,0.0226496,0.126928,15820437,mixed,0.119636,90638
73,youtube2007,12,sparse,93,1.63027,3.09514,0.515399,1.6203,334168173815,mixed,0.646713,1143631
74,youtube2007,12,sparse,94,1.46158,2.44184,0.15992,1.45894,26651084,mixed,0.835009,892698
75,youtube2007,12,sparse,100,3.32757,1.68568,0.544881,3.32354,294240712,mixed,2.46478,3436420
