dataset,query_size,query_mode,query_index,elapsed_execution_time,filter_time,plan_time,enumerate_time,n_embeddings,order,max_task_time
human,16,dense,1,
human,16,dense,2,
human,16,dense,3,
human,16,dense,4,
human,16,dense,6,2.8834,0.00370314,0.00440881,2.88318,70156800,11 5 6 7 8 9 10 4 3 2 1 13 0 14 15 12 ,1.76972
human,16,dense,7,123.451,0.00265354,0.00947902,123.451,32855870592,2 5 4 7 12 15 10 11 9 8 13 14 3 0 1 6 ,123.451
human,16,dense,8,148.954,0.00331144,0.00426113,148.954,6914865348352512,5 2 13 15 1 0 3 4 8 9 10 11 12 7 14 6 ,148.954
human,16,dense,9,2.11535,0.00114719,0.00753884,2.11519,2384640,2 7 8 9 0 1 3 4 5 6 11 12 10 14 13 15 ,2.11519
human,16,dense,10,0.0490397,0.00318069,0.00417688,0.0489166,21684960,2 5 4 1 6 8 15 7 0 3 13 10 11 12 9 14 ,0.0489166
human,16,dense,11,
human,16,dense,12,
human,16,dense,13,
human,16,dense,14,
human,16,dense,15,
human,16,dense,16,
human,16,dense,18,
human,16,dense,20,
human,16,dense,21,
human,16,dense,23,
human,16,dense,24,
human,16,dense,26,
human,16,dense,28,
human,16,dense,29,
human,16,dense,30,
human,16,dense,31,
human,16,dense,32,
human,16,dense,33,
human,16,dense,34,
human,16,dense,35,
human,16,dense,36,
human,16,dense,37,
human,16,dense,39,
human,16,dense,40,
human,16,dense,41,
human,16,dense,42,0.0597275,0.00254414,0.00521206,0.0595932,29376000,11 13 7 4 12 9 3 8 10 14 15 5 6 2 0 1 ,0.0595932
human,16,dense,43,
human,16,dense,45,
human,16,dense,46,2.96689,0.00128773,0.0051268,2.9667,22339584,3 1 4 6 7 8 9 10 5 11 12 13 14 15 0 2 ,2.9667
human,16,dense,47,308.533,0.00234608,0.00481287,308.532,11381345676288,4 8 9 7 10 0 6 3 1 2 11 5 14 15 12 13 ,308.532
human,16,dense,48,
human,16,dense,49,
human,16,dense,50,
human,16,dense,51,
human,16,dense,53,11.171,0.00133585,0.00753977,11.1709,52482714048,3 2 7 9 10 1 11 13 8 12 0 4 6 5 15 14 ,11.1709
human,16,dense,54,
human,16,dense,55,
human,16,dense,56,
human,16,dense,57,
human,16,dense,58,
human,16,dense,59,
human,16,dense,60,
human,16,dense,61,
human,16,dense,63,
human,16,dense,64,
human,16,dense,65,
human,16,dense,68,0.5653,0.00255769,0.00511813,0.565096,70156800,6 8 9 4 5 11 7 15 12 13 14 10 2 1 0 3 ,0.565096
human,16,dense,77,304.049,0.00194046,0.00528204,304.048,304881408000,5 6 11 12 14 15 2 13 0 1 3 4 7 8 9 10 ,304.048
human,16,dense,78,29.0593,0.00386458,0.00740312,29.0591,3357679680,14 13 15 12 11 10 5 3 2 7 6 4 8 9 1 0 ,23.5747
human,16,dense,82,0.00346521,0.00300424,0.00414622,0.0033829,698752,10 9 11 15 13 3 4 12 14 7 2 0 1 8 5 6 ,0.0033829
human,16,dense,85,0.149596,0.00191527,0.00364972,0.149466,11107908000,2 4 5 0 1 3 6 13 8 7 9 11 12 14 15 10 ,0.0984447
human,16,sparse,6,25.3197,0.00331548,0.0150926,25.3195,21302442363024,mixed,25.097
human,16,sparse,7,2.33793,0.00266298,0.00976201,2.33775,33442867872,4 2 7 12 15 11 8 14 9 13 10 1 6 0 3 5 ,2.33775
human,16,sparse,9,1.8425,0.00126322,0.0121524,1.84231,2843873280,3 4 1 2 12 0 5 9 8 11 10 7 13 6 14 15 ,1.84231
human,16,sparse,10,0.0381959,0.00306009,0.00956477,0.0380581,639393670,3 14 15 8 1 0 4 2 6 13 12 11 10 5 7 9 ,0.03461
human,16,sparse,11,18.0099,0.00284968,0.0126381,18.0098,69888451875840,0 6 8 5 1 10 9 12 4 7 3 2 13 14 15 11 ,18.0098
human,16,sparse,24,9.11957,0.00260145,0.0549334,9.11935,18446744073709551615,4 3 8 11 2 9 13 12 6 5 10 1 15 0 7 14 ,9.11935
human,16,sparse,26,112.415,0.00215679,0.0105445,112.415,18446744073709551615,9 10 7 11 5 8 6 3 2 1 0 4 14 12 15 13 ,112.405
human,16,sparse,31,255.971,0.00381744,0.00458139,255.971,92273670720000,0 3 4 5 12 1 6 9 15 13 2 7 8 10 11 14 ,255.971
human,16,sparse,33,501.349,0.00213473,0.014855,501.349,9588446540025600,1 13 10 2 7 9 8 6 14 11 3 0 15 4 12 5 ,501.349
human,16,sparse,35,110.064,0.00281973,0.0271288,110.064,18446744073709551615,4 15 0 2 1 10 7 6 8 9 13 11 12 3 5 14 ,110.064
human,16,sparse,42,0.0201615,0.00222879,0.0059342,0.020048,524059200,7 9 13 8 6 11 14 4 5 10 12 2 0 3 15 1 ,0.020048
human,16,sparse,46,0.454297,0.00148742,0.0101463,0.454132,2160126720,3 5 1 4 8 9 10 0 15 12 13 2 6 7 14 11 ,0.454132
human,16,sparse,47,287.569,0.00216182,0.0404446,287.569,1563944522735616,8 15 14 12 4 3 5 6 13 0 11 7 10 1 2 9 ,287.569
human,16,sparse,49,6.03821,0.00227886,0.0147893,6.038,18446744073709551615,0 8 5 9 3 10 6 4 1 13 11 7 12 14 15 2 ,6.038
human,16,sparse,53,18.0228,0.00144823,0.00873605,18.0226,2481184684872,3 10 7 8 9 1 2 0 4 6 5 15 13 11 14 12 ,18.0226
human,16,sparse,68,5.5127,0.0024572,0.00775215,5.51247,8479928700,5 9 6 11 7 4 12 8 14 13 15 10 2 0 1 3 ,5.51247
human,16,sparse,71,158.044,0.00329266,0.0166545,158.044,22050419693364720,4 5 7 11 6 9 0 2 1 14 10 12 15 13 8 3 ,158.044
human,16,sparse,77,0.490869,0.001956,0.00538204,0.490651,771224872320,5 14 12 15 6 11 7 13 2 4 0 3 1 8 10 9 ,0.490651
human,16,sparse,79,75.4531,0.0020716,0.00979604,75.4528,18446744073709551615,0 6 7 5 4 1 2 3 12 13 10 9 11 8 14 15 ,75.4528
human,16,sparse,82,0.00222708,0.00322921,0.00321026,0.00213455,5444928,10 3 4 11 12 7 13 2 8 0 5 14 9 15 6 1 ,0.00213455
human,16,sparse,83,0.610581,0.00279526,0.00748513,0.610372,108433084989623520,5 4 3 6 0 1 8 12 2 10 11 13 7 14 15 9 ,0.610372
human,16,sparse,85,0.0115788,0.00201561,0.00562579,0.0114668,109742850000,2 4 3 5 6 1 8 9 11 12 13 0 7 10 14 15 ,0.00776462
human,16,sparse,91,266.599,0.002486,0.012592,266.599,18446744073709551615,2 5 4 3 12 1 0 9 7 11 8 10 6 14 15 13 ,266.599
