dataset,query_size,query_mode,query_index,elapsed_execution_time,filter_time,plan_time,enumerate_time,n_embeddings,order,max_task_time
human,16,sparse,3,935.588,0.0076137,0.0228221,935.588,2029477100848,0 2 14 4 5 3 1 15 13 8 6 12 10 7 11 9 ,935.588
human,16,sparse,6,5.38809,0.0089213,0.0110634,5.38786,21302442363024,mixed,3.56703
human,16,sparse,7,3.68241,0.00922465,0.0116882,3.68215,33442867872,4 7 12 15 11 9 14 13 8 10 0 3 2 6 5 1 ,3.68215
human,16,sparse,9,1.99735,0.00390398,0.0242759,1.99717,2843873280,2 3 9 0 4 1 5 6 10 12 11 7 8 13 14 15 ,1.99717
human,16,sparse,10,0.230144,0.00712363,0.0136564,0.229987,639393670,mixed,0.168538
human,16,sparse,11,13.0844,0.00577127,0.0108918,13.0842,69888451875840,0 5 1 10 9 12 13 15 11 6 2 14 7 8 3 4 ,13.0842
human,16,sparse,24,34.4205,0.0250363,0.0323576,34.4202,18446744073709551615,4 2 1 3 8 0 9 11 13 7 6 12 15 10 5 14 ,34.4202
human,16,sparse,26,126.957,0.0100225,0.0168435,126.957,18446744073709551615,mixed,126.95
human,16,sparse,31,74.6436,0.00618787,0.00368756,74.6435,92273670720000,0 3 4 10 11 6 5 12 15 1 2 7 8 9 13 14 ,74.6435
human,16,sparse,33,574.419,0.0051657,0.0202097,574.419,9588446540025600,10 15 1 7 9 6 13 14 2 11 12 5 8 3 0 4 ,574.419
human,16,sparse,35,98.3612,0.0144984,0.0252889,98.3609,18446744073709551615,4 15 2 1 0 3 10 6 8 7 5 14 9 13 11 12 ,98.3609
human,16,sparse,42,0.0124963,0.00642889,0.00626739,0.0123091,524059200,0 1 2 12 8 9 7 13 11 14 15 4 3 6 5 10 ,0.0123091
human,16,sparse,46,0.503576,0.00406571,0.00888157,0.50337,2160126720,5 1 0 3 4 2 8 9 10 6 7 15 12 13 14 11 ,0.50337
human,16,sparse,47,646.39,0.00876459,0.0234743,646.389,1563944522735616,11 15 8 7 10 4 0 3 1 2 14 12 13 6 5 9 ,646.389
human,16,sparse,49,5.27989,0.00931553,0.0121242,5.27965,18446744073709551615,9 8 10 0 1 5 6 7 13 11 4 3 12 14 15 2 ,5.27965
human,16,sparse,53,19.9798,0.00349834,0.0074625,19.9795,2481184684872,3 10 9 8 7 2 0 1 11 4 5 15 13 14 12 6 ,19.9795
human,16,sparse,68,19.3935,0.00606942,0.0103504,19.3933,8479928700,9 5 7 8 6 10 2 1 11 13 15 14 4 12 0 3 ,19.3933
human,16,sparse,71,155.421,0.0135209,0.0142896,155.421,22050419693364720,15 12 10 4 9 11 14 13 5 7 6 2 0 8 1 3 ,155.421
human,16,sparse,77,0.578526,0.00408952,0.00687719,0.578346,771224872320,5 6 7 0 2 14 11 12 13 15 3 4 1 8 10 9 ,0.578346
human,16,sparse,79,72.6568,0.00649196,0.0123661,72.6566,18446744073709551615,0 6 7 5 3 4 12 1 2 13 10 11 8 9 14 15 ,72.6566
human,16,sparse,82,0.00198074,0.00642472,0.00358461,0.00189019,5444928,3 4 10 13 11 12 9 0 14 15 2 7 6 8 1 5 ,0.00189019
human,16,sparse,83,1.03096,0.00562877,0.00511075,1.03074,108433084989623520,0 5 6 3 4 1 7 15 2 10 11 13 12 14 9 8 ,1.03074
human,16,sparse,85,0.0238945,0.00343902,0.00717527,0.0237451,109742850000,mixed,0.0137071
human,16,sparse,91,884.636,0.0105382,0.0232182,884.635,18446744073709551615,0 1 2 4 5 3 9 7 8 6 14 13 11 12 10 15 ,884.635
human,16,dense,6,0.507178,0.00720025,0.00740466,0.507035,70156800,mixed,0.333212
human,16,dense,7,187.501,0.00828508,0.00890327,187.5,32855870592,4 7 12 15 9 10 11 8 13 14 0 5 3 1 2 6 ,187.5
human,16,dense,8,484.98,0.00850297,0.00722941,484.98,6898980826774512,15 5 2 0 13 1 9 11 8 10 12 7 14 6 3 4 ,484.98
human,16,dense,9,0.70815,0.00377593,0.00501115,0.707975,2384640,2 10 7 8 9 11 12 13 14 15 0 1 3 4 5 6 ,0.707975
human,16,dense,10,11.1149,0.0060165,0.00437076,11.1147,21684960,3 14 10 11 12 13 9 5 15 2 0 8 4 1 6 7 ,11.1147
human,16,dense,42,1.8079,0.0045971,0.00518326,1.80777,29376000,0 1 2 12 4 9 13 7 11 3 8 10 14 15 5 6 ,1.80777
human,16,dense,46,2.63003,0.00336713,0.00529783,2.62983,22339584,5 1 0 3 4 2 11 12 13 14 15 8 6 7 9 10 ,2.62983
human,16,dense,53,8.28554,0.00398727,0.00597997,8.28532,52482714048,3 11 2 7 9 10 8 13 15 0 1 5 12 14 4 6 ,8.28532
human,16,dense,68,1.09986,0.00605205,0.00848697,1.09974,70156800,9 5 7 8 15 10 2 6 4 1 11 12 13 14 0 3 ,1.09974
human,16,dense,77,327.194,0.00504024,0.00543522,327.194,304881408000,7 5 6 11 12 14 15 0 2 13 1 3 4 8 9 10 ,327.194
human,16,dense,78,38.9377,0.0169098,0.0254316,38.9375,3357679680,mixed,32.6245
human,16,dense,82,0.00321573,0.00584622,0.00392331,0.00306629,698752,11 13 15 2 3 4 9 10 12 14 0 7 6 1 8 5 ,0.00306629
human,16,dense,85,0.469782,0.00303341,0.00731729,0.469648,11107908000,mixed,0.38709
