,dataset,query_size,query_mode,query_index,elapsed_execution_time,filter_time,plan_time,enumerate_time,n_embeddings,order,max_task_time,n_intersections
0,youtube2007,16,dense,1,0.238873,1.37852,0.0283722,0.237442,116786260,mixed,0.222855,283135
1,youtube2007,16,dense,2,535.374,0.510507,0.0244058,535.374,201113564928,mixed,533.118,303379235
2,youtube2007,16,dense,6,24.5664,1.11385,0.0743663,24.5658,7856936640,mixed,14.4964,18870187
3,youtube2007,16,dense,8,71.1305,1.68685,0.366997,71.1287,793405166,mixed,61.1375,78364506
4,youtube2007,16,dense,15,0.647291,1.50513,0.255884,0.645432,183120,mixed,0.308638,1119602
5,youtube2007,16,dense,16,0.0166982,1.41718,0.0133145,0.0162588,310560,mixed,0.0120683,12835
6,youtube2007,16,dense,20,0.00113949,1.35818,0.00398335,0.000950751,960,4 3 7 9 11 12 6 10 13 15 5 8 14 0 1 2 ,0.000950751,280
7,youtube2007,16,dense,30,0.022195,0.611544,0.0174636,0.0215564,91728,mixed,0.0205755,20915
8,youtube2007,16,dense,32,0.0449434,1.62623,0.00487278,0.0447762,20736,3 8 10 9 11 13 2 4 5 7 15 6 12 14 0 1 ,0.0447762,51342
9,youtube2007,16,dense,34,12.7184,2.92979,0.466552,12.7162,125132004,mixed,7.05161,17663526
10,youtube2007,16,dense,36,23.9403,1.19714,0.180747,23.9396,821011650,mixed,14.5472,22187938
11,youtube2007,16,dense,37,0.0884956,1.95256,0.048387,0.0868197,907560,mixed,0.0469131,79629
12,youtube2007,16,dense,40,8.65152,2.16717,0.334273,8.64837,287925698,mixed,5.50589,4528382
13,youtube2007,16,dense,41,0.0055753,1.95507,0.0155583,0.00540878,99456,mixed,0.00364939,4338
14,youtube2007,16,dense,43,0.00341805,0.917999,0.00452861,0.0031799,111600,7 1 3 13 0 5 10 12 2 4 9 6 8 11 14 15 ,0.0031799,3395
15,youtube2007,16,dense,46,0.0432744,1.62229,0.011798,0.0429847,18173520,mixed,0.0405279,28835
16,youtube2007,16,dense,48,0.00213535,1.07109,0.00348106,0.00192536,378,5 10 3 6 7 8 1 9 13 2 4 12 11 14 15 0 ,0.00192536,1283
17,youtube2007,16,dense,53,0.00591117,1.31768,0.0086491,0.00537265,1920,mixed,0.00341829,3059
18,youtube2007,16,dense,55,74.1279,3.91853,2.39155,74.1196,85356084,mixed,28.2355,77429470
19,youtube2007,16,dense,63,30.8938,1.9843,1.08223,30.891,147001142,mixed,22.947,41125933
20,youtube2007,16,dense,68,0.00122594,1.04381,0.00412119,0.00107922,2898,9 2 4 3 6 5 7 13 8 1 11 10 14 15 0 12 ,0.00107922,287
21,youtube2007,16,dense,71,0.0129505,1.92305,0.0296818,0.0123543,1296,mixed,0.00445753,5430
22,youtube2007,16,dense,75,3.26426,0.832476,0.0102778,3.26398,6220800,2 3 6 8 9 5 7 10 1 13 11 12 4 0 15 14 ,3.26398,4860672
23,youtube2007,16,dense,77,397.236,2.88321,1.53617,397.232,41226132556,mixed,156.863,356192148
24,youtube2007,16,dense,79,0.00116994,1.33112,0.00341212,0.000977555,88,12 3 6 4 0 2 11 9 5 1 8 10 7 14 15 13 ,0.000977555,91
25,youtube2007,16,dense,83,0.599442,1.356,0.0135404,0.598157,58742415,mixed,0.431153,395388
26,youtube2007,16,dense,87,121.466,1.15248,0.352199,121.462,26152496824,mixed,121.295,42973183
27,youtube2007,16,sparse,4,0.135815,1.34084,0.101815,0.135338,657980,mixed,0.122289,132645
28,youtube2007,16,sparse,5,11.1006,2.91944,0.156368,11.096,2727018232,mixed,10.7755,4996067
29,youtube2007,16,sparse,8,0.181688,2.07259,0.0788837,0.180598,850584116,mixed,0.106943,171692
30,youtube2007,16,sparse,9,0.00795382,1.81922,0.00721159,0.00767325,311256,mixed,0.00547475,3785
31,youtube2007,16,sparse,10,225.572,1.97855,0.0633625,225.571,21737079360,mixed,217.863,27217112
32,youtube2007,16,sparse,15,3.69789,0.605028,0.0820982,3.69668,44297152606,mixed,3.69401,611036
33,youtube2007,16,sparse,23,0.010475,1.95036,0.0383974,0.0101457,9272,mixed,0.00267002,2584
34,youtube2007,16,sparse,27,0.780735,1.59852,0.149098,0.780015,11816198,mixed,0.605073,612653
35,youtube2007,16,sparse,33,0.0918476,1.45388,0.066291,0.0913178,2993880,mixed,0.0633344,89327
36,youtube2007,16,sparse,35,15.3452,1.84725,0.164451,15.342,95324783888365368,mixed,15.3076,8023220
37,youtube2007,16,sparse,37,384.985,5.20782,1.92142,384.973,1875886074012,mixed,261.53,168801397
38,youtube2007,16,sparse,39,0.00159394,1.83218,0.00494603,0.000916113,2682720,6 1 5 13 14 11 8 3 10 12 9 15 2 7 4 0 ,0.000916113,111
39,youtube2007,16,sparse,41,2.11876,1.39615,0.231531,2.11769,12043334352,mixed,1.91133,1509444
40,youtube2007,16,sparse,43,12.1248,1.557,0.507037,12.1227,770387300,mixed,8.17371,14952007
41,youtube2007,16,sparse,44,0.0201147,1.43124,0.0191366,0.0199349,1373714,mixed,0.016504,17795
42,youtube2007,16,sparse,45,0.0830703,1.35291,0.00878301,0.0829068,1083768,mixed,0.0732965,77896
43,youtube2007,16,sparse,48,6.58483,1.81651,0.656936,6.58232,55024356,mixed,3.54565,7770502
44,youtube2007,16,sparse,51,5.94029,0.68685,0.0426093,5.9399,33065040,mixed,5.93355,2863067
45,youtube2007,16,sparse,53,570.838,3.74649,5.99157,570.815,179644401100356,mixed,323.3,347442217
46,youtube2007,16,sparse,54,9.7473,2.01036,0.00722926,9.74691,10827326400,mixed,9.74363,16996
47,youtube2007,16,sparse,69,0.0498898,1.33028,0.0607978,0.0490885,432000,mixed,0.0355114,28523
48,youtube2007,16,sparse,75,30.0812,1.55203,0.853412,30.0786,4722236998,mixed,15.0161,16943578
49,youtube2007,16,sparse,76,0.00369804,0.929028,0.0136091,0.00348298,3800,4 8 9 6 12 7 11 5 13 14 15 10 3 0 1 2 ,0.00348298,4639
50,youtube2007,16,sparse,77,529.429,1.22155,0.282093,529.427,2856052254821,mixed,529.32,468037331
51,youtube2007,16,sparse,79,0.236309,1.02318,0.0368991,0.235924,30669696,mixed,0.222836,139274
52,youtube2007,16,sparse,83,0.224164,2.30279,0.154617,0.222596,34990733636,mixed,0.0915187,203799
53,youtube2007,16,sparse,96,0.0464271,1.64818,0.181808,0.0453531,208986,mixed,0.0242756,35787
54,youtube2007,16,sparse,100,0.0020364,1.09727,0.0036529,0.00188316,6877523136,6 7 9 0 8 12 14 15 10 11 13 4 2 3 5 1 ,0.00188316,516
