dataset,query_size,query_mode,query_index,elapsed_execution_time,filter_time,plan_time,enumerate_time,n_embeddings,order,max_task_time,n_intersections
human,8,dense,1,28.7605,0.00214009,0.00206829,28.7603,16418241276.0,0 1 6 2 3 7 4 5 ,28.7603,7204664
human,8,dense,3,2.13242,0.00192674,0.00146189,2.13229,37840240800.0,2 0 1 3 5 7 4 6 ,2.13229,923140
human,8,dense,4,8.81361,0.00116203,0.00172487,8.81343,1100923920.0,1 0 2 3 4 5 7 6 ,8.81343,3998376
human,8,dense,6,0.11955,0.000847392,0.00139382,0.119404,15850800.0,7 2 1 0 3 4 5 6 ,0.119404,1561
human,8,dense,7,0.00131044,0.0010755,0.00120514,0.00120441,411188400.0,2 5 6 4 0 1 3 7 ,0.00120441,546
human,8,dense,11,535.714,0.0017278,0.004785,535.714,253116027696.0,mixed,499.54,127756454
human,8,dense,12,274.432,0.000849199,0.0012737,274.432,49557699072.0,2 0 1 4 5 6 3 7 ,274.432,9650
human,8,dense,14,150.076,0.00153533,0.00188009,150.076,22788041028.0,mixed,119.854,86585679
human,8,dense,15,281.263,0.00111901,0.00137028,281.263,3714173640.0,4 6 0 2 7 1 3 5 ,281.263,101542166
human,8,dense,16,0.00110419,0.00118484,0.000874907,0.00102705,12960.0,5 2 7 1 0 3 4 6 ,0.00102705,384
human,8,dense,17,1268.64,0.00285861,0.00848944,1268.64,3889829929092.0,mixed,1102.59,582333871
human,8,dense,19,477.751,0.00140486,0.00340367,477.751,15659851517904.0,mixed,477.749,2582586
human,8,dense,21,274.464,0.00081456,0.00125938,274.464,49557699072.0,2 0 1 4 5 6 3 7 ,274.464,9650
human,8,dense,23,6.36263,0.00100271,0.00137924,6.36246,1972656000.0,3 5 7 0 4 6 1 2 ,6.36246,323574
human,8,dense,26,61.4113,0.00161774,0.00347831,61.4112,44294373948.0,mixed,61.3933,27735221
human,8,dense,27,42.9351,0.00145159,0.00237141,42.9349,6631496976.0,1 0 5 3 4 2 6 7 ,42.9349,19333226
human,8,dense,28,891.85,0.000798422,0.00121212,891.849,169631393760.0,2 0 1 3 4 5 6 7 ,891.849,23330
human,8,dense,29,40.9819,0.0013402,0.00334745,40.9817,2643175850040.0,mixed,40.9799,12585478
human,8,dense,31,406.483,0.00196161,0.00387752,406.483,13327077611970.0,mixed,406.48,125643268
human,8,dense,34,369.792,0.00150575,0.00214041,369.792,14456657376.0,1 0 7 2 3 4 5 6 ,369.792,128439108
human,8,dense,37,0.266739,0.00146525,0.0019017,0.266568,22615639200.0,6 4 5 3 0 1 2 7 ,0.266568,118083
human,8,dense,39,2.09034,0.00121103,0.00121447,2.09017,3489423876.0,3 1 6 7 4 5 0 2 ,2.09017,1817645
human,8,dense,40,0.013741,0.00109256,0.00116777,0.0136413,72652800.0,2 0 4 1 3 6 5 7 ,0.0136413,5496
human,8,dense,41,69.1512,0.00140647,0.00185028,69.151,4812227758800.0,7 1 2 3 0 4 5 6 ,69.151,916209
human,8,dense,42,1.14542,0.00209929,0.00244597,1.14524,207687312.0,2 5 6 7 1 0 3 4 ,1.14524,716411
human,8,dense,43,30.4886,0.00142849,0.00260984,30.4884,184650121552.0,mixed,23.7158,10523803
human,8,dense,44,473.46,0.00233133,0.00481186,473.46,89298264360.0,mixed,446.659,168496074
human,8,dense,45,0.00487747,0.000684361,0.000976935,0.00479096,324000.0,1 5 6 0 2 3 4 7 ,0.00479096,3978
human,8,dense,46,6.43033,0.00102235,0.00119664,6.43015,23115456000.0,6 5 7 1 0 2 3 4 ,6.43015,92302
human,8,dense,48,2.09052,0.00101936,0.00214146,2.09036,21804288.0,0 2 7 1 3 4 5 6 ,2.09036,783043
human,8,dense,49,0.192821,0.000930439,0.0010057,0.192698,1075612032.0,0 1 2 3 6 7 4 5 ,0.192698,58368
human,8,dense,51,0.635212,0.00297814,0.0042677,0.635043,7037852577.0,1 0 6 2 4 7 3 5 ,0.635043,293089
human,8,dense,54,19.8001,0.00184208,0.00181485,19.7999,21461382692.0,1 5 2 3 6 0 4 7 ,19.7999,5161472
human,8,dense,55,274.329,0.000887499,0.00125412,274.329,49557699072.0,2 0 1 4 5 6 3 7 ,274.329,9650
human,8,dense,56,1036.47,0.00116094,0.00349334,1036.47,516023150592.0,1 0 2 3 4 5 6 7 ,1036.47,352925400
human,8,dense,58,179.864,0.00139993,0.00191218,179.863,144983739984.0,3 1 2 6 4 5 7 0 ,179.863,52336336
human,8,dense,60,0.0923405,0.000406741,0.00110075,0.0921955,23040.0,1 0 2 3 4 5 6 7 ,0.0921955,60910
human,8,dense,61,0.00157711,0.00219451,0.000888129,0.00146161,133640.0,3 2 0 1 5 6 7 4 ,0.00146161,645
human,8,dense,64,12.1286,0.000973147,0.00277634,12.1284,56894507682.0,0 4 3 5 6 2 1 7 ,12.1284,6413410
human,8,dense,67,0.0310356,0.00113218,0.00107992,0.0308832,1326297600.0,3 4 5 1 2 0 6 7 ,0.0308832,10412
human,8,dense,69,0.00176715,0.00114781,0.0010137,0.00168354,1172200320.0,2 0 3 4 5 6 7 1 ,0.00168354,492
human,8,dense,71,1700.23,0.00245219,0.00441402,1700.23,915819420804.0,4 7 0 3 1 2 5 6 ,1700.23,574308860
human,8,dense,72,0.0149646,0.00153438,0.00096075,0.0148568,337920.0,4 2 3 6 5 7 1 0 ,0.0148568,11117
human,8,dense,73,7.55909,0.0014315,0.00179923,7.55891,11331378744.0,2 4 0 1 3 5 6 7 ,7.55891,3111144
human,8,dense,74,5.47869,0.00084797,0.0020411,5.47852,394654848.0,mixed,3.8226,2639908
human,8,dense,75,1422.14,0.00126509,0.00215409,1422.14,65207291760.0,2 0 1 3 4 5 6 7 ,1422.14,702294861
human,8,dense,76,274.538,0.000803571,0.00125626,274.538,49557699072.0,2 0 1 4 5 6 3 7 ,274.538,9650
human,8,dense,78,400.234,0.00127965,0.00414158,400.234,15152047090452.0,mixed,400.231,119455344
human,8,dense,79,1646.35,0.00164128,0.00239413,1646.35,222921112608.0,0 6 2 1 3 4 5 7 ,1646.35,916975257
human,8,dense,82,40.0306,0.00173323,0.00319456,40.0305,218564459064.0,2 4 0 1 3 6 7 5 ,40.0305,21335856
human,8,dense,83,1524.57,0.000981236,0.00437394,1524.57,17597438396864.0,6 4 1 0 5 3 2 7 ,1524.57,552209371
human,8,dense,84,532.183,0.0013936,0.0035711,532.183,772323301392.0,2 6 7 5 1 3 0 4 ,532.183,149427496
human,8,dense,87,265.075,0.000739525,0.00127017,265.075,49557699072.0,2 0 1 4 5 6 3 7 ,265.075,9650
human,8,dense,88,0.0557468,0.000577604,0.000945083,0.0556542,1010682.0,3 1 5 6 2 4 7 0 ,0.0556542,78865
human,8,dense,90,393.479,0.000557994,0.00197229,393.479,58781708640.0,mixed,393.412,313631505
human,8,sparse,1,0.858537,0.00159543,0.00380861,0.858357,96433430217.0,0 2 7 3 5 1 4 6 ,0.858357,364373
human,8,sparse,3,0.0589029,0.00165804,0.00160397,0.0587697,43585007400.0,2 7 5 6 1 0 3 4 ,0.0587697,17858
human,8,sparse,4,0.128359,0.00110959,0.00231834,0.128242,1370571264.0,0 3 1 6 7 4 2 5 ,0.128242,75948
human,8,sparse,5,348.267,0.000972795,0.00581359,348.267,48596251770417.0,0 4 2 3 5 1 6 7 ,348.267,131241009
human,8,sparse,6,0.148638,0.000815139,0.00145098,0.148524,242424000.0,5 6 7 1 3 0 2 4 ,0.148524,44367
human,8,sparse,7,0.00154979,0.00107289,0.000813876,0.00142428,460139400.0,5 6 4 1 2 3 0 7 ,0.00142428,308
human,8,sparse,8,11.1251,0.00163935,0.00390004,11.125,7035981381852.0,4 3 7 1 0 2 5 6 ,11.125,2480110
human,8,sparse,9,18.0344,0.00153949,0.00214459,18.0342,931926099006.0,4 3 6 5 1 2 7 0 ,18.0342,5222724
human,8,sparse,11,22.7748,0.00186362,0.0064995,22.7746,373472838376.0,mixed,19.806,4791000
human,8,sparse,12,0.149974,0.000852305,0.00134103,0.149847,58809395292.0,2 1 4 3 6 0 5 7 ,0.149847,44364
human,8,sparse,14,3.10199,0.00154772,0.00148388,3.10187,59542474371.0,4 3 6 1 0 5 7 2 ,3.10187,1605317
human,8,sparse,15,0.818762,0.00112743,0.00179247,0.818648,3919024200.0,4 6 1 5 7 3 0 2 ,0.818648,561814
human,8,sparse,16,0.000670147,0.00121131,0.000713358,0.000590494,246240.0,1 2 5 0 4 3 7 6 ,0.000590494,162
human,8,sparse,20,9.15671,0.00168461,0.0058,9.15656,16564338974479.0,0 7 6 3 5 4 2 1 ,9.15656,3056764
human,8,sparse,21,314.831,0.000945134,0.00197874,314.831,57116468688.0,7 6 5 2 3 1 0 4 ,314.831,3366
human,8,sparse,22,107.207,0.00142324,0.00694388,107.207,4027687084037.0,5 6 3 4 7 2 1 0 ,107.207,44375124
human,8,sparse,23,0.49463,0.000925359,0.00153733,0.49451,4880538000.0,3 2 4 7 5 0 6 1 ,0.49451,35732
human,8,sparse,24,8.83839,0.00191408,0.00575544,8.83825,6983275160382.0,mixed,8.83692,3551833
human,8,sparse,26,2.19822,0.00184276,0.00425876,2.19808,44730576260.0,mixed,2.18803,729628
human,8,sparse,27,0.592975,0.0014691,0.00305375,0.59285,9837354482.0,mixed,0.592338,174693
human,8,sparse,28,1153.59,0.000808505,0.00114933,1153.59,197785551408.0,0 2 1 3 4 6 7 5 ,1153.59,13170
human,8,sparse,29,43.1714,0.00128509,0.00443288,43.1712,390134375499.0,mixed,43.1636,16334893
human,8,sparse,30,59.2648,0.00136916,0.00570569,59.2646,46866169392.0,1 6 0 2 4 5 3 7 ,59.2646,32388111
human,8,sparse,32,28.8346,0.00200997,0.00567235,28.8344,10168236660597.0,5 1 3 6 2 0 4 7 ,28.8344,12992068
human,8,sparse,34,1.29959,0.00153642,0.0034461,1.29947,22142048608.0,mixed,1.29704,493004
human,8,sparse,37,0.0085493,0.0012317,0.00183959,0.00844212,33042330000.0,6 4 5 3 1 0 2 7 ,0.00844212,5817
human,8,sparse,38,27.9702,0.00132732,0.00336022,27.97,6740868688860.0,4 6 3 5 0 7 2 1 ,27.97,7199842
human,8,sparse,39,0.124581,0.00114696,0.00195564,0.124452,3597596128.0,3 1 0 5 4 2 7 6 ,0.124452,86887
human,8,sparse,40,0.0144545,0.00123116,0.00146039,0.0143505,231666000.0,2 3 1 6 5 4 0 7 ,0.0143505,7564
human,8,sparse,41,0.608945,0.00138688,0.00229309,0.608794,5208853121472.0,0 1 2 3 4 5 7 6 ,0.608794,233312
human,8,sparse,42,1.19239,0.00179114,0.00294515,1.19221,3507858420.0,2 5 4 3 6 1 0 7 ,1.19221,571904
human,8,sparse,43,5.18608,0.00139886,0.00236453,5.18592,240626184088.0,mixed,3.4137,3055004
human,8,sparse,44,37.1002,0.00207474,0.00586156,37.0999,316132611893.0,mixed,35.8352,7104198
human,8,sparse,45,0.00777961,0.000770438,0.000877448,0.00766124,471600.0,1 5 0 3 4 2 6 7 ,0.00766124,4752
human,8,sparse,46,218.969,0.000942865,0.00171702,218.969,23207184000.0,3 5 1 7 2 0 6 4 ,218.969,391094
human,8,sparse,48,7.36116,0.0010229,0.00385607,7.36096,570157924.0,0 1 2 7 6 4 5 3 ,7.36096,5202738
human,8,sparse,49,0.223737,0.000997237,0.00126483,0.223575,1087834896.0,0 7 6 2 1 5 4 3 ,0.223575,96240
human,8,sparse,51,1.27097,0.00221146,0.00356262,1.2708,11773023074.0,1 0 2 4 7 3 6 5 ,1.2708,621995
human,8,sparse,52,16.6018,0.0014042,0.00359516,16.6016,1663708413966.0,6 5 3 2 4 0 1 7 ,16.6016,8005848
human,8,sparse,53,23.9439,0.00190209,0.00623203,23.9438,1013224592038.0,mixed,21.4087,9498760
human,8,sparse,54,0.0745767,0.00176252,0.0022981,0.0744573,22691566430.0,5 2 6 3 1 0 4 7 ,0.0744573,28400
human,8,sparse,55,316.845,0.000781822,0.00133325,316.845,56672424464.0,0 1 2 6 3 5 7 4 ,316.845,7580
human,8,sparse,58,2.5542,0.00117516,0.00314032,2.55402,1336301399640.0,2 5 7 3 1 4 6 0 ,2.55402,1129219
human,8,sparse,59,0.434648,0.00170985,0.00719545,0.434473,1400719451782.0,7 0 6 4 1 2 3 5 ,0.434473,91110
human,8,sparse,60,0.0597332,0.000538362,0.00116324,0.0596453,1333440.0,3 1 4 5 0 2 6 7 ,0.0596453,17807
human,8,sparse,61,0.00143181,0.00169777,0.000785543,0.00134065,318435.0,3 2 7 0 1 6 5 4 ,0.00134065,445
human,8,sparse,63,526.136,0.000569836,0.00212834,526.136,63349066776.0,mixed,526.114,288518
human,8,sparse,64,1.6752,0.000814762,0.00276571,1.67507,196871019231.0,0 3 1 5 6 2 4 7 ,1.67507,534170
human,8,sparse,66,0.742627,0.00145584,0.00340628,0.742494,39006173890792.0,mixed,0.740153,258690
human,8,sparse,67,0.013384,0.00116754,0.00121068,0.0132889,2463834624.0,3 5 2 0 1 6 4 7 ,0.0132889,3224
human,8,sparse,68,87.8172,0.000998226,0.00443067,87.817,4640207560076.0,1 7 4 0 3 2 5 6 ,87.817,26025990
human,8,sparse,69,0.00104919,0.0011062,0.000779401,0.000942419,1363991040.0,0 3 4 2 7 1 5 6 ,0.000942419,271
human,8,sparse,70,38.9971,0.0018662,0.00827449,38.9969,11299598975920.0,mixed,38.9963,13731472
human,8,sparse,71,3.36546,0.00229303,0.00802922,3.36528,3266813584887.0,mixed,3.3643,987692
human,8,sparse,72,0.00210266,0.00167201,0.00102544,0.0019998,341760.0,5 3 2 6 4 7 1 0 ,0.0019998,1475
human,8,sparse,73,0.0939717,0.00116426,0.00141237,0.0938652,24356919012.0,2 6 3 5 4 1 7 0 ,0.0938652,36400
human,8,sparse,74,0.396389,0.000922447,0.00226043,0.396279,1989878990.0,mixed,0.334719,200870
human,8,sparse,75,1.81188,0.00130873,0.00217589,1.81176,133365084612.0,2 6 0 1 3 4 7 5 ,1.81176,336699
human,8,sparse,76,293.22,0.000857471,0.00163255,293.22,51896345808.0,0 2 1 3 5 6 4 7 ,293.22,5250
human,8,sparse,77,0.464725,0.00187415,0.00209265,0.464545,182534345520.0,1 4 2 6 0 7 3 5 ,0.464545,126507
human,8,sparse,78,68.4769,0.00114439,0.00559544,68.4767,32212075544266.0,mixed,68.3863,25250125
human,8,sparse,82,2.20732,0.00122209,0.00342381,2.20711,778979802850.0,2 4 1 6 3 5 0 7 ,2.20711,803257
human,8,sparse,85,116.818,0.00139559,0.00565381,116.818,406567787136571.0,0 6 3 7 2 4 1 5 ,116.818,17613326
human,8,sparse,86,219.502,0.00159318,0.00831916,219.502,126623344145783.0,3 6 1 2 4 7 5 0 ,219.502,58298365
human,8,sparse,87,0.0581947,0.00073961,0.0016867,0.0580347,99590185344.0,7 4 6 3 2 1 0 5 ,0.0580347,1689
human,8,sparse,88,0.0231124,0.000619151,0.000855688,0.0230078,14334372.0,3 6 5 1 7 2 4 0 ,0.0230078,13925
human,8,sparse,90,10.5201,0.000530281,0.00305116,10.5199,59364565344.0,mixed,10.5114,3157290
