dataset,query_size,query_mode,query_index,elapsed_execution_time,filter_time,plan_time,enumerate_time,n_embeddings,order,max_task_time,n_intersections
human,12,dense,1,0.0975378,0.00205089,0.00176995,0.097371,33213816.0,1 0 4 3 8 6 7 5 2 9 10 11 ,0.097371,80996
human,12,dense,2,0.0792209,0.00222268,0.00231279,0.0790992,6083100.0,3 7 4 11 10 9 5 6 8 2 0 1 ,0.0790992,29379
human,12,dense,4,0.969046,0.00177094,0.00287542,0.968914,896269400.0,3 9 7 11 4 1 8 0 5 6 2 10 ,0.968914,634293
human,12,dense,6,0.380514,0.00260913,0.00198461,0.380406,16730810880.0,2 0 1 5 10 3 4 6 7 8 9 11 ,0.380406,98666
human,12,dense,7,577.62,0.00213945,0.00248765,577.62,294509550585600.0,4 0 7 1 2 3 5 6 10 11 8 9 ,577.62,274934926
human,12,dense,9,1002.38,0.00184405,0.00548901,1002.38,7207867097760.0,3 5 9 8 10 0 1 2 4 6 7 11 ,1002.38,491586787
human,12,dense,11,0.98298,0.00167452,0.00241088,0.982811,8880248520.0,3 6 5 10 11 7 4 0 2 9 8 1 ,0.982811,861469
human,12,dense,13,0.072343,0.00254269,0.0021976,0.0722319,0.0,3 11 1 0 2 4 9 10 8 5 6 7 ,0.0722319,45310
human,12,dense,17,1.69479,0.0014511,0.00220593,1.69466,312562913184.0,1 5 10 9 8 0 6 7 2 3 4 11 ,1.69466,720994
human,12,dense,19,1693.43,0.00178712,0.00325681,1693.43,282730803840.0,1 9 10 5 0 3 4 8 6 7 2 11 ,1693.43,935473916
human,12,dense,21,0.00362321,0.00167975,0.00166596,0.00352267,8162257572.0,2 5 1 3 9 8 0 4 7 11 6 10 ,0.00202696,692
human,12,dense,22,0.0016441,0.00278249,0.00214865,0.00153378,2405304.0,3 4 9 0 6 5 7 1 2 8 11 10 ,0.00153378,669
human,12,dense,24,0.056217,0.00253997,0.00240399,0.0561063,8970576.0,0 2 1 7 6 4 5 8 3 11 10 9 ,0.0444637,43864
human,12,dense,31,0.00643401,0.00280521,0.00177361,0.00631079,198936.0,2 5 3 6 0 4 10 11 1 8 7 9 ,0.00631079,4046
human,12,dense,33,0.154528,0.00313354,0.00224149,0.15441,697920.0,0 7 10 1 2 3 4 5 6 8 9 11 ,0.15441,265820
human,12,dense,35,20.3111,0.00239933,0.00477588,20.3109,13715883336.0,5 2 3 0 8 4 1 9 6 7 10 11 ,20.3109,12833092
human,12,dense,39,1301.18,0.00306081,0.00205098,1301.18,737051887200.0,6 11 9 10 0 2 3 4 5 7 8 1 ,1301.18,1429710395
human,12,dense,41,0.139661,0.00169601,0.0036606,0.139524,1805440.0,3 5 0 6 4 8 10 1 2 7 9 11 ,0.139524,83074
human,12,dense,50,0.034351,0.00210074,0.00187617,0.0342487,1490400.0,1 7 4 11 0 3 6 5 9 10 2 8 ,0.0342487,34224
human,12,dense,51,1415.9,0.00172496,0.00568322,1415.9,5716534824000.0,0 9 3 5 7 4 6 1 8 2 10 11 ,1415.9,1057471958
human,12,dense,54,362.837,0.00219702,0.00295999,362.837,23755040380800.0,1 8 2 11 0 3 4 5 6 7 9 10 ,362.837,170277890
human,12,dense,56,8.94062,0.00107752,0.00215255,8.94047,1082030400.0,3 11 10 7 9 6 2 4 5 8 1 0 ,8.94047,3226897
human,12,dense,63,0.125717,0.00290321,0.0019771,0.125572,952512.0,0 7 6 1 2 3 4 5 8 9 10 11 ,0.125572,168850
human,12,dense,68,202.865,0.00165162,0.00541401,202.865,688642273080.0,mixed,202.865,118236233
human,12,dense,69,183.534,0.00141151,0.00274682,183.534,8590166980416.0,1 2 8 9 10 11 3 4 0 5 6 7 ,183.534,50828601
human,12,dense,70,4.68992,0.00168228,0.00285202,4.68975,1535345280.0,1 8 7 9 0 6 3 4 5 2 10 11 ,4.68975,1844440
human,12,dense,73,3.51035,0.00173575,0.00237044,3.51017,1.449612800552448e+16,10 9 7 11 6 8 5 3 4 2 0 1 ,3.51017,894672
human,12,dense,74,163.497,0.0028445,0.00458239,163.497,4274492502666.0,1 4 7 8 10 0 9 2 6 3 5 11 ,163.497,70485745
human,12,dense,77,4.37714,0.00172364,0.00205353,4.37695,94569833827.0,3 5 10 1 2 6 8 7 0 4 9 11 ,4.37695,2096053
human,12,dense,79,610.851,0.0027292,0.00652457,610.85,1017082386960.0,mixed,610.395,116352444
human,12,dense,80,1337.42,0.00251785,0.00232819,1337.42,1379741545248.0,8 3 4 5 6 7 10 9 2 0 1 11 ,1337.42,811194573
human,12,dense,81,1.83926,0.00178412,0.00510134,1.83907,0.0,3 0 1 2 5 7 4 11 6 8 9 10 ,1.83907,2110524
human,12,dense,88,23.9526,0.00261408,0.00452252,23.9524,63058636328.0,8 5 1 9 6 7 0 3 10 4 2 11 ,23.9524,14443940
human,12,sparse,1,0.0506056,0.00246031,0.0028875,0.0504666,220448604.0,0 6 7 1 5 2 3 4 10 8 11 9 ,0.0504666,20230
human,12,sparse,2,0.0174721,0.00207434,0.00248932,0.0173257,87480408.0,7 8 4 5 9 6 10 3 2 0 11 1 ,0.0173257,9087
human,12,sparse,4,0.0219179,0.00150698,0.00321024,0.0217718,353178285960.0,9 7 6 1 4 8 3 0 2 11 10 5 ,0.0217718,10674
human,12,sparse,6,26.4519,0.00264332,0.00213514,26.4517,148836293312.0,0 1 5 2 3 4 8 7 10 9 6 11 ,26.4517,376401
human,12,sparse,7,4.90459,0.00219255,0.00214439,4.90438,882290723750400.0,4 0 1 2 3 5 7 6 8 11 10 9 ,4.90438,3182499
human,12,sparse,8,23.4211,0.00210128,0.00745944,23.4209,98170110933990.0,5 7 1 6 3 0 2 4 8 9 10 11 ,23.4209,7624139
human,12,sparse,9,0.943682,0.00163813,0.00507163,0.943538,625119238161240.0,9 3 5 8 2 7 4 1 11 0 6 10 ,0.943538,452456
human,12,sparse,10,99.3225,0.0017615,0.0123788,99.3223,962142439854336.0,0 3 5 2 10 4 9 8 7 6 1 11 ,99.3223,50388538
human,12,sparse,11,0.216544,0.00118811,0.00329581,0.216381,22259835000.0,7 11 5 3 10 6 9 2 0 4 8 1 ,0.216381,128319
human,12,sparse,17,2.55761,0.00148126,0.00529444,2.55749,632216670544.0,1 7 6 5 3 4 2 0 10 9 11 8 ,2.55749,1710667
human,12,sparse,18,627.332,0.00294037,0.0133669,627.331,3.958094634850411e+16,0 3 5 1 11 6 7 2 4 9 8 10 ,627.331,130995172
human,12,sparse,19,248.022,0.00195383,0.00885024,248.021,10018238666410.0,mixed,247.935,122336945
human,12,sparse,21,0.0234722,0.00220776,0.00398328,0.0233449,121303561680.0,2 5 1 3 8 7 11 0 6 9 4 10 ,0.0233449,4662
human,12,sparse,22,0.0407118,0.00260498,0.00217882,0.0405413,1574769660.0,3 0 6 1 2 5 7 8 9 11 10 4 ,0.0405413,1541
human,12,sparse,24,0.0746255,0.00215404,0.00262274,0.0745143,159160976.0,7 8 6 5 4 2 1 0 3 11 10 9 ,0.0388769,57669
human,12,sparse,31,0.0104941,0.00346081,0.00175035,0.0103521,1749465.0,5 4 10 11 2 0 3 6 1 8 7 9 ,0.0103521,4605
human,12,sparse,33,0.388594,0.00276992,0.00344141,0.388415,229378464.0,0 7 4 6 8 9 2 3 5 10 1 11 ,0.388415,50772
human,12,sparse,35,0.0428677,0.00246586,0.0040845,0.0427032,737935099404.0,2 0 3 1 5 6 7 4 9 10 8 11 ,0.0427032,25871
human,12,sparse,39,385.507,0.00262908,0.00399371,385.507,3751446774288.0,6 9 10 0 7 2 1 8 5 4 3 11 ,385.507,7406749
human,12,sparse,40,2.78555,0.00232051,0.00308349,2.78543,75352337745594.0,11 7 10 8 9 6 5 3 0 1 2 4 ,2.78543,1025309
human,12,sparse,41,0.660592,0.00139605,0.00673001,0.660455,590923198.0,mixed,0.65652,390830
human,12,sparse,42,701.872,0.00190078,0.00772582,701.872,3882650056883170.0,mixed,452.712,259523960
human,12,sparse,48,240.174,0.00175666,0.00776989,240.174,1.1567352955774464e+16,mixed,240.114,5472776
human,12,sparse,50,0.0441635,0.00164328,0.00203326,0.0440697,129595584.0,2 6 1 4 8 3 0 5 9 7 11 10 ,0.0440697,21864
human,12,sparse,51,140.475,0.00133148,0.00985224,140.475,28576801266048.0,4 10 7 5 6 2 1 3 8 11 9 0 ,140.475,44961826
human,12,sparse,54,115.753,0.00254424,0.00560005,115.753,98727369862756.0,1 10 9 2 8 0 7 4 6 3 5 11 ,115.753,32279290
human,12,sparse,56,1.29612,0.0010058,0.00405192,1.29597,18358255080.0,7 6 2 8 5 4 3 11 1 10 9 0 ,1.29597,786020
human,12,sparse,57,84.6686,0.001771,0.0091999,84.6684,4870724971510770.0,5 10 1 7 4 8 9 2 0 6 11 3 ,84.6684,28118909
human,12,sparse,61,19.715,0.00166093,0.0063018,19.7148,479189458944000.0,3 2 8 10 11 1 6 0 4 7 9 5 ,19.7148,6455618
human,12,sparse,63,0.075865,0.00268399,0.00392043,0.0756861,37758636.0,0 8 9 1 5 4 2 10 7 11 6 3 ,0.0756861,41707
human,12,sparse,65,432.877,0.00208945,0.0145116,432.877,1.6925683511962576e+16,0 2 9 1 10 11 3 6 7 4 5 8 ,432.877,117145892
human,12,sparse,68,405.99,0.00156477,0.00684795,405.99,34316274867728.0,mixed,405.989,3594488
human,12,sparse,69,46.1596,0.00135592,0.00457732,46.1594,22683704599296.0,4 3 0 1 11 10 9 8 6 5 2 7 ,46.1594,21344216
human,12,sparse,70,14.3309,0.00159509,0.0032153,14.3308,53153278080.0,0 4 3 6 10 2 11 5 1 9 8 7 ,14.3308,180513
human,12,sparse,71,493.296,0.0021986,0.01937,493.296,5.12995527000767e+18,2 1 3 10 9 5 7 8 0 11 6 4 ,493.296,67487049
human,12,sparse,73,0.370223,0.0018999,0.00448068,0.370081,1.617664927842432e+16,9 11 4 7 5 2 8 3 0 1 10 6 ,0.370081,68968
human,12,sparse,74,13.2952,0.00238005,0.00674643,13.295,172865161945338.0,1 6 0 9 7 8 2 4 5 3 10 11 ,13.295,2899550
human,12,sparse,75,7.04784,0.00224713,0.00658927,7.04763,1.940479181980416e+16,5 9 10 8 7 3 6 0 2 1 4 11 ,7.04763,2850549
human,12,sparse,77,2.06782,0.00178702,0.00214622,2.06765,14549945147466.0,3 2 0 9 7 4 1 5 10 8 11 6 ,2.06765,946122
human,12,sparse,78,1656.48,0.00291974,0.028149,1656.48,2.5783579391860628e+16,mixed,1656.43,993678580
human,12,sparse,80,1205.56,0.00226515,0.00337537,1205.56,1684825992960.0,8 4 3 6 5 7 9 2 0 1 11 10 ,1205.56,241399
human,12,sparse,81,442.815,0.00169564,0.00907898,442.815,1.015700400749407e+17,2 5 1 4 11 10 0 3 7 8 9 6 ,442.815,108284489
human,12,sparse,83,68.0641,0.00168366,0.00866873,68.0639,268209330120288.0,5 1 10 2 3 9 4 6 0 8 7 11 ,68.0639,31279057
human,12,sparse,84,134.032,0.00181774,0.00645577,134.032,4927068503093816.0,5 1 9 7 6 10 4 3 8 0 11 2 ,134.032,27964386
human,12,sparse,85,86.8044,0.00147962,0.00693486,86.8042,699658777995750.0,2 9 8 3 1 7 6 0 4 10 11 5 ,86.8042,42945264
human,12,sparse,88,0.452328,0.00253289,0.00553189,0.4522,2203143214516.0,3 1 0 8 5 9 6 2 10 7 11 4 ,0.4522,269423
human,12,sparse,90,30.7557,0.00146618,0.00286213,30.7555,1.1823800008149504e+16,5 1 8 4 6 2 0 7 9 11 3 10 ,30.7555,7925612
