dataset,query_size,query_mode,query_index,elapsed_execution_time,filter_time,plan_time,enumerate_time,n_embeddings,order,max_task_time,n_intersections
human,8,dense,1,24.0231,0.0141094,0.0036015,24.0229,16418241276.0,0 6 1 2 3 7 4 5 ,24.0229,7204664
human,8,dense,3,2.57451,0.00436302,0.00140415,2.5744,37840240800.0,2 0 1 3 5 7 4 6 ,2.5744,923140
human,8,dense,4,8.75531,0.00784311,0.00168935,8.7552,1100923920.0,0 1 2 3 4 5 7 6 ,8.7552,3998376
human,8,dense,6,0.116438,0.00172559,0.000951395,0.116322,15850800.0,1 0 2 6 7 3 4 5 ,0.116322,37
human,8,dense,7,0.0010294,0.00187999,0.000828521,0.000939586,411188400.0,5 6 4 1 0 2 3 7 ,0.000939586,138
human,8,dense,12,273.054,0.00282243,0.00136088,273.053,49557699072.0,7 3 0 1 2 4 5 6 ,273.053,3054
human,8,dense,14,372.599,0.00466673,0.00201708,372.599,22788041028.0,mixed,342.453,219507934
human,8,dense,15,265.908,0.00333772,0.00130163,265.908,3714173640.0,0 2 6 4 7 1 3 5 ,265.908,101541962
human,8,dense,16,0.00102831,0.00288734,0.000847005,0.000947722,12960.0,1 2 5 7 0 3 4 6 ,0.000947722,378
human,8,dense,17,1243.17,0.0297169,0.00701313,1243.17,3889829929092.0,mixed,1087.28,598729009
human,8,dense,19,462.264,0.00935256,0.00295643,462.264,15659851517904.0,mixed,462.237,2622103
human,8,dense,21,272.984,0.0042145,0.000938675,272.984,49557699072.0,7 3 0 1 2 4 5 6 ,272.984,3054
human,8,dense,23,6.3623,0.00285806,0.00136531,6.36215,1972656000.0,3 5 7 0 4 6 1 2 ,6.36215,323574
human,8,dense,26,52.8091,0.0108364,0.00356707,52.8089,44294373948.0,mixed,52.7936,14349243
human,8,dense,27,134.66,0.00750712,0.00155873,134.659,6631496976.0,5 0 1 7 2 3 4 6 ,134.659,43505091
human,8,dense,28,877.762,0.00331799,0.00104024,877.762,169631393760.0,0 1 2 3 4 5 6 7 ,877.762,23320
human,8,dense,29,41.7408,0.00970486,0.00308139,41.7407,2643175850040.0,mixed,41.736,12586551
human,8,dense,31,405.782,0.0104019,0.00335944,405.782,13327077612312.0,mixed,405.778,125643818
human,8,dense,34,368.594,0.00613984,0.0018062,368.594,14456657376.0,7 0 1 2 3 4 5 6 ,368.594,128439111
human,8,dense,37,0.483874,0.0043643,0.00133989,0.483674,22615639200.0,6 7 3 0 1 2 4 5 ,0.483674,142953
human,8,dense,39,2.56303,0.002197,0.0011418,2.56287,3489423876.0,0 1 2 3 6 7 4 5 ,2.56287,1979222
human,8,dense,40,0.0136026,0.00303486,0.00113143,0.013451,72652800.0,0 2 4 1 3 6 5 7 ,0.013451,5496
human,8,dense,41,69.2065,0.00968375,0.00217465,69.2063,4812227758800.0,7 0 1 2 3 4 5 6 ,69.2063,916209
human,8,dense,42,0.447498,0.00890254,0.00214043,0.447381,207687312.0,2 5 6 7 3 4 1 0 ,0.447381,213813
human,8,dense,43,48.375,0.0109632,0.003575,48.3748,184650121552.0,mixed,41.585,18745275
human,8,dense,44,467.721,0.0149775,0.00462174,467.721,89298264360.0,mixed,446.389,159500515
human,8,dense,45,0.00704074,0.000940242,0.000857423,0.00694822,324000.0,5 0 6 1 2 3 7 4 ,0.00694822,6861
human,8,dense,46,6.43316,0.00281534,0.00102223,6.43298,23115456000.0,5 7 0 1 2 3 4 6 ,6.43298,92302
human,8,dense,48,2.1195,0.00526211,0.00198448,2.11928,21804288.0,2 7 0 1 3 4 5 6 ,2.11928,783052
human,8,dense,49,0.19277,0.00233387,0.0010043,0.192634,1075612032.0,0 1 2 3 6 7 4 5 ,0.192634,58368
human,8,dense,51,0.747085,0.00895293,0.00226496,0.746907,7037852577.0,1 3 4 2 0 6 7 5 ,0.746907,266224
human,8,dense,54,19.9013,0.00954694,0.00177353,19.901,21461382692.0,1 5 2 3 6 0 4 7 ,19.901,5161472
human,8,dense,55,273.073,0.00278911,0.000985362,273.072,49557699072.0,7 3 0 1 2 4 5 6 ,273.072,3054
human,8,dense,56,1002.51,0.00768797,0.00281748,1002.51,516023150592.0,0 1 6 2 3 4 5 7 ,1002.51,305690451
human,8,dense,58,179.11,0.00661719,0.00188409,179.11,144983739984.0,3 1 2 6 4 5 7 0 ,179.11,52336336
human,8,dense,60,0.0564061,0.000754039,0.000974302,0.0562631,23040.0,0 1 2 3 6 7 4 5 ,0.0562631,117287
human,8,dense,61,0.00199178,0.00353621,0.000907861,0.0018725,133640.0,0 4 3 2 1 5 7 6 ,0.0018725,714
human,8,dense,64,34.1775,0.00697704,0.00238376,34.1773,56894507682.0,3 0 1 4 5 6 7 2 ,34.1773,24944685
human,8,dense,67,0.030979,0.00383118,0.0010081,0.0308596,1326297600.0,3 4 5 1 2 0 6 7 ,0.0308596,10412
human,8,dense,69,0.0015304,0.00280404,0.000851302,0.00142571,1172200320.0,0 2 3 4 1 5 6 7 ,0.00142571,347
human,8,dense,71,1699.74,0.0206969,0.00411226,1699.74,915819420804.0,4 7 0 3 1 2 5 6 ,1699.74,574308860
human,8,dense,72,0.00636506,0.00196344,0.000805893,0.00628185,337920.0,2 1 3 6 0 4 5 7 ,0.00628185,3922
human,8,dense,73,8.44977,0.00658207,0.00178354,8.44957,11331378744.0,2 4 7 1 3 5 6 0 ,8.44957,4646117
human,8,dense,74,3.67204,0.00413577,0.00237046,3.67191,394654848.0,mixed,2.01147,1603951
human,8,dense,75,1131.08,0.0055491,0.00236463,1131.08,65207291760.0,2 7 0 1 3 4 5 6 ,1131.08,355753467
human,8,dense,76,273.119,0.00286452,0.000944558,273.118,49557699072.0,7 3 0 1 2 4 5 6 ,273.118,3054
human,8,dense,78,439.82,0.00907007,0.00372464,439.819,15152047090452.0,mixed,439.813,140072951
human,8,dense,79,1693.88,0.00520987,0.00202258,1693.88,222921112608.0,6 0 2 1 3 4 5 7 ,1693.88,936167748
human,8,dense,82,40.2204,0.00738566,0.00256388,40.2203,218564459064.0,4 1 2 3 0 6 7 5 ,40.2203,21347858
human,8,dense,83,1289.98,0.0109454,0.00226829,1289.98,17597438396864.0,6 3 4 1 7 0 5 2 ,1289.98,457508251
human,8,dense,84,376.211,0.0084105,0.00267088,376.211,772323301392.0,6 7 2 5 1 3 0 4 ,376.211,116833248
human,8,dense,87,266.062,0.00285619,0.000981926,266.062,49557699072.0,7 3 0 1 2 4 5 6 ,266.062,3054
human,8,dense,88,0.0512653,0.000907295,0.000828148,0.0511155,1010682.0,3 1 2 5 6 4 7 0 ,0.0511155,78865
human,8,dense,89,19.6631,0.00536631,0.00211845,19.6629,4665731413560.0,7 2 0 1 6 3 4 5 ,19.6629,48045
human,8,dense,90,470.326,0.00263453,0.00197618,470.326,58781708640.0,mixed,470.262,313965150
human,8,sparse,1,0.735932,0.012519,0.00244159,0.735729,96433430217.0,0 6 3 1 2 7 5 4 ,0.735729,188181
human,8,sparse,3,0.0632533,0.00457283,0.00124647,0.0630849,43585007400.0,2 1 0 7 3 5 6 4 ,0.0630849,20008
human,8,sparse,4,0.143667,0.00625176,0.00210299,0.143492,1370571264.0,0 1 2 3 7 4 6 5 ,0.143492,73893
human,8,sparse,5,309.809,0.0104114,0.00534828,309.809,48596251770417.0,7 0 1 2 4 3 5 6 ,309.809,99531786
human,8,sparse,6,1.79824,0.00154559,0.00108419,1.79808,242424000.0,1 0 5 6 7 3 2 4 ,1.79808,1087
human,8,sparse,7,0.00173437,0.00181893,0.000784481,0.00161565,460139400.0,5 6 4 2 1 3 0 7 ,0.00161565,458
human,8,sparse,8,8.13997,0.00727827,0.00297853,8.13978,7035981381852.0,0 1 4 3 2 7 6 5 ,8.13978,1291727
human,8,sparse,9,46.8094,0.00606955,0.00225915,46.8092,931926099006.0,7 6 4 3 2 5 1 0 ,46.8092,8895494
human,8,sparse,11,21.9997,0.0073154,0.00927105,21.9995,373472838376.0,mixed,19.7402,4528793
human,8,sparse,12,325.469,0.00265675,0.00123192,325.469,58812781224.0,7 4 2 0 1 3 5 6 ,325.469,7886
human,8,sparse,14,3.17127,0.00466116,0.0013256,3.17108,59542474371.0,5 7 6 3 4 1 0 2 ,3.17108,1748007
human,8,sparse,15,0.513442,0.00241343,0.00175561,0.513282,3919024200.0,0 4 6 7 1 2 5 3 ,0.513282,210249
human,8,sparse,16,0.000674716,0.00226451,0.000686061,0.000574878,246240.0,1 2 5 7 0 4 3 6 ,0.000574878,134
human,8,sparse,20,11.7246,0.0127229,0.00383349,11.7244,16564338974479.0,0 7 3 2 6 5 4 1 ,11.7244,5313263
human,8,sparse,21,317.351,0.00294763,0.0113822,317.351,57116468688.0,7 6 1 2 0 3 5 4 ,317.351,4134
human,8,sparse,22,112.47,0.0160684,0.00571852,112.47,4027687084037.0,0 1 6 5 2 4 3 7 ,112.47,22383085
human,8,sparse,23,0.0481842,0.00300177,0.00192249,0.0480116,4880538000.0,3 4 2 7 0 6 1 5 ,0.0480116,22510
human,8,sparse,24,9.81334,0.0171948,0.00696046,9.81308,6983275160382.0,mixed,9.8121,4488068
human,8,sparse,26,114.171,0.00948353,0.00377661,114.171,44730576260.0,mixed,114.161,43946827
human,8,sparse,27,0.505976,0.00768947,0.00222001,0.505784,9837354482.0,mixed,0.505292,88699
human,8,sparse,28,1093.59,0.00323176,0.0010624,1093.59,197785551408.0,0 2 1 3 4 6 7 5 ,1093.59,13170
human,8,sparse,29,29.8867,0.00909658,0.00332436,29.8865,390140039851.0,mixed,29.8691,11110391
human,8,sparse,30,13.7622,0.006837,0.00392795,13.762,46866169392.0,7 1 6 0 4 5 2 3 ,13.762,6248922
human,8,sparse,32,23.7512,0.0153775,0.0059289,23.751,10168236660597.0,5 1 3 2 6 4 0 7 ,23.751,9861506
human,8,sparse,34,1.32282,0.0053325,0.00243491,1.32264,22142048608.0,mixed,1.3189,499195
human,8,sparse,37,0.0164716,0.00369337,0.00110434,0.0163379,33042330000.0,6 7 3 1 0 2 4 5 ,0.0163379,7125
human,8,sparse,38,26.1041,0.00646829,0.00279391,26.1039,6740868688860.0,0 6 4 3 5 2 7 1 ,26.1039,7284857
human,8,sparse,39,0.24672,0.00276803,0.00162599,0.246608,3597596128.0,1 0 2 3 7 6 4 5 ,0.246608,201942
human,8,sparse,40,0.0285186,0.00281127,0.00152343,0.0283485,231666000.0,0 3 2 1 6 4 5 7 ,0.0283485,15963
human,8,sparse,41,0.949896,0.00512944,0.00828186,0.949724,5208853121472.0,7 0 1 2 3 5 4 6 ,0.949724,290023
human,8,sparse,42,0.765514,0.00945901,0.00238647,0.765402,3507858420.0,2 5 4 1 3 6 7 0 ,0.765402,300498
human,8,sparse,43,4.56764,0.00820229,0.00227626,4.56747,240625588648.0,mixed,3.38175,2129895
human,8,sparse,44,37.1739,0.0164908,0.0062656,37.1737,316132611893.0,mixed,35.9315,6890054
human,8,sparse,45,0.0183838,0.00103674,0.000843116,0.0182226,471600.0,5 1 0 3 2 6 7 4 ,0.0182226,4602
human,8,sparse,46,219.05,0.00229635,0.00154639,219.05,23207184000.0,5 1 3 7 0 6 4 2 ,219.05,318437
human,8,sparse,48,7.397,0.00593036,0.00252333,7.39679,570157924.0,2 7 1 0 4 6 5 3 ,7.39679,5208698
human,8,sparse,49,0.192342,0.0020784,0.00110535,0.192238,1096452672.0,0 2 1 7 6 3 4 5 ,0.192238,56103
human,8,sparse,51,0.752643,0.0078956,0.007467,0.752485,11773023074.0,1 3 4 2 0 6 7 5 ,0.752485,414515
human,8,sparse,52,26.1781,0.00688549,0.00365177,26.1779,1663708413966.0,6 5 3 0 1 7 2 4 ,26.1779,13562482
human,8,sparse,53,23.6134,0.00776511,0.00436656,23.6132,1013224592038.0,mixed,21.4174,9138790
human,8,sparse,54,0.0741803,0.00620881,0.00210222,0.0740348,22691566430.0,1 3 5 2 6 0 4 7 ,0.0740348,28436
human,8,sparse,55,313.069,0.00277061,0.00121475,313.068,56805214680.0,7 5 0 1 2 6 3 4 ,313.068,6024
human,8,sparse,58,2.79812,0.00572571,0.00247884,2.7979,1336301399640.0,2 3 1 4 6 5 7 0 ,2.7979,884349
human,8,sparse,59,0.498613,0.0139073,0.00641573,0.498434,1400719451782.0,0 7 6 1 2 4 3 5 ,0.498434,90712
human,8,sparse,60,0.0588842,0.00112113,0.00110791,0.058771,1333440.0,3 5 1 2 6 0 4 7 ,0.058771,24772
human,8,sparse,61,0.00184914,0.00297608,0.00977289,0.00172332,318435.0,1 6 3 2 5 7 0 4 ,0.00172332,972
human,8,sparse,63,509.526,0.00205408,0.00201313,509.526,63349066776.0,mixed,509.508,463468
human,8,sparse,64,2.57829,0.0058005,0.0027202,2.5781,196871019231.0,3 0 4 6 1 5 7 2 ,2.5781,1464267
human,8,sparse,66,0.694849,0.00693702,0.00294907,0.694715,39049243745658.0,mixed,0.692426,147280
human,8,sparse,67,0.0141184,0.00246383,0.00104575,0.014003,2463834624.0,3 5 4 2 1 0 6 7 ,0.014003,3430
human,8,sparse,68,86.8376,0.00629526,0.00332392,86.8374,4640207560076.0,0 1 3 7 2 4 5 6 ,86.8374,26536031
human,8,sparse,69,0.000975666,0.00220272,0.000697987,0.000846903,1363991040.0,0 2 3 4 1 7 5 6 ,0.000846903,259
human,8,sparse,70,27.6956,0.0162661,0.00765597,27.6954,11299598975920.0,mixed,27.6945,7782433
human,8,sparse,71,5.32926,0.0138877,0.0122274,5.32903,3266813584887.0,mixed,5.32805,2240944
human,8,sparse,72,0.0014273,0.00189987,0.000788657,0.00133162,341760.0,2 1 3 6 0 5 4 7 ,0.00133162,917
human,8,sparse,73,0.0637775,0.00476734,0.0014986,0.0636031,24356919012.0,2 4 7 6 5 3 0 1 ,0.0636031,19020
human,8,sparse,74,9.40745,0.00426548,0.00228609,9.40731,1989878990.0,mixed,9.34552,6450392
human,8,sparse,75,1.81064,0.00511314,0.00169587,1.81047,133365084612.0,2 7 3 0 6 1 4 5 ,1.81047,336282
human,8,sparse,76,283.591,0.00239019,0.00134014,283.591,51970348464.0,7 4 0 2 1 3 5 6 ,283.591,11694
human,8,sparse,77,0.46717,0.00443321,0.00187408,0.466989,182534345520.0,1 7 6 0 3 4 2 5 ,0.466989,146804
human,8,sparse,78,104.34,0.00745419,0.00422976,104.34,32212075544266.0,mixed,104.241,35260711
human,8,sparse,85,115.212,0.0159451,0.00440086,115.212,406567787136571.0,0 6 1 3 7 2 4 5 ,115.212,17379797
human,8,sparse,86,199.849,0.0163002,0.00749883,199.849,126623344145783.0,2 6 3 7 4 1 5 0 ,199.849,58010670
human,8,sparse,87,54.8154,0.00242152,0.00117811,54.8152,99590185344.0,7 3 1 2 0 4 6 5 ,54.8152,2728
human,8,sparse,88,0.013703,0.000868118,0.000716188,0.0136008,14334372.0,3 6 5 4 2 1 7 0 ,0.0136008,8114
human,8,sparse,90,10.4372,0.00210047,0.00253047,10.4371,59364565344.0,mixed,10.417,2932651
