dataset,query_size,query_mode,query_index,elapsed_execution_time,filter_time,plan_time,enumerate_time,n_embeddings,order,max_task_time,n_intersections
human,16,dense,6,3.66656,0.00403905,0.00523028,3.66644,70156800.0,11 5 6 7 8 9 10 4 3 2 1 13 0 14 15 12 ,2.24414,4507434
human,16,dense,7,155.028,0.0025494,0.0108012,155.028,32855870592.0,2 5 4 7 12 15 10 11 9 8 13 14 3 0 1 6 ,155.028,77347761
human,16,dense,8,185.19,0.00357098,0.00517488,185.19,6914865348352512.0,5 2 13 15 1 0 3 4 8 9 10 11 12 7 14 6 ,185.19,65433664
human,16,dense,9,2.24109,0.00114578,0.00862384,2.24083,2384640.0,2 7 8 9 0 1 3 4 5 6 11 12 10 14 13 15 ,2.24083,2854431
human,16,dense,10,0.025725,0.00331806,0.00503243,0.0256017,0.0,2 5 4 1 6 8 15 7 0 3 13 10 11 12 9 14 ,0.0256017,19456
human,16,dense,13,0.00115299,0.00285388,0.0102554,0.00101461,0.0,0 5 1 2 3 7 10 11 13 4 15 6 8 9 12 14 ,0.00101461,80
human,16,dense,38,0.000945289,0.00231061,0.00926554,0.00083295,0.0,9 4 3 0 2 11 12 13 1 6 7 10 15 14 5 8 ,0.00083295,41
human,16,dense,42,0.00101286,0.00260516,0.00563694,0.000909402,0.0,11 13 7 4 12 9 3 8 10 14 15 5 6 2 0 1 ,0.000909402,189
human,16,dense,46,3.36234,0.00118023,0.00578055,3.36219,22339584.0,3 1 4 6 7 8 9 10 5 11 12 13 14 15 0 2 ,3.36219,1992488
human,16,dense,47,373.018,0.0022754,0.00542911,373.018,11381345676288.0,4 8 9 7 10 0 6 3 1 2 11 5 14 15 12 13 ,373.018,198266266
human,16,dense,53,13.647,0.00138101,0.00866229,13.6468,52482714048.0,3 2 7 9 10 1 11 13 8 12 0 4 6 5 15 14 ,13.6468,4475858
human,16,dense,68,0.67058,0.00256388,0.00620419,0.670441,70156800.0,6 8 9 4 5 11 7 15 12 13 14 10 2 1 0 3 ,0.670441,517602
human,16,dense,77,355.974,0.00191013,0.00647294,355.974,304881408000.0,5 6 11 12 14 15 2 13 0 1 3 4 7 8 9 10 ,355.974,113207644
human,16,dense,78,34.3891,0.00397715,0.00845736,34.3889,3357679680.0,14 13 15 12 11 10 5 3 2 7 6 4 8 9 1 0 ,27.7571,16796760
human,16,dense,79,0.471726,0.00223776,0.0149422,0.471595,0.0,0 6 7 5 4 1 2 3 12 10 13 9 11 8 14 15 ,0.471595,397134
human,16,dense,82,0.000834819,0.00321992,0.004729,0.000725902,0.0,10 9 11 15 13 3 4 12 14 7 2 0 1 8 5 6 ,0.000725902,8
human,16,dense,85,0.176373,0.00180832,0.00421495,0.176213,11107908000.0,2 4 5 0 1 3 6 13 8 7 9 11 12 14 15 10 ,0.115843,79944
human,16,sparse,3,957.148,0.00149311,0.0132774,957.147,2028621142560.0,5 0 15 4 6 3 1 8 13 10 12 7 11 2 14 9 ,957.147,4156559
human,16,sparse,6,31.6597,0.00338776,0.017117,31.6594,21302442363024.0,mixed,31.3955,2367974
human,16,sparse,7,2.90742,0.00261132,0.0109307,2.90719,33442867872.0,4 2 7 12 15 11 8 14 9 13 10 1 6 0 3 5 ,2.90719,875056
human,16,sparse,9,2.16594,0.0011229,0.0140434,2.16571,2843873280.0,3 4 1 2 12 0 5 9 8 11 10 7 13 6 14 15 ,2.16571,1038102
human,16,sparse,10,0.0478565,0.00323071,0.0108501,0.0477231,639393670.0,3 14 15 8 1 0 4 2 6 13 12 11 10 5 7 9 ,0.0438046,17531
human,16,sparse,11,22.5372,0.00300566,0.0147744,22.537,69888451875840.0,0 6 8 5 1 10 9 12 4 7 3 2 13 14 15 11 ,22.537,10931991
human,16,sparse,24,11.4206,0.00230735,0.0646845,11.4204,18446744073709551615,4 3 8 11 2 9 13 12 6 5 10 1 15 0 7 14 ,11.4204,2978880
human,16,sparse,26,153.035,0.00238118,0.0123361,153.035,18446744073709551615,9 10 7 11 5 8 6 3 2 1 0 4 14 12 15 13 ,153.026,21238605
human,16,sparse,31,317.429,0.00388284,0.00488993,317.429,92273670720000,0 3 4 5 12 1 6 9 15 13 2 7 8 10 11 14 ,317.429,32017
human,16,sparse,33,628.452,0.0019336,0.0173775,628.452,9588446540025600,1 13 10 2 7 9 8 6 14 11 3 0 15 4 12 5 ,628.452,227295959
human,16,sparse,35,137.985,0.00298638,0.0321609,137.985,18446744073709551615,4 15 0 2 1 10 7 6 8 9 13 11 12 3 5 14 ,137.985,13502452
human,16,sparse,42,0.0241751,0.00234367,0.00692479,0.0240652,524059200,7 9 13 8 6 11 14 4 5 10 12 2 0 3 15 1 ,0.0240652,18377
human,16,sparse,46,0.569273,0.00134029,0.0114892,0.569099,2160126720,3 5 1 4 8 9 10 0 15 12 13 2 6 7 14 11 ,0.569099,40681
human,16,sparse,47,336.451,0.00209717,0.0461194,336.451,1563944522735616,8 15 14 12 4 3 5 6 13 0 11 7 10 1 2 9 ,336.451,229393311
human,16,sparse,49,8.30744,0.00237102,0.0178652,8.30721,18446744073709551615,0 8 5 9 3 10 6 4 1 13 11 7 12 14 15 2 ,8.30721,1173137
human,16,sparse,53,22.3054,0.00142409,0.0100932,22.3052,2481184684872.0,3 10 7 8 9 1 2 0 4 6 5 15 13 11 14 12 ,22.3052,648134
human,16,sparse,65,1258.74,0.00259643,0.0283788,1258.74,18446744073709551615,8 7 0 6 4 9 5 10 12 11 2 13 14 3 1 15 ,1258.74,397851166
human,16,sparse,68,6.05832,0.00241656,0.00822537,6.05811,8479928700,5 9 6 11 7 4 12 8 14 13 15 10 2 0 1 3 ,6.05811,527597
human,16,sparse,71,162.137,0.00443142,0.0180576,162.137,2.1294799710327776e+16,4 5 7 11 6 9 0 2 1 14 10 12 15 13 8 3 ,162.137,88965395
human,16,sparse,77,0.616599,0.00184792,0.00613968,0.616406,771224872320.0,5 14 12 15 6 11 7 13 2 4 0 3 1 8 10 9 ,0.616406,124218
human,16,sparse,79,0.298547,0.00201128,0.0117334,0.298354,35314436453760.0,0 6 7 5 4 1 2 3 12 13 10 9 11 8 14 15 ,0.298354,172215
human,16,sparse,82,0.00525522,0.00331472,0.00397603,0.00514348,5444928,10 3 4 11 12 7 13 2 8 0 5 14 9 15 6 1 ,0.00514348,3878
human,16,sparse,83,0.758119,0.00261589,0.00845654,0.757979,108433084989623520,5 4 3 6 0 1 8 12 2 10 11 13 7 14 15 9 ,0.757979,303578
human,16,sparse,85,0.0165934,0.00208502,0.00650697,0.0164772,109742850000,2 4 3 5 6 1 8 9 11 12 13 0 7 10 14 15 ,0.0119497,5010
