,dataset,query_size,query_mode,query_index,elapsed_execution_time,filter_time,plan_time,enumerate_time,n_embeddings,order,max_task_time,n_intersections
0,youtube2007,8,dense,4,32.1914,1.41104,0.565179,32.1826,1810971876,mixed,9.52945,21769351
1,youtube2007,8,dense,5,0.0174928,0.951612,0.0179404,0.0171046,37928,mixed,0.00548248,14227
2,youtube2007,8,dense,6,90.3487,3.60263,3.64742,90.3003,8313609576,mixed,48.4139,66647924
3,youtube2007,8,dense,9,0.355986,0.48206,0.0557572,0.354973,10779078,mixed,0.222804,325936
4,youtube2007,8,dense,10,504.156,2.84668,2.87585,504.129,30074837469,mixed,329.565,383065659
5,youtube2007,8,dense,12,0.063439,0.635937,0.035867,0.0629426,2333180,mixed,0.0268344,51735
6,youtube2007,8,dense,14,11.6061,1.38541,0.160976,11.603,934645386,mixed,4.83553,5348862
7,youtube2007,8,dense,15,446.509,2.74097,3.68281,446.465,83621425335,mixed,187.705,315822233
8,youtube2007,8,dense,18,0.328298,1.22867,0.1006,0.32708,1651374,mixed,0.0758449,350648
9,youtube2007,8,dense,19,0.36543,0.914291,0.104459,0.363947,4889872,mixed,0.181146,306250
10,youtube2007,8,dense,20,214.817,5.54601,5.25203,214.773,4443371876,mixed,72.9052,115803895
11,youtube2007,8,dense,21,0.357256,1.07177,0.134193,0.354435,14471590,mixed,0.135778,207616
12,youtube2007,8,dense,23,1.43673,1.07063,0.41954,1.43297,11589738,mixed,0.489227,1112236
13,youtube2007,8,dense,24,217.402,1.34816,1.30983,217.389,19172769238,mixed,107.849,133606837
14,youtube2007,8,dense,26,0.062325,1.02847,0.0565755,0.0616482,162032,mixed,0.0400343,66351
15,youtube2007,8,dense,27,0.163056,1.66967,0.1606,0.160642,565319,mixed,0.0409655,206843
16,youtube2007,8,dense,28,0.0485088,1.43226,0.0209798,0.0478225,418496,mixed,0.0233844,36709
17,youtube2007,8,dense,29,17.7053,2.43341,1.20033,17.6934,91068504,mixed,5.85601,12733042
18,youtube2007,8,dense,30,90.0495,1.54395,1.47823,90.0361,28310969676,mixed,34.3934,42452970
19,youtube2007,8,dense,31,2.83683,1.68509,0.62827,2.8281,73058160,mixed,1.90198,1920766
20,youtube2007,8,dense,32,76.4331,5.25433,3.50598,76.392,2936454778,mixed,28.2574,51186858
21,youtube2007,8,dense,35,0.0861954,0.627505,0.035422,0.0856395,935485,mixed,0.0420331,81136
22,youtube2007,8,dense,39,0.022485,0.323793,0.00873786,0.0222504,114182,mixed,0.0133353,16077
23,youtube2007,8,dense,40,27.8031,2.31977,0.716283,27.7948,319003190,mixed,7.81667,18658282
24,youtube2007,8,dense,41,44.827,1.90799,1.38831,44.8134,1127083906,mixed,13.3837,42852592
25,youtube2007,8,dense,42,13.4986,2.0863,0.572044,13.4886,1779017600,mixed,4.81274,13378161
26,youtube2007,8,dense,45,257.805,2.88241,1.14758,257.79,5458366038,mixed,90.2609,259707971
27,youtube2007,8,dense,47,245.484,5.02628,1.89208,245.428,51819788358,mixed,66.008,124915596
28,youtube2007,8,dense,48,0.00534745,0.912039,0.00368378,0.00520665,11604,mixed,0.00211775,2296
29,youtube2007,8,dense,50,0.0215162,0.194642,0.0062173,0.0213172,56158,mixed,0.00947152,22448
30,youtube2007,8,dense,51,34.6717,3.05881,1.17333,34.6578,1673377853,mixed,11.3056,30471963
31,youtube2007,8,dense,52,0.00522128,0.996417,0.00439446,0.00509324,1759,mixed,0.00128661,1590
32,youtube2007,8,dense,53,0.0151832,0.951159,0.00946254,0.0149572,43614,mixed,0.00637997,14090
33,youtube2007,8,dense,54,16.8597,2.46663,2.23986,16.8425,143999176,mixed,5.26977,13090802
34,youtube2007,8,dense,56,0.0174682,0.990414,0.00943591,0.0153865,28559,mixed,0.00507619,13374
35,youtube2007,8,dense,60,0.211312,0.638249,0.0595101,0.210714,10294944,mixed,0.110987,240285
36,youtube2007,8,dense,62,2.50883,0.570953,0.0671825,2.5078,28048280,mixed,0.903994,2610508
37,youtube2007,8,dense,63,4.48174,1.63841,0.505724,4.47425,152441966,mixed,1.35404,4602425
38,youtube2007,8,dense,64,3.48465,1.37513,0.697074,3.47748,69622656,mixed,1.91247,3384963
39,youtube2007,8,dense,67,1.18632,1.5162,0.227189,1.18293,12137792,mixed,0.55696,1398777
40,youtube2007,8,dense,68,0.448439,1.89668,0.180585,0.44316,9340899,mixed,0.172988,362966
41,youtube2007,8,dense,69,0.611228,1.28766,0.193086,0.609849,2464846,mixed,0.250187,541880
42,youtube2007,8,dense,73,0.312934,0.592728,0.0585776,0.311949,51800920,mixed,0.142183,365767
43,youtube2007,8,dense,75,0.121022,1.05511,0.137974,0.116985,2060176,mixed,0.097092,132037
44,youtube2007,8,dense,78,63.9893,0.887708,0.402805,63.9835,18627072316,mixed,48.4049,73666974
45,youtube2007,8,dense,79,26.4987,2.14942,0.979925,26.483,17630524852,mixed,7.69538,25626406
46,youtube2007,8,dense,81,425.121,5.16764,5.48782,425.062,9893840194,mixed,187.487,440386756
47,youtube2007,8,dense,84,44.1441,2.32589,2.2587,44.1157,5765328428,mixed,18.3727,26516427
48,youtube2007,8,dense,85,0.69117,2.00282,0.171478,0.68601,24644806,mixed,0.262741,618020
49,youtube2007,8,dense,86,503.4,5.34591,7.04955,503.332,41742723954,mixed,238.259,309495097
50,youtube2007,8,dense,87,11.2697,1.2681,0.0894506,11.2683,1136773470,mixed,8.74725,6611082
51,youtube2007,8,dense,89,340.375,2.04519,2.21724,340.351,5814024312,mixed,170.904,174062935
52,youtube2007,8,dense,90,0.00706522,0.804554,0.00838695,0.00687667,7396,mixed,0.0029072,4317
53,youtube2007,8,dense,92,439.411,2.17861,2.0428,439.386,14718039248,mixed,136.901,303103936
54,youtube2007,8,dense,94,9.85319,2.39126,1.68547,9.84079,128830004,mixed,3.51042,9148897
55,youtube2007,8,dense,95,48.4153,1.63693,0.659836,48.4047,16257357230,mixed,25.3443,24551197
56,youtube2007,8,dense,98,27.77,0.335025,0.144194,27.767,3867011564,mixed,11.2816,18665717
57,youtube2007,8,dense,99,0.020233,0.667269,0.0143942,0.0199895,21995,mixed,0.00609452,22331
58,youtube2007,8,sparse,1,0.207178,1.01627,0.0501561,0.20494,6801281,mixed,0.0715213,137636
59,youtube2007,8,sparse,2,63.7281,1.93591,1.87367,63.7036,21830099425,mixed,29.5771,36612645
60,youtube2007,8,sparse,5,6.28577,0.473058,0.0844869,6.28355,447209421,mixed,2.57606,452643
61,youtube2007,8,sparse,6,0.959153,2.64397,0.404905,0.94661,202680341,mixed,0.370433,511566
62,youtube2007,8,sparse,7,0.248859,0.812669,0.0705246,0.247093,94999955,mixed,0.174492,134065
63,youtube2007,8,sparse,8,69.2518,0.954645,1.01561,69.242,8102001448,mixed,54.1237,31993863
64,youtube2007,8,sparse,10,0.00277359,0.912401,0.00268891,0.0016349,38499,mixed,0.000542351,673
65,youtube2007,8,sparse,13,359.136,2.99071,7.26433,359.076,6227460784,mixed,118.147,170141008
66,youtube2007,8,sparse,14,279.508,4.90581,6.34168,279.44,10218984832,mixed,106.428,70880360
67,youtube2007,8,sparse,15,2.18521,1.77257,0.507955,2.16574,2331668142,mixed,1.3805,1639028
68,youtube2007,8,sparse,16,100.147,3.29538,3.34257,100.112,1543726926,mixed,55.0266,89563982
69,youtube2007,8,sparse,19,0.159563,1.49132,0.19197,0.15866,80157,mixed,0.0466722,171882
70,youtube2007,8,sparse,21,1.32652,1.00976,0.156968,1.32239,30171076,mixed,0.865465,752867
71,youtube2007,8,sparse,23,0.293569,1.59276,0.189487,0.288021,6328838,mixed,0.131287,223444
72,youtube2007,8,sparse,24,153.196,2.60623,3.81889,153.155,15258440598,mixed,51.9768,65496586
73,youtube2007,8,sparse,25,34.5133,0.435935,0.551719,34.509,3847241262,mixed,24.3244,21739567
74,youtube2007,8,sparse,26,15.3907,1.95106,1.03658,15.3676,467197878,mixed,4.17799,10692565
75,youtube2007,8,sparse,28,22.2557,3.27524,2.46502,22.2045,30794348148,mixed,11.0257,11299453
76,youtube2007,8,sparse,29,0.191761,0.551514,0.0606518,0.190883,557762,mixed,0.0959614,137505
77,youtube2007,8,sparse,31,68.3249,5.11733,3.30353,68.2538,46877168000,mixed,21.3384,36540159
78,youtube2007,8,sparse,32,176.129,2.01734,0.541683,176.118,12519768722,mixed,86.7119,8475297
79,youtube2007,8,sparse,33,0.35169,0.927869,0.21674,0.34645,84169176,mixed,0.207738,339165
80,youtube2007,8,sparse,34,1.89103,0.487183,0.122752,1.88922,9046410,mixed,1.23951,1465719
81,youtube2007,8,sparse,36,28.4577,4.45148,2.88591,28.4211,522870260,mixed,11.2203,20016437
82,youtube2007,8,sparse,38,120.896,5.32127,4.66086,120.813,263842843252,mixed,47.6271,30983719
83,youtube2007,8,sparse,39,0.00458256,0.805902,0.00730474,0.00436799,3037,mixed,0.00147965,1993
84,youtube2007,8,sparse,40,34.3689,2.87619,2.47741,34.3238,113125525906,mixed,12.6662,18278312
85,youtube2007,8,sparse,41,19.1623,2.07046,1.43063,19.1355,579963456,mixed,7.77989,11208723
86,youtube2007,8,sparse,43,318.23,1.82498,1.10442,318.205,22078410104,mixed,105.571,21733938
87,youtube2007,8,sparse,44,80.6674,3.2558,4.4117,80.6112,30538209946,mixed,25.7986,54433508
88,youtube2007,8,sparse,45,4.88672,1.84567,0.530491,4.87733,119899767,mixed,3.1465,2520306
89,youtube2007,8,sparse,46,16.6307,4.89911,3.06658,16.5715,289232483128,mixed,6.10564,10337458
90,youtube2007,8,sparse,47,0.0119863,0.972024,0.0451527,0.0112465,33738,mixed,0.00369493,9622
91,youtube2007,8,sparse,49,1.06103,2.26827,0.643168,1.04992,72169044,mixed,0.366488,780118
92,youtube2007,8,sparse,51,558.778,1.74075,2.28006,558.756,80147648530,mixed,255.95,306425175
93,youtube2007,8,sparse,53,14.6599,4.36171,2.24114,14.6297,374533618,mixed,7.24024,11938502
94,youtube2007,8,sparse,54,0.0629564,1.43172,0.110281,0.0614703,175996,mixed,0.018309,67416
95,youtube2007,8,sparse,55,0.0178093,0.895344,0.0112077,0.0174807,149802,mixed,0.00927679,12610
96,youtube2007,8,sparse,57,439.125,2.294,3.05931,439.091,105419480996,mixed,292.339,200789773
97,youtube2007,8,sparse,58,0.0230387,0.977922,0.014142,0.0225926,618334,mixed,0.00701869,14922
98,youtube2007,8,sparse,59,0.0309259,1.37878,0.0599665,0.0294058,384423,mixed,0.0131439,19008
99,youtube2007,8,sparse,61,4.69923,1.36247,0.585743,4.69198,100720240,mixed,1.89072,2780518
100,youtube2007,8,sparse,62,66.4087,2.91082,1.15286,66.3787,5819592620,mixed,20.3926,6179573
101,youtube2007,8,sparse,63,53.9091,1.24163,0.643361,53.8931,23493698411,mixed,25.7903,10859393
102,youtube2007,8,sparse,66,97.5878,1.8322,1.44285,97.5679,44527091726,mixed,38.5867,57161671
103,youtube2007,8,sparse,67,42.5328,4.20763,2.05159,42.4985,4045457427,mixed,18.3107,32054924
104,youtube2007,8,sparse,69,0.109013,0.767639,0.0663127,0.107865,1543128,mixed,0.0650635,91913
105,youtube2007,8,sparse,70,78.5375,0.951359,1.39716,78.5265,13082101753,mixed,55.0779,34364634
106,youtube2007,8,sparse,71,0.0183144,0.904079,0.0351913,0.0176784,26132,mixed,0.00610944,11603
107,youtube2007,8,sparse,74,6.32545,1.80227,1.28024,6.31057,434568060,mixed,2.72192,5919515
108,youtube2007,8,sparse,75,7.34859,0.987668,0.70347,7.34048,128661084,mixed,4.74099,7215862
109,youtube2007,8,sparse,77,6.82301,2.23786,1.39879,6.79872,315521056,mixed,2.22389,4643172
110,youtube2007,8,sparse,78,5.38416,1.65028,0.483286,5.37127,281908678,mixed,2.64975,3614230
111,youtube2007,8,sparse,79,0.0765197,0.472393,0.0293237,0.0760637,1019974,mixed,0.0378932,41629
112,youtube2007,8,sparse,81,6.95147,1.30188,1.12666,6.94157,68085662,mixed,4.07082,5727439
113,youtube2007,8,sparse,82,5.13172,1.49715,0.898846,5.11221,687402169968,mixed,2.09715,2585270
114,youtube2007,8,sparse,84,0.0165253,0.897041,0.0101943,0.0161439,120209,mixed,0.00470778,7666
115,youtube2007,8,sparse,85,0.00551828,0.801544,0.00397099,0.00525629,2042,mixed,0.00158748,666
116,youtube2007,8,sparse,86,161.608,0.861613,1.03434,161.597,17583213736,mixed,98.446,90697528
117,youtube2007,8,sparse,87,18.1456,1.77292,1.68462,18.1313,633891481,mixed,12.6975,19500614
118,youtube2007,8,sparse,88,17.2936,4.41418,3.34069,17.2553,512765976,mixed,5.31914,14382683
119,youtube2007,8,sparse,89,0.0121838,0.371946,0.0122384,0.0115314,946368,mixed,0.00693873,7359
120,youtube2007,8,sparse,91,260.454,4.1072,2.07696,260.409,91955469918,mixed,71.1493,123823054
121,youtube2007,8,sparse,94,0.367149,2.99993,0.222843,0.362565,12298296,mixed,0.159825,215330
122,youtube2007,8,sparse,95,350.106,3.95335,5.09747,350.038,396697720310,mixed,112.193,214151998
123,youtube2007,8,sparse,97,36.2651,2.48259,1.22793,36.2372,1308979896,mixed,11.1828,15859242
124,youtube2007,8,sparse,99,0.316653,0.638159,0.193048,0.31409,10737740,mixed,0.296665,269498
