,dataset,query_size,query_mode,query_index,elapsed_execution_time,filter_time,plan_time,enumerate_time,n_embeddings,order,max_task_time,n_intersections
0,youtube2007,12,dense,3,90.4797,7.58654,0.155459,90.4785,11404505557,mixed,37.426,95175994
1,youtube2007,12,dense,4,0.575298,2.96626,0.0156259,0.574615,55120515,mixed,0.430249,265151
2,youtube2007,12,dense,7,42.0639,3.29234,0.0774827,42.0633,2545935373,mixed,14.559,43757928
3,youtube2007,12,dense,9,1.26915,3.82294,0.06146,1.26859,19129765,mixed,0.566535,1773119
4,youtube2007,12,dense,10,0.280622,6.26373,0.0756885,0.279923,123681863,mixed,0.0938595,342882
5,youtube2007,12,dense,14,0.00152002,1.17863,0.00196945,0.00136933,19773,1 3 2 5 8 4 9 7 6 0 11 10 ,0.00136933,976
6,youtube2007,12,dense,15,0.0347461,0.838151,0.00186053,0.0345908,1900800,0 5 10 11 7 9 3 1 4 8 2 6 ,0.0345908,50884
7,youtube2007,12,dense,18,77.7748,7.28592,0.0985054,77.7665,23170255068,mixed,37.4534,24370678
8,youtube2007,12,dense,22,0.000705644,1.17927,0.00157561,0.000568338,90,2 6 9 10 4 7 8 3 5 1 0 11 ,0.000568338,117
9,youtube2007,12,dense,24,0.905281,1.45192,0.00801879,0.905056,65974348,mixed,0.652274,799097
10,youtube2007,12,dense,27,0.000838477,1.31878,0.00221277,0.000669752,600,4 7 6 8 9 10 5 3 1 11 2 0 ,0.000669752,64
11,youtube2007,12,dense,28,0.638901,1.69552,0.0103218,0.638613,3860614,mixed,0.450424,911495
12,youtube2007,12,dense,29,0.00179977,1.66672,0.00195709,0.00152528,6480,7 11 10 8 2 9 0 4 5 3 6 1 ,0.00152528,1956
13,youtube2007,12,dense,30,12.4647,5.82731,0.0205664,12.4642,909940848,mixed,7.71662,5437531
14,youtube2007,12,dense,32,0.000789507,1.33432,0.00194662,0.000654148,108,2 1 9 3 4 8 5 7 0 6 10 11 ,0.000654148,92
15,youtube2007,12,dense,36,35.8071,12.729,0.601239,35.8004,15614261899,mixed,17.9803,40761359
16,youtube2007,12,dense,39,167.264,3.11494,0.119142,167.259,12230106544,mixed,132.654,32296224
17,youtube2007,12,dense,40,34.3272,3.83641,0.301003,34.3252,85671788390,mixed,24.7584,34236216
18,youtube2007,12,dense,47,35.1729,2.76191,0.0164398,35.1726,7621380960,mixed,29.5578,48922295
19,youtube2007,12,dense,48,430.805,5.7919,0.470042,430.802,157454094524,mixed,238.706,501401143
20,youtube2007,12,dense,51,0.269755,6.92317,0.0144094,0.269517,442436,mixed,0.185553,189965
21,youtube2007,12,dense,52,0.0226096,4.28783,0.0209063,0.022338,14370,mixed,0.00980813,23134
22,youtube2007,12,dense,54,61.5501,5.58466,0.172589,61.5466,45783616076,mixed,27.0487,47241574
23,youtube2007,12,dense,56,38.8125,4.7765,0.312746,38.8094,12229096514976,mixed,26.0012,46313885
24,youtube2007,12,dense,62,12.3907,2.6702,0.0206245,12.3903,5664924965068,mixed,9.57982,12527299
25,youtube2007,12,dense,66,0.00161415,1.22382,0.00176311,0.00136225,1030477,8 2 0 3 4 1 5 7 9 6 11 10 ,0.00136225,722
26,youtube2007,12,dense,67,0.170301,2.4103,0.0166607,0.170064,380104,mixed,0.13714,183911
27,youtube2007,12,dense,68,1.61995,4.93603,0.0551703,1.61935,52335527,mixed,0.841002,1460804
28,youtube2007,12,dense,69,36.4977,5.04098,0.0580628,36.4953,4159957634,mixed,31.4299,30206111
29,youtube2007,12,dense,72,0.13372,2.4046,0.0103975,0.132623,2931261,mixed,0.0907752,140918
30,youtube2007,12,dense,75,36.5206,9.02535,0.344224,36.5191,378594590,mixed,14.2505,38798416
31,youtube2007,12,dense,82,2.27954,3.7132,0.0291683,2.27917,930130824,mixed,0.996042,2532156
32,youtube2007,12,dense,87,175.53,1.94321,0.212983,175.529,613361939205,mixed,138.974,114340776
33,youtube2007,12,dense,88,110.01,5.36291,0.00615998,110.01,6931048322,mixed,78.1969,9925053
34,youtube2007,12,dense,89,0.0358181,1.61068,0.0116451,0.0355407,371898,mixed,0.0175058,35108
35,youtube2007,12,dense,90,0.135856,3.39803,0.020135,0.133855,8299904,mixed,0.0867619,139588
36,youtube2007,12,dense,93,327.59,5.4152,0.123696,327.589,46894768211,mixed,183.459,425132188
37,youtube2007,12,dense,100,0.00549244,0.922586,0.00175719,0.00533903,362688,3 10 9 4 0 8 7 6 2 1 5 11 ,0.00533903,5382
38,youtube2007,12,sparse,1,0.159792,2.94646,0.0306468,0.1593,13714975,mixed,0.0503863,162709
39,youtube2007,12,sparse,3,8.51644,4.67775,0.317829,8.51223,2470739053,mixed,5.79369,4151659
40,youtube2007,12,sparse,4,0.000732151,1.0916,0.00149029,0.000579748,9,3 4 5 2 7 11 1 8 6 9 0 10 ,0.000579748,36
41,youtube2007,12,sparse,8,322.061,14.7655,2.03633,322.048,27115194471036,mixed,175.892,188895244
42,youtube2007,12,sparse,9,0.184139,4.65195,0.057746,0.182215,6656420,mixed,0.0933979,152966
43,youtube2007,12,sparse,10,0.0769912,2.93275,0.0154064,0.0767725,4526967,mixed,0.0304764,61574
44,youtube2007,12,sparse,11,0.233392,1.35231,0.00251845,0.233181,10281600,11 2 7 3 4 6 8 5 10 9 1 0 ,0.233181,141408
45,youtube2007,12,sparse,14,0.00956719,2.37953,0.00600139,0.00931661,93744,mixed,0.00272662,1698
46,youtube2007,12,sparse,18,0.0812309,5.82503,0.0307062,0.0790427,4450907,mixed,0.0259155,67622
47,youtube2007,12,sparse,20,105.437,19.8411,1.23476,105.429,144794242722,mixed,58.6393,57803865
48,youtube2007,12,sparse,22,0.736123,1.28569,0.00389123,0.735911,151779848,0 2 3 1 7 10 5 4 8 9 6 11 ,0.735911,334004
49,youtube2007,12,sparse,25,1.04376,3.60215,0.074765,1.04273,132631142,mixed,0.731417,764484
50,youtube2007,12,sparse,26,0.0755919,2.61173,0.0158635,0.0753708,2558464,mixed,0.0465072,63873
51,youtube2007,12,sparse,27,0.00268505,2.06478,0.00452813,0.00248581,1664,mixed,0.00196848,842
52,youtube2007,12,sparse,29,0.00134342,0.882973,0.00183427,0.00116632,372064,6 4 7 2 1 0 3 8 5 11 10 9 ,0.00116632,587
53,youtube2007,12,sparse,32,11.0061,1.51237,0.0058218,11.0059,1127664096,mixed,10.8784,31454
54,youtube2007,12,sparse,35,1.13504,3.35487,0.0446062,1.13294,62278404,mixed,0.573151,714395
55,youtube2007,12,sparse,36,504.939,8.21295,0.467454,504.933,569919675804,mixed,409.636,380094795
56,youtube2007,12,sparse,37,301.076,6.4262,0.954724,301.07,49291835057,mixed,111.993,250602807
57,youtube2007,12,sparse,40,39.8664,5.56087,0.480963,39.863,10542782150,mixed,20.6812,44347496
58,youtube2007,12,sparse,41,176.403,7.49562,0.761829,176.396,118890186178,mixed,88.4632,26983833
59,youtube2007,12,sparse,43,0.00250943,1.00731,0.00288715,0.00235908,208352,mixed,0.00175839,642
60,youtube2007,12,sparse,44,0.00224609,1.19201,0.00312038,0.00209186,4,mixed,0.00151203,67
61,youtube2007,12,sparse,48,20.3017,5.79961,0.353801,20.2979,5254594281,mixed,18.2516,3937312
62,youtube2007,12,sparse,52,3.93806,12.2148,0.489358,3.93528,2838260590,mixed,1.31921,2534751
63,youtube2007,12,sparse,54,10.1584,9.23374,0.677637,10.15,2679808568,mixed,3.7192,10754192
64,youtube2007,12,sparse,62,9.09789,6.03994,0.470479,9.09528,380942676450,mixed,5.07759,6927522
65,youtube2007,12,sparse,66,0.0732953,1.04229,0.0088014,0.0731477,13459718,mixed,0.0447734,82977
66,youtube2007,12,sparse,70,160.468,17.8778,2.39194,160.445,29587570769,mixed,83.2581,100557928
67,youtube2007,12,sparse,72,460.069,1.72433,0.23677,460.066,94862458453,mixed,451.18,159649453
68,youtube2007,12,sparse,74,1.67805,1.41025,0.0135994,1.67781,31474355792,mixed,1.62323,859083
69,youtube2007,12,sparse,79,300.612,2.52297,0.120025,300.611,37690482509,mixed,299.096,39165531
70,youtube2007,12,sparse,82,10.7766,8.99339,0.42772,10.7654,22165352608,mixed,4.25864,7251865
71,youtube2007,12,sparse,85,0.553875,2.89847,0.0315513,0.553323,817317851,mixed,0.364447,213369
72,youtube2007,12,sparse,88,0.133277,1.9861,0.0115123,0.133012,15820437,mixed,0.125352,83434
73,youtube2007,12,sparse,93,1.63723,9.62723,0.478791,1.63106,334168173815,mixed,0.684839,1509154
74,youtube2007,12,sparse,94,1.35742,6.15034,0.0587216,1.3568,26651084,mixed,0.767125,944060
75,youtube2007,12,sparse,100,6.89573,7.73942,0.199873,6.89428,294240712,mixed,6.12002,7127570
