dataset,query_size,query_mode,query_index,elapsed_execution_time,filter_time,plan_time,enumerate_time,n_embeddings,order,max_task_time,n_intersections
human,12,dense,1,0.148246,0.00385283,0.00224664,0.148125,33213816.0,4 8 10 0 1 5 2 3 6 7 11 9 ,0.148125,128637
human,12,dense,2,0.0782206,0.00365622,0.00209879,0.0781087,6083100.0,4 7 11 3 10 9 5 6 8 2 0 1 ,0.0781087,28851
human,12,dense,4,1.07219,0.00414137,0.00312568,1.072,896269400.0,9 7 11 8 3 4 0 5 1 6 2 10 ,1.072,701425
human,12,dense,6,0.371854,0.00446234,0.00242987,0.371678,16730810880.0,5 2 0 1 10 6 4 3 11 7 8 9 ,0.371678,131937
human,12,dense,7,541.89,0.00813008,0.00370933,541.89,294509550585600.0,10 6 7 8 11 4 9 0 1 2 3 5 ,541.89,147903165
human,12,dense,9,422.543,0.00852408,0.00585176,422.543,7207867097760.0,5 3 9 11 8 0 1 2 4 6 7 10 ,422.543,375162356
human,12,dense,11,0.957457,0.00218038,0.00303817,0.957314,8880248520.0,0 5 3 9 10 11 6 7 4 2 8 1 ,0.957314,790137
human,12,dense,17,1.36786,0.00523851,0.00215628,1.36767,312562913184.0,5 9 10 11 1 8 0 6 7 2 3 4 ,1.36767,365317
human,12,dense,21,0.22205,0.00355326,0.00287987,0.221895,8162257572.0,mixed,0.216845,144097
human,12,dense,22,0.00134069,0.00378493,0.00213321,0.00124987,2405304.0,3 4 8 9 0 6 5 2 7 1 11 10 ,0.00124987,566
human,12,dense,24,1.09867,0.00435439,0.00416181,1.09851,8970576.0,mixed,0.910826,903120
human,12,dense,31,0.00440717,0.00416784,0.00194358,0.00431359,198936.0,7 8 9 2 5 3 4 0 10 11 6 1 ,0.00431359,2147
human,12,dense,33,0.156823,0.00385544,0.00216558,0.156728,697920.0,7 0 10 1 2 3 4 5 6 8 9 11 ,0.156728,265819
human,12,dense,35,14.7538,0.0157008,0.00333159,14.7536,13715883336.0,2 1 8 0 3 9 10 4 5 11 6 7 ,14.7536,4480140
human,12,dense,39,1613.87,0.00693288,0.003513,1613.87,737051887200.0,11 6 0 9 10 2 3 4 5 7 8 1 ,1613.87,1904291913
human,12,dense,41,0.182473,0.00273082,0.00342034,0.182324,1805440.0,3 5 6 4 0 9 10 8 11 1 2 7 ,0.182324,132215
human,12,dense,50,0.0249269,0.00225416,0.00220403,0.0247803,1490400.0,9 10 5 0 4 11 7 1 6 2 3 8 ,0.0247803,28370
human,12,dense,54,359.644,0.0121769,0.00281973,359.644,23755040380800.0,0 8 1 2 11 3 4 5 6 7 9 10 ,359.644,170277714
human,12,dense,56,8.77726,0.00210925,0.00213385,8.77713,1082030400.0,11 10 3 6 7 9 1 2 4 5 8 0 ,8.77713,3027977
human,12,dense,63,0.123823,0.00384116,0.00197371,0.123665,952512.0,0 6 7 1 2 5 3 4 8 10 11 9 ,0.123665,189730
human,12,dense,68,183.463,0.00396135,0.00549134,183.463,688642273080.0,mixed,183.463,72924920
human,12,dense,69,182.069,0.0037048,0.00259236,182.068,8590166980416.0,0 2 1 4 3 8 9 10 11 5 6 7 ,182.068,47359476
human,12,dense,70,3.984,0.0041304,0.00249651,3.98383,1535345280.0,1 8 0 6 7 9 2 3 4 5 10 11 ,3.98383,1844444
human,12,dense,73,17.7459,0.00589978,0.00312705,17.7457,1.449612800552448e+16,0 1 2 7 10 11 9 3 4 5 6 8 ,17.7457,4666766
human,12,dense,74,162.796,0.0127371,0.00516552,162.795,4274492502666.0,1 0 4 10 7 8 9 2 6 3 5 11 ,162.795,70485779
human,12,dense,77,11.3657,0.00528433,0.00285604,11.3655,94569833827.0,10 5 11 3 1 2 6 8 7 4 0 9 ,11.3655,5407994
human,12,dense,79,597.261,0.0115725,0.00543882,597.261,1017082224000.0,mixed,596.678,116381251
human,12,dense,88,45.5763,0.0082871,0.00430272,45.5761,63058636328.0,8 5 0 3 1 9 6 7 2 10 11 4 ,45.5761,27182906
human,12,sparse,1,0.0479773,0.00279027,0.00329772,0.0478203,299452260.0,4 8 10 0 1 5 3 2 6 7 11 9 ,0.0478203,25955
human,12,sparse,2,0.0169781,0.00425215,0.00232907,0.0168725,87480408.0,11 10 6 4 7 3 8 5 9 2 0 1 ,0.0168725,5401
human,12,sparse,4,0.0269968,0.00471976,0.00345248,0.0268798,353178285960.0,9 11 7 3 0 1 8 2 4 6 10 5 ,0.0268798,17842
human,12,sparse,6,26.3121,0.00460461,0.00278414,26.3119,148836293312.0,5 1 0 2 10 6 3 4 8 7 9 11 ,26.3119,255478
human,12,sparse,7,7.01912,0.00764287,0.00300305,7.01891,882290723750400.0,7 11 4 6 0 8 10 9 2 1 3 5 ,7.01891,2826921
human,12,sparse,9,0.672976,0.00667301,0.00423243,0.672773,625119238161240.0,9 11 3 5 8 2 1 4 0 7 6 10 ,0.672773,232766
human,12,sparse,10,88.0586,0.0113202,0.0080712,88.0584,962142439854336.0,0 3 6 1 5 2 8 7 10 4 9 11 ,88.0584,25777725
human,12,sparse,11,0.0806746,0.00234704,0.00389374,0.0805346,22259835000.0,0 2 5 7 3 6 4 11 9 10 8 1 ,0.0805346,29756
human,12,sparse,17,1.91044,0.00489003,0.00403694,1.91025,632216670544.0,10 9 11 1 8 6 5 7 2 0 4 3 ,1.91025,862500
human,12,sparse,18,638.033,0.0176033,0.0111709,638.033,3.958094634850411e+16,2 0 1 6 11 9 8 3 4 7 5 10 ,638.033,137345459
human,12,sparse,19,170.264,0.00637697,0.0075755,170.264,10018238666410.0,mixed,170.251,66124083
human,12,sparse,21,0.014958,0.00346466,0.00206035,0.0148292,121303561680.0,5 7 8 11 2 1 0 3 6 9 4 10 ,0.0148292,4706
human,12,sparse,22,0.0391682,0.00440745,0.0023531,0.0390584,1574769660.0,3 5 6 0 9 7 1 2 8 11 10 4 ,0.0390584,1403
human,12,sparse,24,1.25994,0.00513065,0.00674431,1.25974,159160976.0,mixed,0.716753,1024051
human,12,sparse,31,0.0329735,0.00450759,0.00292505,0.0327863,1751877.0,7 8 9 2 5 3 10 4 11 6 0 1 ,0.0327863,2558
human,12,sparse,33,0.927238,0.00475688,0.00359119,0.927058,229378464.0,7 0 4 2 6 10 3 8 5 1 9 11 ,0.927058,74902
human,12,sparse,35,0.0734399,0.00652463,0.00364236,0.0733212,737935099404.0,2 0 8 3 1 9 10 5 11 4 7 6 ,0.0733212,20903
human,12,sparse,40,1.89673,0.00522432,0.00213427,1.89659,75352337745594.0,7 9 10 6 8 4 11 5 3 0 1 2 ,1.89659,553058
human,12,sparse,41,0.606516,0.00383234,0.00553526,0.606334,584601022.0,mixed,0.600184,324413
human,12,sparse,48,24.707,0.00719552,0.00681715,24.7068,1.1567352955774464e+16,mixed,22.1767,13910937
human,12,sparse,50,0.0797814,0.00245796,0.00185389,0.0796702,129595584.0,9 5 10 1 6 2 7 11 4 3 0 8 ,0.0796702,88880
human,12,sparse,51,137.909,0.00708049,0.00612303,137.908,28576801266048.0,10 11 4 5 7 3 6 2 1 8 9 0 ,137.908,41943572
human,12,sparse,53,546.511,0.00542695,0.00617536,546.511,5612787969360.0,2 0 1 3 9 5 4 7 8 6 10 11 ,546.511,111502982
human,12,sparse,54,88.8188,0.0147898,0.00544129,88.8186,98727369862756.0,8 1 0 7 9 2 11 10 3 4 6 5 ,88.8186,16746667
human,12,sparse,56,1.47295,0.00210252,0.0028837,1.47277,18358255080.0,10 3 8 7 11 1 5 6 2 4 9 0 ,1.47277,1034177
human,12,sparse,57,96.0313,0.00510804,0.00735928,96.0312,4870724971510770.0,1 7 5 11 4 8 9 6 10 2 0 3 ,96.0312,30350280
human,12,sparse,61,20.4193,0.00340486,0.00677484,20.4191,479189458944000.0,3 8 11 10 9 4 1 6 2 0 7 5 ,20.4191,7516486
human,12,sparse,63,0.0832637,0.00540231,0.00346334,0.0830937,48278168.0,10 11 8 0 5 6 1 7 4 9 2 3 ,0.0830937,20330
human,12,sparse,65,457.04,0.0127554,0.00967922,457.04,1.6925683511962576e+16,0 10 11 3 2 9 1 6 7 4 5 8 ,457.04,117249213
human,12,sparse,68,385.105,0.00521763,0.00741235,385.105,34316274866552.0,mixed,385.104,3424526
human,12,sparse,69,46.8907,0.00368159,0.00450926,46.8905,22683704599296.0,0 4 2 1 3 8 10 11 9 6 5 7 ,46.8905,15437432
human,12,sparse,70,16.3891,0.00501878,0.00209853,16.3889,53153278080.0,1 0 9 8 3 6 4 2 5 10 11 7 ,16.3889,280460
human,12,sparse,71,488.302,0.0210306,0.0223758,488.302,5.12995527000767e+18,2 1 0 3 11 9 8 10 5 6 7 4 ,488.302,62321201
human,12,sparse,74,13.2719,0.00886265,0.00673312,13.2717,172865161945338.0,1 0 4 9 7 8 6 2 5 3 10 11 ,13.2717,2892142
human,12,sparse,75,10.0046,0.00658326,0.00565463,10.0044,1.940479181980416e+16,0 1 4 3 2 5 8 6 7 9 10 11 ,10.0044,1943181
human,12,sparse,77,2.07181,0.004823,0.00404301,2.07163,14692539806784.0,10 5 11 1 8 6 4 3 2 0 9 7 ,2.07163,727566
human,12,sparse,80,6.03094,0.00822612,0.00367353,6.03074,1684825992960.0,0 1 2 11 9 3 4 8 5 7 6 10 ,6.03074,1397005
human,12,sparse,81,230.258,0.00869287,0.00745518,230.258,1.015700400749407e+17,4 11 2 0 3 5 1 7 8 10 6 9 ,230.258,44578812
human,12,sparse,83,59.2605,0.00632306,0.0108951,59.2602,268209330120288.0,5 11 4 6 0 9 10 1 3 8 7 2 ,59.2602,14856256
human,12,sparse,84,195.992,0.00602971,0.00681754,195.992,4927068503093816.0,7 9 8 2 3 0 4 10 5 11 1 6 ,195.992,82816868
human,12,sparse,85,87.1723,0.00391852,0.00618457,87.1721,699658777995750.0,2 1 9 8 6 0 7 3 4 10 11 5 ,87.1721,42971486
human,12,sparse,88,0.459415,0.00636405,0.00496126,0.459215,2203143214516.0,8 0 5 3 9 1 2 10 6 7 11 4 ,0.459215,262143
