dataset,query_size,query_mode,query_index,elapsed_execution_time,filter_time,plan_time,enumerate_time,n_embeddings,order,max_task_time
human,8,dense,1,21.4264,0.00972086,0.0023433,21.4262,16418241276,0 6 1 2 3 7 4 5 ,21.4262
human,8,dense,3,2.21024,0.00471615,0.00135965,2.21001,37840240800,2 0 1 3 5 7 4 6 ,2.21001
human,8,dense,4,7.76271,0.00794298,0.0016306,7.76248,1100923920,0 1 2 3 4 5 7 6 ,7.76248
human,8,dense,6,0.106487,0.00176243,0.000938096,0.106299,15850800,1 0 2 6 7 3 4 5 ,0.106299
human,8,dense,7,0.00172362,0.00196567,0.000764482,0.00162319,411188400,5 6 4 1 0 2 3 7 ,0.00162319
human,8,dense,12,237.327,0.00271839,0.000996024,237.327,49557699072,7 3 0 1 2 4 5 6 ,237.327
human,8,dense,14,302.533,0.00426366,0.00170358,302.532,22788041028,mixed,276.828
human,8,dense,15,237.035,0.00360541,0.00119143,237.035,3714173640,0 2 6 4 7 1 3 5 ,237.035
human,8,dense,16,0.00094053,0.00284787,0.000606839,0.000831745,12960,1 2 5 7 0 3 4 6 ,0.000831745
human,8,dense,21,241.384,0.00265986,0.000957442,241.384,49557699072,7 3 0 1 2 4 5 6 ,241.384
human,8,dense,23,6.43648,0.002763,0.00133487,6.43628,1972656000,3 5 7 0 4 6 1 2 ,6.43628
human,8,dense,26,48.1577,0.0106454,0.00313258,48.1575,44294373948,mixed,48.1435
human,8,dense,27,120.736,0.00750794,0.00144892,120.736,6631496976,5 0 1 7 2 3 4 6 ,120.736
human,8,dense,28,854.785,0.00347184,0.00104676,854.785,169631393760,0 1 2 3 4 5 6 7 ,854.785
human,8,dense,29,40.4523,0.00940958,0.00267121,40.4522,2643175850040,mixed,40.4469
human,8,dense,34,320.107,0.00601148,0.00163129,320.107,14456657376,7 0 1 2 3 4 5 6 ,320.107
human,8,dense,37,0.780146,0.00471676,0.00140253,0.779904,22615639200,6 7 3 0 1 2 4 5 ,0.779904
human,8,dense,39,2.5089,0.0027285,0.00116297,2.50875,3489423876,0 1 2 3 6 7 4 5 ,2.50875
human,8,dense,40,0.0128648,0.00311516,0.000844748,0.0126708,72652800,0 2 4 1 3 6 5 7 ,0.0126708
human,8,dense,41,7.28959,0.00571865,0.00168804,7.28938,4812608021760,7 0 1 2 3 4 5 6 ,7.28938
human,8,dense,42,0.358427,0.00849701,0.00196547,0.358268,207687312,2 5 6 7 3 4 1 0 ,0.358268
human,8,dense,43,39.4935,0.0101972,0.00308826,39.4933,184650121552,mixed,33.9547
human,8,dense,44,384.91,0.0147042,0.00365881,384.91,89298264360,mixed,366.887
human,8,dense,45,0.00628714,0.000860037,0.000755861,0.00618696,324000,5 0 6 1 2 3 7 4 ,0.00618696
human,8,dense,46,179.222,0.00286474,0.000918737,179.222,23207184000,5 7 0 1 2 3 4 6 ,179.222
human,8,dense,48,1.73702,0.00477028,0.0016487,1.73686,21804288,2 7 0 1 3 4 5 6 ,1.73686
human,8,dense,49,0.156117,0.00208116,0.000827835,0.156016,1075612032,0 1 2 3 6 7 4 5 ,0.156016
human,8,dense,51,0.605259,0.00841154,0.0019695,0.605092,7037852577,1 3 4 2 0 6 7 5 ,0.605092
human,8,dense,54,16.9774,0.00932318,0.00176414,16.9771,21461382692,1 5 2 3 6 0 4 7 ,16.9771
human,8,dense,55,254.132,0.00273631,0.00104207,254.132,49557699072,7 3 0 1 2 4 5 6 ,254.132
human,8,dense,58,193.955,0.00710496,0.00180054,193.954,144983739984,3 1 2 6 4 5 7 0 ,193.954
human,8,dense,60,0.0907333,0.00086377,0.000907399,0.0906247,23040,0 1 2 3 6 7 4 5 ,0.0906247
human,8,dense,61,0.00135223,0.00306473,0.000774235,0.00126274,133640,0 4 3 2 1 5 7 6 ,0.00126274
human,8,dense,64,32.805,0.00731674,0.00231683,32.8048,56894507682,3 0 1 4 5 6 7 2 ,32.8048
human,8,dense,67,0.142881,0.00377857,0.000946627,0.142751,1326297600,3 4 5 1 2 0 6 7 ,0.142751
human,8,dense,69,0.00427878,0.00305262,0.000800759,0.00410983,1172200320,0 2 3 4 1 5 6 7 ,0.00410983
human,8,dense,72,0.00689973,0.00220841,0.00074805,0.00677594,337920,2 1 3 6 0 4 5 7 ,0.00677594
human,8,dense,73,8.47785,0.00707536,0.00176157,8.47763,11331378744,2 4 7 1 3 5 6 0 ,8.47763
human,8,dense,74,3.66415,0.00433741,0.00218427,3.66392,394654848,mixed,2.05666
human,8,dense,76,266.843,0.00289338,0.000965936,266.843,49557699072,7 3 0 1 2 4 5 6 ,266.843
human,8,dense,82,39.9011,0.00787854,0.00272443,39.9008,218564459064,4 1 2 3 0 6 7 5 ,39.9008
human,8,dense,84,363.506,0.00931861,0.002654,363.506,772323301392,6 7 2 5 1 3 0 4 ,363.506
human,8,dense,87,269.089,0.0029998,0.00102793,269.089,49557699072,7 3 0 1 2 4 5 6 ,269.089
human,8,dense,88,0.0553805,0.0011365,0.000785963,0.0552118,1010682,3 1 2 5 6 4 7 0 ,0.0552118
human,8,dense,90,479.724,0.00279621,0.00176887,479.724,58781708640,mixed,479.66
human,8,dense,92,0.728604,0.00139545,0.00092594,0.728416,2830464,7 2 1 3 4 0 5 6 ,0.728416
human,8,dense,93,1.12985,0.00505869,0.00109651,1.12963,9136973376,3 4 5 6 0 1 2 7 ,1.12963
human,8,dense,94,5.63386,0.00329203,0.0018475,5.63366,4858101786,mixed,5.63334
human,8,dense,95,0.00977858,0.00483425,0.0011916,0.00961102,8287368,5 4 0 6 1 7 2 3 ,0.00961102
human,8,dense,100,136.795,0.00636449,0.00183541,136.795,60504725352,1 0 3 6 2 4 5 7 ,136.795
human,8,sparse,1,0.638739,0.00853697,0.00216352,0.638513,96433430217,0 6 3 1 2 7 5 4 ,0.638513
human,8,sparse,3,0.0550778,0.00460359,0.0011141,0.0549621,43585007400,2 1 0 7 3 5 6 4 ,0.0549621
human,8,sparse,4,0.125451,0.00647136,0.00192887,0.125244,1370571264,0 1 2 3 7 4 6 5 ,0.125244
human,8,sparse,5,268.454,0.0103886,0.00491381,268.454,48596251770417,7 0 1 2 4 3 5 6 ,268.454
human,8,sparse,6,1.57949,0.00164495,0.00105759,1.57932,242424000,1 0 5 6 7 3 2 4 ,1.57932
human,8,sparse,7,0.0018092,0.0019355,0.000691202,0.00167708,460139400,5 6 4 2 1 3 0 7 ,0.00167708
human,8,sparse,8,7.01186,0.00726831,0.00289033,7.01162,7035981381852,0 1 4 3 2 7 6 5 ,7.01162
human,8,sparse,9,40.1664,0.00600959,0.0020918,40.1662,931926099006,7 6 4 3 2 5 1 0 ,40.1662
human,8,sparse,11,18.8415,0.00711221,0.00353361,18.8413,373472838376,mixed,16.9095
human,8,sparse,12,288.238,0.00265982,0.00116183,288.238,58812781224,7 4 2 0 1 3 5 6 ,288.238
human,8,sparse,14,2.7337,0.00469382,0.00115825,2.73348,59542474371,5 7 6 3 4 1 0 2 ,2.73348
human,8,sparse,15,0.445345,0.00262612,0.00175698,0.445157,3919024200,0 4 6 7 1 2 5 3 ,0.445157
human,8,sparse,16,0.000694206,0.00246223,0.000615287,0.000582868,246240,1 2 5 7 0 4 3 6 ,0.000582868
human,8,sparse,20,12.1371,0.0141357,0.00383563,12.1368,16564338974479,0 7 3 2 6 5 4 1 ,12.1368
human,8,sparse,21,269.191,0.00295371,0.00131754,269.191,57116468688,7 6 1 2 0 3 5 4 ,269.191
human,8,sparse,22,90.1588,0.0141665,0.00472738,90.1586,4027687084037,0 1 6 5 2 4 3 7 ,90.1586
human,8,sparse,23,0.0418541,0.0027065,0.00179753,0.0417307,4880538000,3 4 2 7 0 6 1 5 ,0.0417307
human,8,sparse,24,7.78764,0.0159379,0.0058418,7.7875,6983275160382,mixed,7.78588
human,8,sparse,26,93.2258,0.00907569,0.00309828,93.2256,44730576260,mixed,93.2166
human,8,sparse,27,0.598657,0.00755352,0.00227647,0.59845,9837354482,mixed,0.597859
human,8,sparse,28,961.946,0.0032421,0.00110342,961.946,197785551408,0 2 1 3 4 6 7 5 ,961.946
human,8,sparse,29,84.2369,0.00916669,0.00327012,84.2367,3790450478439,mixed,84.2217
human,8,sparse,30,11.8776,0.00660525,0.00363349,11.8774,46866169392,7 1 6 0 4 5 2 3 ,11.8774
human,8,sparse,32,20.9877,0.0149896,0.00536002,20.9875,10168236660597,5 1 3 2 6 4 0 7 ,20.9875
human,8,sparse,34,1.11724,0.00560851,0.00218325,1.11702,22142048608,mixed,1.11321
human,8,sparse,37,0.0266482,0.00423217,0.00120553,0.0264876,33042330000,6 7 3 1 0 2 4 5 ,0.0264876
human,8,sparse,38,27.8364,0.0069388,0.00262833,27.8362,6740868688860,0 6 4 3 5 2 7 1 ,27.8362
human,8,sparse,39,0.267873,0.00298422,0.00150291,0.267662,3597596128,1 0 2 3 7 6 4 5 ,0.267662
human,8,sparse,40,0.0285399,0.00314165,0.00136754,0.0283402,231666000,0 3 2 1 6 4 5 7 ,0.0283402
human,8,sparse,41,0.817866,0.00528198,0.00172556,0.817668,5208853121472,7 0 1 2 3 5 4 6 ,0.817668
human,8,sparse,42,0.691283,0.00934071,0.00229863,0.691114,3507858420,2 5 4 1 3 6 7 0 ,0.691114
human,8,sparse,43,4.00182,0.00822759,0.00205196,4.00159,240626184088,mixed,2.96557
human,8,sparse,44,32.7705,0.0166886,0.00555029,32.7703,316132611893,mixed,31.7207
human,8,sparse,45,0.0180488,0.00112681,0.000799594,0.0179176,471600,5 1 0 3 2 6 7 4 ,0.0179176
human,8,sparse,46,192.297,0.00215759,0.00133124,192.297,23207184000,5 1 3 7 0 6 4 2 ,192.297
human,8,sparse,48,6.29986,0.00585294,0.00245816,6.29962,570157924,2 7 1 0 4 6 5 3 ,6.29962
human,8,sparse,49,0.166784,0.00233288,0.00105173,0.166562,1096452672,0 2 1 7 6 3 4 5 ,0.166562
human,8,sparse,51,0.676991,0.00756329,0.00209995,0.676766,11773023074,1 3 4 2 0 6 7 5 ,0.676766
human,8,sparse,52,22.5571,0.00693978,0.00335117,22.5569,1663708413966,6 5 3 0 1 7 2 4 ,22.5569
human,8,sparse,53,20.6934,0.00770127,0.00408034,20.6932,1013224592038,mixed,18.7732
human,8,sparse,54,0.0663113,0.00642427,0.00203065,0.0660856,22691566430,1 3 5 2 6 0 4 7 ,0.0660856
human,8,sparse,55,279.464,0.0026749,0.00117867,279.464,56805214680,7 5 0 1 2 6 3 4 ,279.464
human,8,sparse,58,2.55711,0.00538036,0.00211135,2.5569,1336301399640,2 3 1 4 6 5 7 0 ,2.5569
human,8,sparse,59,0.437851,0.0139418,0.0057799,0.437637,1400719451782,0 7 6 1 2 4 3 5 ,0.437637
human,8,sparse,60,0.0552552,0.00119206,0.00102778,0.0550882,1333440,3 5 1 2 6 0 4 7 ,0.0550882
human,8,sparse,61,0.00167231,0.00310413,0.00067806,0.00156667,318435,1 6 3 2 5 7 0 4 ,0.00156667
human,8,sparse,63,426.308,0.00192975,0.00163051,426.307,63349066776,mixed,426.291
human,8,sparse,64,2.08062,0.00520076,0.00232858,2.08049,196871019231,3 0 4 6 1 5 7 2 ,2.08049
human,8,sparse,66,1.08737,0.00735093,0.00322817,1.08723,39049243745658,mixed,1.08561
human,8,sparse,67,0.0134238,0.00241635,0.000862625,0.0132704,2463834624,3 5 4 2 1 0 6 7 ,0.0132704
human,8,sparse,68,82.8749,0.00642009,0.00310449,82.8748,4640207560076,0 1 3 7 2 4 5 6 ,82.8748
human,8,sparse,69,0.00109798,0.0020673,0.000563864,0.00100772,1363991040,0 2 3 4 1 7 5 6 ,0.00100772
human,8,sparse,70,26.0355,0.016445,0.00690893,26.0353,11299598975920,mixed,26.0346
human,8,sparse,71,4.31013,0.0126532,0.00767602,4.30994,3266813584887,mixed,4.30899
human,8,sparse,72,0.00141088,0.00185392,0.00068994,0.0013187,341760,2 1 3 6 0 5 4 7 ,0.0013187
human,8,sparse,73,0.0535255,0.00449373,0.00125892,0.0533521,24356919012,2 4 7 6 5 3 0 1 ,0.0533521
human,8,sparse,74,7.45956,0.00375627,0.00166611,7.45942,1989878990,mixed,7.41051
human,8,sparse,75,1.43475,0.00469687,0.00152238,1.43459,133365084612,2 7 3 0 6 1 4 5 ,1.43459
human,8,sparse,76,233.588,0.00264715,0.00131946,233.588,51970348464,7 4 0 2 1 3 5 6 ,233.588
human,8,sparse,77,0.37536,0.00415095,0.00160001,0.375175,182534345520,1 7 6 0 3 4 2 5 ,0.375175
human,8,sparse,78,83.6034,0.00727285,0.00351337,83.6032,32212075544266,mixed,83.5249
human,8,sparse,85,123.653,0.0177852,0.00434373,123.653,406567787136571,0 6 1 3 7 2 4 5 ,123.653
human,8,sparse,86,213.068,0.0184819,0.00797218,213.068,126623344145783,2 6 3 7 4 1 5 0 ,213.068
human,8,sparse,87,60.0537,0.00257784,0.00120481,60.0535,99590185344,7 3 1 2 0 4 6 5 ,60.0535
human,8,sparse,88,0.0137049,0.00106461,0.00074222,0.0136049,14334372,3 6 5 4 2 1 7 0 ,0.0136049
human,8,sparse,90,11.6201,0.00204481,0.00198872,11.6199,59364565344,mixed,11.5981
human,8,sparse,91,546.999,0.0231958,0.0106091,546.999,264386553043738,0 4 1 2 7 3 6 5 ,546.999
human,8,sparse,92,0.150246,0.00143941,0.00108467,0.150124,7805160,7 4 1 0 6 2 3 5 ,0.150124
human,8,sparse,93,0.0753577,0.00362235,0.00156481,0.0752281,15114669918,3 4 6 0 5 1 7 2 ,0.0752281
human,8,sparse,94,115.103,0.0033458,0.00248297,115.103,12305634416,mixed,115.064
human,8,sparse,95,0.0123701,0.0054054,0.00208448,0.0121628,33295704,5 4 1 6 2 0 3 7 ,0.0121628
human,8,sparse,98,37.0352,0.0169374,0.00656742,37.0349,3159443147572,2 1 3 7 5 4 0 6 ,37.0349
human,8,sparse,99,100.916,0.0163185,0.00264396,100.916,920729454195,2 1 6 7 0 4 3 5 ,100.916
human,8,sparse,100,0.246234,0.00493727,0.00263722,0.246038,64575102320,1 4 3 0 6 2 5 7 ,0.246038
