dataset,query_size,query_mode,query_index,elapsed_execution_time,filter_time,plan_time,enumerate_time,n_embeddings,order,max_task_time
youtube2007,6,dense,1,0.337526,0.00483306,0.00182841,8.18783,4543075,3 5 0 1 2 4 ,0.0763778
youtube2007,6,dense,2,0.259948,0.0100226,0.00317095,6.07119,5021645,1 2 0 5 3 4 ,0.0664516
youtube2007,6,dense,3,0.401931,0.0017973,0.00110389,10.71,72830166,1 4 2 5 3 0 ,0.122103
youtube2007,6,dense,4,0.0618919,0.00158506,0.000924852,1.4087,363485,1 2 5 3 4 0 ,0.0279687
youtube2007,6,dense,5,0.242916,0.0035857,0.00138031,5.77797,729958,1 4 0 5 3 2 ,0.0599553
youtube2007,6,dense,6,0.225768,0.00342331,0.00145097,4.95746,48790,2 0 5 1 3 4 ,0.0224825
youtube2007,6,dense,7,1.39516,0.00617228,0.00260352,39.1033,175847109,1 2 0 3 5 4 ,0.687742
youtube2007,6,dense,8,0.712053,0.00381032,0.00168604,17.5503,142173511,2 3 5 1 0 4 ,0.200399
youtube2007,6,dense,9,0.350987,0.00610218,0.002795,7.8467,157889,2 1 3 4 5 0 ,0.10174
youtube2007,6,dense,10,0.146975,0.00472378,0.00179873,3.30753,2751106,1 2 0 3 4 5 ,0.0251567
youtube2007,6,dense,11,1.43084,0.00341494,0.00171424,38.8759,135637128,0 1 2 3 4 5 ,0.439698
youtube2007,6,dense,12,77.0497,0.0106697,0.00353074,2457.84,14311168303,0 2 3 1 4 5 ,53.7798
youtube2007,6,dense,13,0.218374,0.00222,0.00123353,5.43101,113169393,3 5 2 0 1 4 ,0.0992081
youtube2007,6,dense,14,2.97588,0.004315,0.00156199,90.5097,21235950856,4 2 5 3 1 0 ,1.55961
youtube2007,6,dense,15,33.0309,0.010556,0.00345296,1048.12,62335675912,1 2 5 4 0 3 ,23.7697
youtube2007,6,dense,16,0.0665723,0.00413599,0.00160031,1.32745,130226,0 1 3 4 2 5 ,0.0171844
youtube2007,6,dense,17,26.4952,0.00422403,0.00166479,830.522,6267758809,0 2 3 4 5 1 ,21.6429
youtube2007,6,dense,18,1.94534,0.00155564,0.000981373,56.9205,2415364474,0 2 3 5 1 4 ,1.02552
youtube2007,6,dense,19,0.599219,0.00501608,0.00229123,15.6109,64012859,3 4 5 2 1 0 ,0.249325
youtube2007,6,dense,20,0.792325,0.0011378,0.000882643,22.6209,614997334,1 2 3 4 5 0 ,0.67452
youtube2007,6,dense,21,0.399332,0.00485965,0.00211565,8.83736,7505233,4 0 2 1 3 5 ,0.287937
youtube2007,6,dense,22,5.48335,0.0103932,0.00344185,167.102,95002227047,1 3 0 2 5 4 ,2.25975
youtube2007,6,dense,23,1.02125,0.0105501,0.00329586,27.5115,22721074,2 0 4 5 3 1 ,0.460834
youtube2007,6,dense,24,0.167434,0.00619724,0.002743,4.57956,52651,0 1 5 2 4 3 ,0.0741092
youtube2007,6,dense,25,0.361629,0.00363648,0.00168492,8.37265,744755,2 0 1 5 4 3 ,0.0499392
youtube2007,6,dense,26,3.29104,0.00139996,0.000905365,102.074,1536273165,0 5 1 2 3 4 ,2.2413
youtube2007,6,dense,27,0.324288,0.00618247,0.00285897,8.48774,8443128,5 0 1 4 2 3 ,0.169103
youtube2007,6,dense,28,18.4424,0.0101684,0.00329627,578.677,24461595523,0 4 5 3 2 1 ,13.372
youtube2007,6,dense,29,0.420036,0.00364069,0.00165997,9.83308,6381389,3 0 1 2 5 4 ,0.0869448
youtube2007,6,dense,30,0.199817,0.00114998,0.00104439,5.10203,60622131,1 2 3 5 4 0 ,0.069382
youtube2007,6,dense,31,0.175471,0.0102268,0.00345845,3.68303,785709,2 4 0 3 5 1 ,0.0396368
youtube2007,6,dense,32,8.15653,0.0103702,0.00331006,255.475,1373241905,3 4 2 0 5 1 ,4.61776
youtube2007,6,dense,33,4.70678,0.0105972,0.00345827,145.005,70111370106,1 2 0 5 4 3 ,2.81129
youtube2007,6,dense,34,0.238558,0.00361007,0.00174356,5.11782,5690301,4 5 0 1 3 2 ,0.0296706
youtube2007,6,dense,35,40.5629,0.00642072,0.00287717,1295.44,4651453380,0 2 3 5 1 4 ,30.5021
youtube2007,6,dense,36,17.5657,0.00426906,0.00171573,557.819,17661907354,2 3 1 0 4 5 ,11.3323
youtube2007,6,dense,37,1.38331,0.00612598,0.00283855,37.686,21019512,2 4 3 5 0 1 ,0.516769
youtube2007,6,dense,38,0.247496,0.00638055,0.00277038,5.59428,14395037,1 4 0 2 3 5 ,0.118344
youtube2007,6,dense,39,17.8572,0.0101875,0.00331355,564.315,24461595523,0 5 4 2 3 1 ,13.4051
youtube2007,6,dense,40,0.0340646,0.00124389,0.00079079,0.741113,420,3 4 0 5 2 1 ,0.00547168
youtube2007,6,dense,41,1.73168,0.0105335,0.00350479,47.1088,42525053,1 2 3 5 0 4 ,0.665988
youtube2007,6,dense,42,0.108775,0.00360677,0.00149683,2.35085,2457,4 2 0 1 3 5 ,0.0186819
youtube2007,6,dense,43,13.7642,0.0035806,0.00150655,425.677,10086756410,4 0 1 3 2 5 ,10.8149
youtube2007,6,dense,44,0.110137,0.0106279,0.00308554,2.25471,26531,2 3 1 5 4 0 ,0.03651
youtube2007,6,dense,45,0.14981,0.00469576,0.00193026,3.0497,8468,0 1 4 5 2 3 ,0.018995
youtube2007,6,dense,46,0.306657,0.001617,0.00102855,8.00343,21022138,1 4 5 3 2 0 ,0.120502
youtube2007,6,dense,47,18.0703,0.00974519,0.00320204,544.275,152120703933,0 3 5 2 4 1 ,12.7993
youtube2007,6,dense,48,0.256886,0.00594937,0.00261649,6.48825,2199705,3 2 4 5 0 1 ,0.104186
youtube2007,6,dense,49,0.773679,0.00169091,0.00105556,21.2688,1647109967,3 5 0 1 4 2 ,0.28565
youtube2007,6,dense,50,0.181192,0.00625837,0.00284136,4.24582,3663379,2 0 1 3 4 5 ,0.11247
youtube2007,6,dense,51,5.48891,0.0106796,0.00324873,167.172,95002227047,3 5 0 4 2 1 ,2.37649
youtube2007,6,dense,52,3.76525,0.0063171,0.00273689,114.022,38199972262,3 4 2 1 5 0 ,2.37461
youtube2007,6,dense,53,0.435127,0.00489299,0.0020508,10.1813,196614749,0 3 4 5 1 2 ,0.121467
youtube2007,6,dense,54,0.113624,0.010563,0.00318469,2.35142,13524,1 0 5 2 3 4 ,0.04045
youtube2007,6,dense,55,1.65543,0.00628376,0.00262077,47.3187,1090655304,0 2 1 4 5 3 ,0.852045
youtube2007,6,dense,56,2.09884,0.00342876,0.00160886,64.8159,269644396,1 2 3 4 0 5 ,1.33027
youtube2007,6,dense,57,0.17057,0.00409056,0.00172346,3.88579,11730322,0 5 1 4 3 2 ,0.0562939
youtube2007,6,dense,58,0.18951,0.00485937,0.00210093,4.44071,2267820,3 5 1 0 4 2 ,0.0380265
youtube2007,6,dense,59,0.229208,0.00362964,0.00159638,4.31465,12227868,1 3 2 0 4 5 ,0.101984
youtube2007,6,dense,60,17.9194,0.0102539,0.00346306,566.359,24461595523,4 5 2 1 3 0 ,13.334
youtube2007,6,dense,61,6.77554,0.0108232,0.00344538,210.184,161709400962,4 1 3 2 5 0 ,4.32477
youtube2007,6,dense,62,0.222943,0.0036514,0.00158151,4.68694,241019,1 2 5 3 0 4 ,0.0272151
youtube2007,6,dense,63,3.2355,0.00162759,0.000894481,96.5142,1536273165,0 1 4 5 2 3 ,2.22854
youtube2007,6,dense,64,0.969837,0.00625637,0.00259922,25.8725,18416572,1 2 3 4 5 0 ,0.311785
youtube2007,6,dense,65,0.673869,0.00487904,0.0020778,16.224,522359487,4 1 2 3 0 5 ,0.255318
youtube2007,6,dense,66,12.4771,0.00200481,0.00122163,393.025,8726831775,4 1 3 5 0 2 ,7.53236
youtube2007,6,dense,67,0.179368,0.0106287,0.00323769,4.31976,6531462,5 2 0 3 1 4 ,0.0741943
youtube2007,6,dense,68,0.0577703,0.00133544,0.000904082,1.29099,1877434,1 2 4 5 0 3 ,0.0132089
youtube2007,6,dense,69,4.42829,0.00491133,0.00214215,133.043,13397512784,5 3 4 1 2 0 ,2.19092
youtube2007,6,dense,70,0.14942,0.0102651,0.00340078,3.48595,730253,1 2 3 4 0 5 ,0.042227
youtube2007,6,dense,71,1.71818,0.00641104,0.00285303,49.9021,825155446,0 1 2 4 3 5 ,1.3412
youtube2007,6,dense,72,2.38891,0.00116081,0.000812324,67.9618,601195244,0 4 2 3 5 1 ,1.45466
youtube2007,6,dense,73,33.5839,0.00641062,0.0029588,1057.4,11768553539,2 0 4 5 3 1 ,23.8484
youtube2007,6,dense,74,0.175525,0.00964872,0.00323174,4.13067,38776,2 3 0 4 1 5 ,0.0369836
youtube2007,6,dense,75,25.5796,0.00617332,0.00297764,778.489,1654867780,5 1 3 0 2 4 ,22.9284
youtube2007,6,dense,76,0.202998,0.00506219,0.00205845,4.59195,4994,1 0 2 5 3 4 ,0.0252667
youtube2007,6,dense,77,0.0792545,0.00342704,0.00157267,1.96843,2803063,2 5 1 0 4 3 ,0.0318407
youtube2007,6,dense,78,0.145947,0.00138433,0.000825617,3.63793,14359,1 2 0 5 3 4 ,0.0270413
youtube2007,6,dense,79,4.43588,0.00413776,0.00191565,137.562,8263059235,2 3 4 1 5 0 ,2.74579
youtube2007,6,dense,80,0.525995,0.00174424,0.00102084,13.861,55318638,1 5 0 3 4 2 ,0.21302
youtube2007,6,dense,81,2.99976,0.00628812,0.00288798,91.4831,22559169500,1 0 3 5 4 2 ,1.70972
youtube2007,6,dense,82,0.149653,0.00365127,0.00147087,3.39191,487375,0 4 1 2 3 5 ,0.0255278
youtube2007,6,dense,83,0.272678,0.0105272,0.0033885,7.09971,374339,0 1 3 2 5 4 ,0.0970387
youtube2007,6,dense,84,0.257603,0.00356793,0.00155791,6.25549,14497773,0 1 5 2 4 3 ,0.147406
youtube2007,6,dense,85,0.18466,0.00952379,0.00340746,4.31623,384836,1 2 5 3 0 4 ,0.0509716
youtube2007,6,dense,86,19.321,0.00628425,0.00273345,609.079,28694093290,1 0 2 5 3 4 ,11.2527
youtube2007,6,dense,87,33.604,0.00600268,0.00292993,1070.08,11768553539,2 0 1 4 5 3 ,23.8463
youtube2007,6,dense,88,0.0949954,0.00235831,0.00116784,2.02333,680146,0 1 2 3 4 5 ,0.047786
youtube2007,6,dense,89,6.76551,0.0104593,0.00338496,209.18,161709400962,1 4 3 2 5 0 ,4.20808
youtube2007,6,dense,90,10.256,0.00501412,0.00216022,317.634,10511775075,1 5 2 4 0 3 ,7.44481
youtube2007,6,dense,91,40.0885,0.00614333,0.00277677,1241.34,33606467936,5 0 3 4 1 2 ,36.963
youtube2007,6,dense,92,3.05162,0.0059953,0.00293308,92.9698,22559169500,0 4 1 3 5 2 ,1.8604
youtube2007,6,dense,93,0.154619,0.00606734,0.00295701,3.83949,2881652,0 5 1 3 4 2 ,0.0611494
youtube2007,6,dense,94,0.113964,0.00622628,0.00281629,2.74991,411157,1 2 0 4 3 5 ,0.0411542
youtube2007,6,dense,95,0.205034,0.00348017,0.00157727,4.49909,53374,2 4 0 3 5 1 ,0.0192875
youtube2007,6,dense,96,25.2819,0.00651561,0.00287163,802.969,32150336277,2 5 1 0 4 3 ,17.3237
youtube2007,6,dense,97,0.118144,0.0104977,0.00311675,2.41011,2691,5 3 0 2 1 4 ,0.0404705
youtube2007,6,dense,98,2.10894,0.00352543,0.00148994,65.4573,17530365127,5 3 4 1 2 0 ,1.29869
youtube2007,6,dense,99,0.45425,0.00609126,0.00258273,11.4608,1017910,4 3 0 2 5 1 ,0.0683251
youtube2007,6,dense,100,0.603875,0.00531744,0.00221364,13.7662,829386369,4 3 0 5 1 2 ,0.308252
youtube2007,6,sparse,1,0.266324,0.00353914,0.00156669,6.04992,5840627,0 2 3 5 4 1 ,0.0887279
youtube2007,6,sparse,2,4.63891,0.00140491,0.00106226,141.535,1748042673,1 0 5 3 2 4 ,2.95824
youtube2007,6,sparse,3,1.23469,0.00651715,0.00289308,34.8066,2117502327,3 0 1 2 4 5 ,0.738062
youtube2007,6,sparse,4,0.185492,0.00356274,0.00159014,3.84396,50897,3 1 5 0 4 2 ,0.0184163
youtube2007,6,sparse,5,0.43557,0.00484897,0.00230264,9.83864,13599912,1 2 3 5 0 4 ,0.117972
youtube2007,6,sparse,6,0.218298,0.00618929,0.00290597,4.88831,11731196,0 4 1 2 5 3 ,0.182265
youtube2007,6,sparse,7,53.4883,0.0106517,0.00320029,1702.55,166056301569,1 3 0 4 2 5 ,37.8571
youtube2007,6,sparse,8,7.06016,0.00480514,0.00193571,210.243,1657750399,1 4 2 5 0 3 ,3.99543
youtube2007,6,sparse,9,0.0861784,0.0062401,0.00277377,1.84557,155203,0 2 4 1 5 3 ,0.0396814
youtube2007,6,sparse,10,24.243,0.0106886,0.00328607,764.566,350244584640,0 2 4 5 1 3 ,18.3728
youtube2007,6,sparse,11,0.950444,0.0103847,0.00346392,26.4606,508254174,1 2 4 3 0 5 ,0.362313
youtube2007,6,sparse,12,24.2263,0.0104384,0.00354433,770.836,350244584640,2 4 0 1 3 5 ,12.0741
youtube2007,6,sparse,13,0.107115,0.0107392,0.00339749,2.1408,281737,1 0 3 4 5 2 ,0.0361911
youtube2007,6,sparse,14,1.44748,0.0104959,0.00349273,40.5678,427047676,0 2 3 1 5 4 ,0.806429
youtube2007,6,sparse,15,0.393226,0.00148557,0.000870291,9.83865,56300128,0 1 2 5 3 4 ,0.250574
youtube2007,6,sparse,16,0.205449,0.0106209,0.00348301,5.17734,3819242,2 5 4 1 3 0 ,0.0922839
youtube2007,6,sparse,17,0.103878,0.00495697,0.00210646,2.04092,536,3 4 1 2 5 0 ,0.0186439
youtube2007,6,sparse,18,0.410131,0.00516537,0.00224933,9.35185,929791,2 1 5 3 0 4 ,0.163595
youtube2007,6,sparse,19,24.2001,0.0100298,0.00348426,765.166,350244584640,1 3 2 0 4 5 ,18.3575
youtube2007,6,sparse,20,0.232203,0.00349078,0.00137032,4.92128,18453679,3 2 0 5 4 1 ,0.0519538
youtube2007,6,sparse,21,55.8801,0.0104163,0.00328536,1758.42,93582224968,2 1 3 5 4 0 ,42.1716
youtube2007,6,sparse,22,25.6414,0.00597712,0.00255409,806.405,39741236251,2 4 0 3 1 5 ,17.0548
youtube2007,6,sparse,23,1.33538,0.00616092,0.00256835,35.6472,1247742954,4 5 0 1 3 2 ,0.486485
youtube2007,6,sparse,24,0.12226,0.0049134,0.00199866,2.51137,256566547,0 5 3 2 1 4 ,0.0221732
youtube2007,6,sparse,25,3.06927,0.0104311,0.00328546,86.3066,1157317055,3 0 2 5 4 1 ,1.27443
youtube2007,6,sparse,26,24.119,0.0108472,0.00313774,763.375,350244584640,2 3 4 1 0 5 ,17.3823
youtube2007,6,sparse,27,0.184828,0.00643487,0.00274754,4.50925,10490348,1 3 0 5 4 2 ,0.094479
youtube2007,6,sparse,28,3.33542,0.00577259,0.00290712,94.1792,3813503211,0 1 5 4 3 2 ,3.07894
youtube2007,6,sparse,29,18.3135,0.00425081,0.00173377,581.068,22763549441,5 3 0 4 2 1 ,11.5209
youtube2007,6,sparse,30,0.180011,0.00169262,0.00109108,4.37337,892482,3 5 4 2 0 1 ,0.0214714
youtube2007,6,sparse,31,0.242057,0.00625563,0.00289011,5.69117,48500419,4 3 1 0 2 5 ,0.183406
youtube2007,6,sparse,32,0.0848065,0.00342724,0.00139021,1.97529,4419925,0 3 2 4 1 5 ,0.031838
youtube2007,6,sparse,33,0.172558,0.00472875,0.00205646,3.85378,11713,3 2 4 5 0 1 ,0.0255736
youtube2007,6,sparse,34,0.118996,0.0105191,0.00342093,2.65206,3376040,0 1 4 2 3 5 ,0.0413884
youtube2007,6,sparse,35,0.113706,0.00425617,0.00181071,2.17497,21635496,1 3 4 0 2 5 ,0.056548
youtube2007,6,sparse,36,1.95526,0.00372473,0.00163911,34.4246,1242041604,0 1 5 4 3 2 ,1.75857
youtube2007,6,sparse,37,2.00827,0.00336846,0.0015464,44.8235,83677040,3 0 4 5 1 2 ,1.56381
youtube2007,6,sparse,38,8.44236,0.00352626,0.00155956,256.303,41180606472,0 2 1 4 3 5 ,4.04041
youtube2007,6,sparse,39,0.192979,0.00630486,0.00282585,5.1346,3271979,3 0 4 1 5 2 ,0.123436
youtube2007,6,sparse,40,0.419922,0.00612544,0.00266834,11.5393,567650,0 1 4 5 2 3 ,0.227138
youtube2007,6,sparse,41,0.156574,0.00160106,0.00088568,3.94369,560827,1 2 4 5 3 0 ,0.0339783
youtube2007,6,sparse,42,0.349632,0.00491743,0.00213713,8.17074,8528191705,0 3 5 2 1 4 ,0.0746085
youtube2007,6,sparse,43,3.50384,0.00619982,0.00271168,98.9092,682240097,1 0 5 2 3 4 ,1.74089
youtube2007,6,sparse,44,0.240808,0.00364078,0.00157504,5.8598,3961859,0 2 3 4 5 1 ,0.121227
youtube2007,6,sparse,45,11.4701,0.0105084,0.00321711,355.883,1020646596,0 3 1 5 4 2 ,5.11664
youtube2007,6,sparse,46,6.05503,0.00359211,0.00158038,183.982,11721547650,0 2 3 5 1 4 ,4.49663
youtube2007,6,sparse,47,0.984521,0.00437616,0.00169664,27.1563,46406447,0 1 2 3 4 5 ,0.626947
youtube2007,6,sparse,48,5.97319,0.0060855,0.00289151,183.968,44283734755,2 3 4 1 5 0 ,3.90285
youtube2007,6,sparse,49,0.266305,0.00667801,0.00292013,6.03644,322162,3 0 1 4 5 2 ,0.171194
youtube2007,6,sparse,50,0.163349,0.00203834,0.00114352,3.24909,452061,0 2 1 3 4 5 ,0.0654931
youtube2007,6,sparse,51,3.43213,0.00167943,0.000962524,100.689,2793896881,4 3 0 2 5 1 ,1.48495
youtube2007,6,sparse,52,0.222054,0.00357649,0.00164149,4.81554,111891984,0 3 5 1 2 4 ,0.0472358
youtube2007,6,sparse,53,5.33513,0.00417381,0.00177629,166.046,25379764460,2 4 3 1 5 0 ,5.16173
youtube2007,6,sparse,54,1.83181,0.00610967,0.00286234,51.5034,832514319,0 4 2 5 3 1 ,0.75389
youtube2007,6,sparse,55,10.3569,0.0103952,0.00351564,316.175,68098081378,5 0 2 4 1 3 ,5.26448
youtube2007,6,sparse,56,0.0627023,0.00332758,0.00148921,1.25463,77408,5 0 4 3 1 2 ,0.0213247
youtube2007,6,sparse,57,17.9196,0.00426465,0.00165826,565.232,22763549441,0 1 3 4 5 2 ,10.6108
youtube2007,6,sparse,58,12.5817,0.00964856,0.00345725,392.492,179752339192,2 4 5 1 3 0 ,9.18974
youtube2007,6,sparse,59,11.0254,0.00422185,0.00164785,339.229,48283702145,1 3 5 0 2 4 ,5.62529
youtube2007,6,sparse,60,0.684491,0.00630156,0.00293692,18.7032,6683468,0 2 3 5 1 4 ,0.291327
youtube2007,6,sparse,61,6.67891,0.0113918,0.00351671,199.349,4400062424,0 3 1 4 2 5 ,4.97681
youtube2007,6,sparse,62,46.4763,0.0105941,0.00345505,1477.55,93582224968,5 4 1 0 2 3 ,34.0862
youtube2007,6,sparse,63,2.08074,0.00135291,0.000946077,60.7062,23464206,2 3 4 0 1 5 ,1.17555
youtube2007,6,sparse,64,8.37757,0.0034636,0.00154036,257.796,41180606472,1 4 2 5 3 0 ,6.81234
youtube2007,6,sparse,65,0.0827434,0.00240082,0.00116454,1.74105,3540,2 0 4 5 1 3 ,0.00984897
youtube2007,6,sparse,66,0.215142,0.00492862,0.00211178,4.65164,7853355,0 5 4 2 1 3 ,0.0270114
youtube2007,6,sparse,67,30.3159,0.00351694,0.00152736,935.7,16163461948,4 0 1 5 2 3 ,19.6831
youtube2007,6,sparse,68,25.4428,0.00624173,0.00278598,807.99,39741236251,1 2 0 5 4 3 ,17.069
youtube2007,6,sparse,69,0.33609,0.00377647,0.00165759,7.75287,2309722,0 1 3 2 4 5 ,0.139691
youtube2007,6,sparse,70,0.232028,0.00353916,0.00160454,5.06612,10579110,1 2 0 3 5 4 ,0.0330866
youtube2007,6,sparse,71,3.08505,0.0102527,0.00347927,89.0288,61863268717,0 5 4 3 2 1 ,1.63729
youtube2007,6,sparse,72,5.49494,0.00430201,0.00161227,168.82,25379764460,3 0 4 1 5 2 ,5.186
youtube2007,6,sparse,73,9.43554,0.0102113,0.00343911,293.096,285348081184,2 0 4 1 5 3 ,5.37769
youtube2007,6,sparse,74,0.183548,0.00130576,0.000960744,4.53559,1090885,0 1 3 2 4 5 ,0.0467003
youtube2007,6,sparse,75,0.251429,0.0103416,0.00326754,6.38551,462140,1 0 2 3 4 5 ,0.082347
youtube2007,6,sparse,76,8.21743,0.0107359,0.00338597,255.602,387495864,5 1 2 4 3 0 ,7.6625
youtube2007,6,sparse,77,0.195241,0.00505639,0.0021859,4.40679,14149415,0 3 2 1 4 5 ,0.0314876
youtube2007,6,sparse,78,0.305918,0.00365528,0.00160363,7.0194,2970404,5 0 3 2 1 4 ,0.0733325
youtube2007,6,sparse,79,24.4752,0.0107163,0.00349666,775.551,350244584640,2 5 0 1 4 3 ,12.0484
youtube2007,6,sparse,80,0.150354,0.00606144,0.00276579,3.59153,14823283,0 1 2 3 4 5 ,0.0478202
youtube2007,6,sparse,81,1.24932,0.00402865,0.0018142,36.6877,8585464264,2 3 5 4 1 0 ,0.641796
youtube2007,6,sparse,82,52.0357,0.00628084,0.00261408,1661.45,37560027458,2 3 4 5 1 0 ,31.5971
youtube2007,6,sparse,83,0.589332,0.00434364,0.00184721,16.489,692210352,0 4 3 5 1 2 ,0.335196
youtube2007,6,sparse,84,0.288898,0.00350391,0.00157667,6.31978,3992600,2 3 5 4 1 0 ,0.174215
youtube2007,6,sparse,85,0.0651959,0.00420733,0.00169075,1.37019,1106,2 5 3 1 0 4 ,0.020856
youtube2007,6,sparse,86,9.22517,0.00970182,0.00306105,288.318,285348081184,2 0 5 4 3 1 ,5.31785
youtube2007,6,sparse,87,0.250724,0.00166794,0.000884528,6.38978,163932253,3 5 1 2 4 0 ,0.0975044
youtube2007,6,sparse,88,0.786932,0.00615064,0.002671,19.3989,117626158,1 5 2 0 3 4 ,0.444145
youtube2007,6,sparse,89,0.160401,0.0047564,0.00198802,3.47624,291,1 2 0 3 4 5 ,0.0209839
youtube2007,6,sparse,90,0.994515,0.0104847,0.00307131,23.5403,185635010,2 0 4 5 3 1 ,0.680335
youtube2007,6,sparse,91,6.06293,0.00628429,0.00255458,185.468,44283734755,3 4 5 2 1 0 ,4.04661
youtube2007,6,sparse,92,2.04283,0.00369473,0.00162094,60.4953,14731294279,2 3 5 4 0 1 ,1.2899
youtube2007,6,sparse,93,9.23235,0.0105404,0.0031652,288.193,285348081184,0 1 4 3 2 5 ,5.36699
youtube2007,6,sparse,94,0.180175,0.00352657,0.00166821,3.94853,33080335,0 5 4 2 3 1 ,0.0207983
youtube2007,6,sparse,95,2.05984,0.0021987,0.00115899,62.8356,10952776219,4 2 3 0 5 1 ,1.57721
youtube2007,6,sparse,96,0.208977,0.00359297,0.00155317,4.4829,179865,0 1 2 3 4 5 ,0.0225832
youtube2007,6,sparse,97,0.110786,0.00163661,0.000907484,2.82532,27290156,0 1 5 4 3 2 ,0.0296036
youtube2007,6,sparse,98,0.168603,0.0103156,0.00342688,3.90729,17242416,0 4 5 3 2 1 ,0.0508448
youtube2007,6,sparse,99,0.296438,0.00495314,0.00209114,6.88227,15961233,0 1 3 2 5 4 ,0.0795813
youtube2007,6,sparse,100,24.2682,0.0106407,0.00324117,769.112,350244584640,0 5 3 2 1 4 ,12.0339
