dataset,query_size,query_mode,query_index,elapsed_execution_time,filter_time,plan_time,enumerate_time,n_embeddings,order,max_task_time
orkut,6,dense,1,0.238302,0.00172589,0.000749898,1.35926,776877,4 5 0 1 3 2 ,0.209649
orkut,6,dense,2,0.293816,0.00130532,0.000561262,1.50499,321799,3 0 4 1 2 5 ,0.206641
orkut,6,dense,3,0.0336737,0.000904894,0.000577607,0.584016,1505172,0 2 4 5 3 1 ,0.0202584
orkut,6,dense,4,0.0295901,0.000722953,0.000540792,0.50943,779445,4 1 5 2 3 0 ,0.00917731
orkut,6,dense,5,0.0284941,0.000778485,0.000560809,0.456442,544088,0 1 2 3 4 5 ,0.0101441
orkut,6,dense,6,0.0272515,0.000723796,0.000555639,0.442517,1376539,0 2 4 1 3 5 ,0.0110826
orkut,6,dense,7,0.0515956,0.000784978,0.000567275,0.606618,94184,0 1 2 3 5 4 ,0.0411501
orkut,6,dense,8,0.0256252,0.000845949,0.000822554,0.43468,100952,0 5 1 2 3 4 ,0.00776579
orkut,6,dense,9,0.0260638,0.000775247,0.000617325,0.43085,951732,0 2 5 1 4 3 ,0.0075757
orkut,6,dense,10,0.0314697,0.000835842,0.000722079,0.542547,222708,0 2 4 3 5 1 ,0.0160158
orkut,6,dense,11,0.0296952,0.000878638,0.000546619,0.444763,5079559,0 3 5 1 4 2 ,0.019009
orkut,6,dense,12,0.0281939,0.000469124,0.000546568,0.475452,408981,4 1 5 2 0 3 ,0.0110406
orkut,6,dense,13,0.0277088,0.000577034,0.000527421,0.456701,92689,4 0 1 3 2 5 ,0.0103445
orkut,6,dense,14,0.029503,0.000714232,0.000534655,0.515156,1224526,4 0 1 3 5 2 ,0.00872911
orkut,6,dense,15,0.0505345,0.000845815,0.000577472,0.574483,712096,2 3 0 1 4 5 ,0.0502242
orkut,6,dense,16,0.0357286,0.000888474,0.000548288,0.52592,384065,2 4 5 3 0 1 ,0.0257019
orkut,6,dense,17,0.0273511,0.000659665,0.000521461,0.467207,317299,4 5 0 1 2 3 ,0.0105225
orkut,6,dense,18,0.0286055,0.000623087,0.000884512,0.459918,304722,1 2 0 4 3 5 ,0.0103412
orkut,6,dense,19,0.0267052,0.000680437,0.000549535,0.449144,560073,4 0 1 2 3 5 ,0.0113656
orkut,6,dense,20,0.0294369,0.000508709,0.000549892,0.501441,838081,3 0 4 2 1 5 ,0.0130992
orkut,6,dense,21,0.0283602,0.000743162,0.000563748,0.437698,1807256,3 4 5 0 1 2 ,0.0134955
orkut,6,dense,22,0.0527057,0.000594513,0.000483911,1.18184,210848,0 3 2 4 5 1 ,0.0385116
orkut,6,dense,23,0.0320502,0.000633436,0.000493754,0.489238,1100426,1 2 3 5 4 0 ,0.0151743
orkut,6,dense,24,0.163714,0.000701612,0.000469884,0.969121,518059,3 4 0 1 2 5 ,0.150596
orkut,6,dense,25,0.0307813,0.000595924,0.00056106,0.516334,323014,5 0 2 3 4 1 ,0.0201021
orkut,6,dense,26,0.0300526,0.000828959,0.000796927,0.504974,1199218,3 0 1 2 4 5 ,0.0106517
orkut,6,dense,27,0.0275252,0.000799474,0.000554395,0.455344,616464,0 2 4 1 5 3 ,0.00959832
orkut,6,dense,28,0.0261821,0.000606381,0.000595208,0.456868,3983940,0 2 3 1 5 4 ,0.0107165
orkut,6,dense,29,0.0308662,0.000718743,0.000856532,0.482896,2721229,0 2 3 4 1 5 ,0.0152374
orkut,6,dense,30,0.0731113,0.00057796,0.000503296,1.45832,130343,0 1 3 5 2 4 ,0.05316
orkut,6,dense,31,0.0283362,0.000614028,0.000564986,0.489945,771342,3 2 5 1 4 0 ,0.0104291
orkut,6,dense,32,0.0278256,0.000683713,0.000543955,0.46674,804807,3 0 2 1 5 4 ,0.00968825
orkut,6,dense,33,0.0264428,0.000614781,0.00072429,0.46382,614043,0 1 4 2 3 5 ,0.0144542
orkut,6,dense,34,0.027887,0.000600267,0.000536762,0.488174,568908,1 0 4 3 5 2 ,0.00844731
orkut,6,dense,35,0.0295947,0.00058128,0.000565655,0.495038,27311,2 0 1 3 5 4 ,0.014254
orkut,6,dense,36,0.0293962,0.00103627,0.000662913,0.457645,6313314,1 3 5 2 4 0 ,0.0146459
orkut,6,dense,37,0.105985,0.000734741,0.000485655,0.884149,283226,3 1 0 2 4 5 ,0.0930127
orkut,6,dense,38,0.0281309,0.000789107,0.00056881,0.468167,1261052,4 1 3 0 2 5 ,0.0100616
orkut,6,dense,39,0.0315923,0.000835459,0.000622323,0.532449,833378,1 2 3 4 5 0 ,0.0141163
orkut,6,dense,40,0.0283004,0.000519429,0.000551251,0.466329,36536,1 3 0 2 4 5 ,0.0093038
orkut,6,dense,41,0.0316098,0.000737158,0.000905024,0.482149,1469159,1 2 3 5 0 4 ,0.0151468
orkut,6,dense,42,0.0279778,0.000554505,0.000471643,0.421209,1897752,0 2 4 5 1 3 ,0.0116022
orkut,6,dense,43,0.0335881,0.000757145,0.000537078,0.562175,1813330,0 1 2 5 4 3 ,0.0157319
orkut,6,dense,44,0.0903384,0.000854199,0.000527789,0.888608,148731,0 3 1 4 2 5 ,0.0899836
orkut,6,dense,45,0.0293146,0.000823748,0.000493842,0.466289,121183,0 1 4 5 2 3 ,0.0198905
orkut,6,dense,46,0.0293449,0.000846724,0.000555214,0.489022,643188,4 0 2 5 1 3 ,0.0141895
orkut,6,dense,47,0.0274474,0.000656991,0.000545877,0.452032,132718,1 3 0 2 4 5 ,0.0132072
orkut,6,dense,48,0.0571764,0.000521836,0.000558542,1.17642,234880,0 4 3 1 2 5 ,0.0369125
orkut,6,dense,49,0.033541,0.000778811,0.000530398,0.547729,164544,1 0 2 5 3 4 ,0.0224071
orkut,6,dense,50,0.0369324,0.000490012,0.000518409,0.491508,338734,2 0 1 5 4 3 ,0.0271414
orkut,6,dense,51,0.0508878,0.000816453,0.000690501,1.15314,264620,0 5 4 2 3 1 ,0.0329374
orkut,6,dense,52,0.054224,0.000957678,0.000570235,0.735032,315924,0 2 3 4 5 1 ,0.0466641
orkut,6,dense,53,0.0271011,0.000844289,0.000548289,0.442823,890918,0 3 4 2 5 1 ,0.00969126
orkut,6,dense,54,0.0298703,0.00055597,0.000521177,0.477677,2599875,0 2 3 4 1 5 ,0.0165349
orkut,6,dense,55,0.0301034,0.000924874,0.000565218,0.465666,70966,4 1 3 5 0 2 ,0.0120657
orkut,6,dense,56,0.0322949,0.000664877,0.000518327,0.484692,78253,2 1 4 5 0 3 ,0.0205882
orkut,6,dense,57,0.0296988,0.000649671,0.000537925,0.479655,586527,0 2 3 4 1 5 ,0.0149169
orkut,6,dense,58,0.0291707,0.000666973,0.000513822,0.488549,1266292,2 0 4 1 3 5 ,0.0126865
orkut,6,dense,59,0.0305099,0.000553597,0.000573515,0.519168,6490732,1 0 3 2 4 5 ,0.020273
orkut,6,dense,60,0.0282665,0.000676148,0.000506963,0.484033,1820168,3 1 2 0 4 5 ,0.0175137
orkut,6,dense,61,0.0286006,0.000829736,0.000545782,0.450665,953680,0 1 4 5 2 3 ,0.0161313
orkut,6,dense,62,0.027257,0.000700663,0.000826726,0.486126,271860,5 1 4 0 2 3 ,0.00893257
orkut,6,dense,63,0.0335227,0.00101141,0.000750017,0.520695,37750,1 2 3 4 0 5 ,0.021293
orkut,6,dense,64,0.0289434,0.000579251,0.000532525,0.470536,1904494,4 2 3 0 1 5 ,0.0106766
orkut,6,dense,65,0.121281,0.000724705,0.000547196,0.888365,1734898,1 0 3 4 5 2 ,0.110173
orkut,6,dense,66,0.0258709,0.000854236,0.000522795,0.420897,950027,0 2 3 1 4 5 ,0.00928646
orkut,6,dense,67,0.0294758,0.000748417,0.00057863,0.476266,192516,1 3 5 4 0 2 ,0.0136866
orkut,6,dense,68,0.0283634,0.000696062,0.000504915,0.471184,73999,0 2 1 4 3 5 ,0.0187881
orkut,6,dense,69,0.0306882,0.000868162,0.000499832,0.47231,120167,1 0 2 4 5 3 ,0.0115378
orkut,6,dense,70,0.0289148,0.00101367,0.00054454,0.478595,1216234,1 0 2 4 5 3 ,0.0120895
orkut,6,dense,71,0.0282667,0.000534103,0.000530678,0.477619,1920948,3 2 4 1 5 0 ,0.00952382
orkut,6,dense,72,0.0293471,0.0006953,0.000561482,0.45289,221074,2 4 0 1 3 5 ,0.0209199
orkut,6,dense,73,0.0278017,0.000625656,0.000540278,0.453803,1281793,2 1 3 0 4 5 ,0.00981283
orkut,6,dense,74,0.0280831,0.000540364,0.000508357,0.456752,1227692,4 0 3 1 2 5 ,0.00999784
orkut,6,dense,75,0.0289725,0.000523023,0.000820995,0.463321,3239099,3 0 4 1 2 5 ,0.0145068
orkut,6,dense,76,0.0337321,0.000553177,0.000547816,0.547867,788528,1 2 3 4 0 5 ,0.0183042
orkut,6,dense,77,0.029017,0.000945261,0.00063567,0.453444,91175,0 2 1 3 4 5 ,0.014404
orkut,6,dense,78,0.0282705,0.000811787,0.000520846,0.451294,78034,4 0 2 3 1 5 ,0.00989944
orkut,6,dense,79,0.0279334,0.00095556,0.000698717,0.443131,2173122,2 1 4 0 3 5 ,0.01121
orkut,6,dense,80,0.0290485,0.000727268,0.00053716,0.487914,912381,3 0 2 4 5 1 ,0.011608
orkut,6,dense,81,0.0294027,0.00076945,0.000566323,0.471875,172871,1 2 4 3 0 5 ,0.0128754
orkut,6,dense,82,0.0308717,0.000551532,0.000519744,0.478387,690437,1 3 4 5 2 0 ,0.0109937
orkut,6,dense,83,0.0262114,0.000603834,0.000542674,0.468243,1136326,2 1 4 3 5 0 ,0.0122367
orkut,6,dense,84,0.0292311,0.00075996,0.00082011,0.455315,311903,1 2 3 4 0 5 ,0.0148416
orkut,6,dense,85,0.0299323,0.000845281,0.000737613,0.45296,566491,0 1 2 3 5 4 ,0.0118122
orkut,6,dense,86,0.0338914,0.000484048,0.000489862,0.493619,250864,2 1 0 4 5 3 ,0.023557
orkut,6,dense,87,0.0269507,0.00100482,0.000533718,0.470926,534660,3 0 2 5 1 4 ,0.00944545
orkut,6,dense,88,0.0286119,0.000738381,0.000560596,0.48444,255294,1 5 2 3 4 0 ,0.0180006
orkut,6,dense,89,0.0561233,0.000596986,0.000542202,0.711173,338891,0 1 2 3 5 4 ,0.0443447
orkut,6,dense,90,0.0258201,0.000729856,0.000849414,0.441211,58322,0 2 3 5 1 4 ,0.0107065
orkut,6,dense,91,0.0276048,0.000649352,0.00048856,0.452424,1231158,5 1 2 3 4 0 ,0.0088326
orkut,6,dense,92,0.0257631,0.000649894,0.000835516,0.398272,4231904,0 3 5 1 2 4 ,0.0144057
orkut,6,dense,93,0.0281571,0.000644504,0.000847897,0.472326,1887415,1 0 4 2 3 5 ,0.0109888
orkut,6,dense,94,0.0328987,0.000486571,0.000476775,0.543058,99381,1 0 4 2 3 5 ,0.0170713
orkut,6,dense,95,0.0277799,0.000865742,0.000490037,0.476249,3008669,2 1 3 0 5 4 ,0.0134202
orkut,6,dense,96,0.0492003,0.000800162,0.000562042,0.667929,345535,0 1 4 3 2 5 ,0.037201
orkut,6,dense,97,0.0291495,0.000806083,0.000565393,0.43532,409807,1 2 3 4 0 5 ,0.0155283
orkut,6,dense,98,0.0295207,0.000683531,0.00054428,0.521494,210068,0 4 5 3 1 2 ,0.0189265
orkut,6,dense,99,0.0259295,0.000967366,0.00072715,0.420107,1106054,1 2 3 4 5 0 ,0.0115533
orkut,6,dense,100,0.0552406,0.000869088,0.000494182,1.05718,627059,0 3 5 1 2 4 ,0.0379216
orkut,6,sparse,1,0.0295029,0.000967043,0.000494112,0.457146,582376,0 2 1 4 5 3 ,0.0161924
orkut,6,sparse,2,0.0552677,0.000794077,0.000823054,1.1564,587241,0 2 3 4 1 5 ,0.0382189
orkut,6,sparse,3,0.118162,0.000721826,0.000764078,1.38464,1533843,4 0 3 5 2 1 ,0.0997708
orkut,6,sparse,4,0.0246799,0.000701653,0.000513901,0.379762,1460182,2 4 0 1 3 5 ,0.00618002
orkut,6,sparse,5,0.0754208,0.000713514,0.000500196,1.15171,612314,0 1 4 2 3 5 ,0.0583701
orkut,6,sparse,6,0.0280152,0.000932999,0.000820822,0.423711,1951021,0 1 4 2 3 5 ,0.013501
orkut,6,sparse,7,0.179108,0.000571744,0.000513339,1.14551,2803080,3 5 4 0 2 1 ,0.167143
orkut,6,sparse,8,0.0304978,0.000887264,0.000471682,0.473924,863949,2 4 0 3 5 1 ,0.0172475
orkut,6,sparse,9,0.047453,0.000880457,0.000499639,0.929817,576475,0 2 3 5 1 4 ,0.0332873
orkut,6,sparse,10,0.0294768,0.000791603,0.000852962,0.444676,1139267,3 1 2 4 0 5 ,0.0187751
orkut,6,sparse,11,0.049732,0.000934911,0.000669155,1.10499,1543523,1 2 3 5 0 4 ,0.0465839
orkut,6,sparse,12,0.027452,0.000640026,0.000692676,0.409515,1050607,0 2 3 1 4 5 ,0.0121346
orkut,6,sparse,13,0.0310033,0.00049836,0.00050815,0.425028,59274953,2 3 1 0 4 5 ,0.0224816
orkut,6,sparse,14,0.146137,0.000797615,0.000547805,1.08732,632783,5 0 2 4 3 1 ,0.132899
orkut,6,sparse,15,0.0304589,0.000636947,0.000471041,0.471276,768705,1 4 0 3 2 5 ,0.0217392
orkut,6,sparse,16,0.0290607,0.000773347,0.000886036,0.441773,631364,1 3 2 5 0 4 ,0.0164173
orkut,6,sparse,17,0.113684,0.000721998,0.000523278,1.82959,924751,4 1 2 0 5 3 ,0.0880704
orkut,6,sparse,18,0.0424941,0.000495556,0.000545964,0.456224,1983183,5 0 1 3 2 4 ,0.033794
orkut,6,sparse,19,0.0666717,0.000706619,0.000760357,1.18868,1851699,4 5 2 1 0 3 ,0.0503509
orkut,6,sparse,20,0.0562387,0.000788471,0.00054383,1.02377,643098,3 5 2 4 0 1 ,0.0426241
orkut,6,sparse,21,0.0369936,0.000831001,0.000506586,0.533989,5868804,2 0 4 1 3 5 ,0.0275091
orkut,6,sparse,22,0.025108,0.000553374,0.000516698,0.39667,669782,2 0 3 1 4 5 ,0.0074128
orkut,6,sparse,23,0.0237291,0.000987563,0.000858253,0.358756,5558802,1 4 0 2 3 5 ,0.00821006
orkut,6,sparse,24,0.0446876,0.000685176,0.000542116,0.585078,1793391,2 0 1 5 3 4 ,0.0337508
orkut,6,sparse,25,0.0245332,0.000628604,0.000555524,0.355782,20797260,0 1 2 3 4 5 ,0.00694358
orkut,6,sparse,26,0.0282053,0.000883845,0.00057895,0.489583,491471,1 3 4 0 5 2 ,0.00912218
orkut,6,sparse,27,0.0567218,0.000907566,0.000874723,1.20138,1005814,0 3 2 5 1 4 ,0.0378451
orkut,6,sparse,28,0.0295945,0.00076393,0.000761577,0.481455,3699419,1 0 2 3 4 5 ,0.0152892
orkut,6,sparse,29,0.0586214,0.00077631,0.000867186,0.622555,4760751,0 1 4 3 2 5 ,0.0485753
orkut,6,sparse,30,0.0316247,0.000823592,0.000745443,0.503361,701485,1 2 0 3 5 4 ,0.0215397
orkut,6,sparse,31,0.027147,0.000854149,0.000524407,0.461046,1028369,0 1 4 2 3 5 ,0.0110874
orkut,6,sparse,32,0.231178,0.000735513,0.000587932,0.848581,2060598,0 3 4 5 1 2 ,0.0980895
orkut,6,sparse,33,0.0298893,0.000887376,0.000568384,0.483655,569383,1 3 0 4 5 2 ,0.018628
orkut,6,sparse,34,0.0787674,0.000888366,0.000553634,1.42878,1877512,0 5 2 3 1 4 ,0.0615277
orkut,6,sparse,35,0.0489185,0.000908818,0.000841654,0.585206,3962058,2 1 3 4 0 5 ,0.0387882
orkut,6,sparse,36,0.0719521,0.000888238,0.000488709,1.35327,1379173,0 3 1 4 2 5 ,0.0541155
orkut,6,sparse,37,0.0504861,0.000791679,0.000537475,0.551183,2052043,0 1 2 4 5 3 ,0.0409813
orkut,6,sparse,38,0.0493672,0.00057977,0.000575105,0.597667,1989519,0 5 3 4 2 1 ,0.0398315
orkut,6,sparse,39,0.0648504,0.000681815,0.000779525,1.18916,789209,3 4 2 0 1 5 ,0.0487526
orkut,6,sparse,40,0.0569862,0.000777734,0.000624519,1.03956,1490759,3 4 2 0 1 5 ,0.0420887
orkut,6,sparse,41,0.0436632,0.00113927,0.00056117,0.598843,1428016,1 4 0 3 5 2 ,0.0340973
orkut,6,sparse,42,0.0433004,0.000752838,0.000868761,0.799682,480948,3 5 2 1 0 4 ,0.0248947
orkut,6,sparse,43,0.0273992,0.000761899,0.000544532,0.432327,1069575,3 0 1 2 4 5 ,0.00973061
orkut,6,sparse,44,0.0392161,0.000708697,0.000810138,0.569689,1842417,0 3 4 5 1 2 ,0.0352225
orkut,6,sparse,45,0.0306845,0.00116906,0.000556001,0.505738,7375057,0 3 5 1 2 4 ,0.0181522
orkut,6,sparse,46,0.0294863,0.000586914,0.000520682,0.492813,4062877,3 4 0 1 2 5 ,0.0149055
orkut,6,sparse,47,0.030308,0.000628976,0.00049697,0.461268,923950,3 4 2 5 1 0 ,0.0186755
orkut,6,sparse,48,0.075269,0.000795751,0.0008439,1.46308,2696040,0 2 1 3 4 5 ,0.0585461
orkut,6,sparse,49,0.0344524,0.00057852,0.000517448,0.536122,889452,3 4 1 2 5 0 ,0.0232297
orkut,6,sparse,50,0.0335175,0.000538992,0.000535071,0.507477,642417,0 3 1 4 5 2 ,0.019296
orkut,6,sparse,51,0.030365,0.000696776,0.0005388,0.502371,9813803,1 4 0 2 3 5 ,0.02084
orkut,6,sparse,52,0.0516619,0.000738524,0.000887418,0.625637,1793472,0 3 2 4 1 5 ,0.0484727
orkut,6,sparse,53,0.0256826,0.000680711,0.000831625,0.364474,6201947,0 3 1 2 4 5 ,0.00886213
orkut,6,sparse,54,0.0293782,0.000635811,0.000520336,0.443129,2607602,3 5 2 0 1 4 ,0.0123209
orkut,6,sparse,55,0.185509,0.000717056,0.000566329,0.91301,1543980,0 5 1 4 3 2 ,0.173393
orkut,6,sparse,56,0.0395006,0.00070047,0.000540437,0.56306,1864045,0 2 3 4 1 5 ,0.0295512
orkut,6,sparse,57,0.0398179,0.000570866,0.000520823,0.54411,1043194,1 3 2 5 0 4 ,0.0296833
orkut,6,sparse,58,0.0330133,0.000693731,0.000518242,0.562553,935170,2 0 5 3 1 4 ,0.0295602
orkut,6,sparse,59,0.0287593,0.000751366,0.00047636,0.476081,1398981,4 0 3 1 2 5 ,0.011153
orkut,6,sparse,60,0.0308023,0.000874031,0.000532829,0.504434,8537783,1 2 3 0 4 5 ,0.0206703
orkut,6,sparse,61,0.0340635,0.000579662,0.000560003,0.521711,994399,2 0 1 3 4 5 ,0.0242008
orkut,6,sparse,62,0.077985,0.000695501,0.000516187,0.829154,362071,5 0 1 2 3 4 ,0.0655349
orkut,6,sparse,63,0.0589186,0.000584685,0.000540294,1.04752,867449,0 3 4 5 1 2 ,0.0453383
orkut,6,sparse,64,0.0277741,0.000603048,0.00052412,0.412103,10090733,1 3 4 0 2 5 ,0.0132814
orkut,6,sparse,65,0.0660768,0.000686167,0.00074913,1.19692,622039,3 0 1 2 5 4 ,0.0503553
orkut,6,sparse,66,0.0294855,0.000951722,0.000567514,0.458895,145797649,1 0 4 5 2 3 ,0.00937139
orkut,6,sparse,67,0.0984071,0.000776122,0.000804231,1.72608,830318,4 0 1 3 2 5 ,0.0761671
orkut,6,sparse,68,0.0250907,0.000670065,0.000534379,0.358946,15968036,2 3 0 1 4 5 ,0.00724282
orkut,6,sparse,69,0.0692001,0.000833354,0.000767798,1.23092,496520,0 1 3 5 2 4 ,0.052905
orkut,6,sparse,70,0.0300271,0.00101131,0.00058509,0.487382,8637727,1 0 3 2 4 5 ,0.0177177
orkut,6,sparse,71,0.0299007,0.00090239,0.000494887,0.470792,612956,2 5 3 4 0 1 ,0.0208636
orkut,6,sparse,72,0.107055,0.000752202,0.000824861,0.85116,620057,2 4 1 3 5 0 ,0.0934157
orkut,6,sparse,73,0.0409448,0.000581655,0.000530826,0.563536,2034743,5 1 4 3 0 2 ,0.033435
orkut,6,sparse,74,0.0328012,0.000601445,0.00053729,0.512327,759241,0 3 1 5 2 4 ,0.0168462
orkut,6,sparse,75,0.143138,0.000997943,0.000690297,0.8199,591651,5 0 2 3 4 1 ,0.132467
orkut,6,sparse,76,0.0279362,0.000709344,0.000885093,0.458305,7501808,5 3 0 1 2 4 ,0.0152895
orkut,6,sparse,77,0.0350061,0.000876736,0.00080637,0.563783,1846505,4 0 5 1 2 3 ,0.0313406
orkut,6,sparse,78,0.0447164,0.000913743,0.000823034,0.577056,1909854,3 0 4 1 2 5 ,0.0354912
orkut,6,sparse,79,0.0269984,0.000861393,0.000540266,0.415077,2852824,4 2 1 0 3 5 ,0.011204
orkut,6,sparse,80,0.0319795,0.000930774,0.000809055,0.524495,1031300,0 2 3 4 5 1 ,0.0146776
orkut,6,sparse,81,0.0488268,0.000659379,0.000549668,0.528926,1835023,2 1 3 4 0 5 ,0.0393815
orkut,6,sparse,82,0.049805,0.00076499,0.000555747,1.0409,409656,1 2 0 5 3 4 ,0.0343228
orkut,6,sparse,83,0.0279756,0.000751789,0.000551393,0.438664,550212,0 2 4 1 3 5 ,0.0109049
orkut,6,sparse,84,0.0703003,0.000845301,0.000560021,0.532276,1629151,0 5 2 4 1 3 ,0.0609257
orkut,6,sparse,85,0.0581134,0.000668072,0.000860288,1.12036,1637532,0 4 1 2 3 5 ,0.0450787
orkut,6,sparse,86,0.0272429,0.000621975,0.000567401,0.417774,5472867,0 2 3 1 4 5 ,0.0112915
orkut,6,sparse,87,0.02816,0.000866199,0.000518909,0.447003,4472529,3 5 1 0 2 4 ,0.0150142
orkut,6,sparse,88,0.253351,0.000797488,0.000495124,1.41034,2648297,1 2 0 4 5 3 ,0.201055
orkut,6,sparse,89,0.0284435,0.000870418,0.000742765,0.465211,1883826,3 4 1 0 2 5 ,0.014041
orkut,6,sparse,90,0.203006,0.00053728,0.000482885,1.30586,1566416,1 0 5 2 4 3 ,0.18927
orkut,6,sparse,91,0.0477223,0.000805162,0.000474392,0.570064,2727445,4 0 1 3 2 5 ,0.0373834
orkut,6,sparse,92,0.0255569,0.000783325,0.000531173,0.3995,7032660,1 3 0 2 4 5 ,0.0142043
orkut,6,sparse,93,0.0288527,0.000709868,0.000817107,0.429341,811153,0 5 2 3 4 1 ,0.0143487
orkut,6,sparse,94,0.0865588,0.000557884,0.000560397,1.34639,584504,4 1 2 3 0 5 ,0.0665362
orkut,6,sparse,95,0.095389,0.000855784,0.000813021,1.32116,470368,0 1 5 4 2 3 ,0.0764174
orkut,6,sparse,96,0.266162,0.000634735,0.000563172,1.19261,1566455,4 0 2 3 5 1 ,0.174483
orkut,6,sparse,97,0.0252815,0.000854747,0.000523803,0.389665,5647647,0 1 2 3 4 5 ,0.00701299
orkut,6,sparse,98,0.0285192,0.000742208,0.000484104,0.448217,2179935,0 1 4 2 3 5 ,0.0130502
orkut,6,sparse,99,0.0265282,0.000746929,0.000455027,0.391919,2657560,1 0 4 2 3 5 ,0.0115155
orkut,6,sparse,100,0.25291,0.000727323,0.000547373,1.19185,1028036,5 0 1 2 4 3 ,0.203858
