dataset,query_size,query_mode,query_index,elapsed_execution_time,filter_time,plan_time,enumerate_time,n_embeddings,order,max_task_time
youtube2007,6,dense,1,0.254867,0.136818,0.314841,4.61839,4543075,mixed,0.147461
youtube2007,6,dense,2,0.337742,0.168307,0.195804,7.99603,5021645,mixed,0.0609193
youtube2007,6,dense,3,0.412811,0.0638015,0.267773,9.80447,72830166,mixed,0.176973
youtube2007,6,dense,4,0.10589,0.0939126,0.112992,1.87631,363485,mixed,0.0224475
youtube2007,6,dense,5,0.270603,0.0775292,0.103398,6.35497,729958,mixed,0.0637611
youtube2007,6,dense,6,0.0539356,0.113942,0.0414438,1.24843,48790,mixed,0.0158174
youtube2007,6,dense,7,2.01934,0.171983,2.07868,58.5166,175847109,mixed,1.21992
youtube2007,6,dense,8,0.394043,0.0992431,0.808208,9.25863,142173511,mixed,0.184619
youtube2007,6,dense,9,0.145645,0.0814194,0.146589,3.35152,544672,mixed,0.0432471
youtube2007,6,dense,10,0.106906,0.0812338,0.113947,2.28187,2086184,mixed,0.0396635
youtube2007,6,dense,11,2.35371,0.105376,1.09044,24.14,97184577,mixed,1.21351
youtube2007,6,dense,12,86.615,0.299785,8.07474,2755.18,14311168303,mixed,71.4634
youtube2007,6,dense,13,0.751041,0.0912735,0.307722,19.106,113169393,mixed,0.11774
youtube2007,6,dense,14,4.3448,0.121587,1.8628,123.211,21235950856,mixed,3.75534
youtube2007,6,dense,15,37.9055,0.312429,5.35681,1187.12,62335675912,mixed,26.4481
youtube2007,6,dense,16,0.0288863,0.0637539,0.00628169,0.657342,130226,mixed,0.0100811
youtube2007,6,dense,17,32.7479,0.140593,2.7673,1037.38,6267758809,mixed,21.9069
youtube2007,6,dense,18,2.9689,0.0407646,0.42943,82.1301,2415364474,mixed,1.20517
youtube2007,6,dense,19,1.00138,0.136182,1.33001,23.2411,64012859,mixed,0.41774
youtube2007,6,dense,20,1.32574,0.0305778,0.163406,38.3116,614997334,mixed,0.432096
youtube2007,6,dense,21,0.341086,0.0896307,0.324317,6.06301,7505233,mixed,0.196511
youtube2007,6,dense,22,7.13644,0.275996,3.73674,210.27,95002227047,mixed,5.09258
youtube2007,6,dense,23,0.721792,0.24815,1.15384,17.5791,22721074,mixed,0.230174
youtube2007,6,dense,24,0.035379,0.0907697,0.0436386,0.729763,52651,mixed,0.0306776
youtube2007,6,dense,25,0.120525,0.111967,0.225294,2.4599,744755,mixed,0.0581537
youtube2007,6,dense,26,3.58379,0.0319307,0.382208,106.171,1536273165,mixed,2.90505
youtube2007,6,dense,27,0.535238,0.159715,0.725121,11.9356,8443128,mixed,0.287522
youtube2007,6,dense,28,23.3358,0.334708,6.34856,728.631,24461595523,mixed,19.7544
youtube2007,6,dense,29,0.385146,0.0772188,0.244413,9.19754,6381389,mixed,0.0740263
youtube2007,6,dense,30,0.206053,0.023856,0.109997,4.43715,60622131,mixed,0.0692608
youtube2007,6,dense,31,0.0389846,0.136544,0.0578633,0.701842,785709,mixed,0.026146
youtube2007,6,dense,32,18.2638,0.276734,5.18038,490.951,1373241905,mixed,15.8627
youtube2007,6,dense,33,9.12918,0.311874,4.16453,276.674,70111370106,mixed,7.43525
youtube2007,6,dense,34,0.177292,0.0746199,0.094807,3.94318,5690301,mixed,0.05454
youtube2007,6,dense,35,18.8282,0.189398,2.79559,583.235,4651453380,mixed,15.7922
youtube2007,6,dense,36,18.6859,0.122213,2.70993,588.205,17661907354,mixed,16.3985
youtube2007,6,dense,37,1.62278,0.157615,1.80922,40.0466,21019512,mixed,0.715791
youtube2007,6,dense,38,0.311073,0.133874,0.704294,6.29973,14395037,mixed,0.17066
youtube2007,6,dense,39,19.5847,0.336424,5.7779,602.276,24461595523,mixed,16.5003
youtube2007,6,dense,40,0.00448393,0.0579337,0.00269533,0.0463108,420,mixed,0.00254745
youtube2007,6,dense,41,0.481389,0.298626,1.62725,10.5464,42525053,mixed,0.341984
youtube2007,6,dense,42,0.0143571,0.0783626,0.00414633,0.300329,2457,mixed,0.00565127
youtube2007,6,dense,43,15.6424,0.0941233,1.22764,491.745,10086756410,mixed,8.73195
youtube2007,6,dense,44,0.0368612,0.121169,0.0113567,0.901848,26531,mixed,0.0147764
youtube2007,6,dense,45,0.0175372,0.061263,0.0100371,0.379496,8468,mixed,0.00992838
youtube2007,6,dense,46,0.713629,0.0514941,0.345743,7.57519,13651407,mixed,0.60755
youtube2007,6,dense,47,27.837,0.291727,4.7792,860.729,152120703933,mixed,18.8163
youtube2007,6,dense,48,0.254552,0.132277,0.319012,6.36135,2192488,mixed,0.236593
youtube2007,6,dense,49,1.00291,0.0317617,0.330345,25.5694,1647109967,mixed,0.39594
youtube2007,6,dense,50,0.44449,0.0994287,0.380558,10.8508,3663379,mixed,0.0423133
youtube2007,6,dense,51,7.00869,0.288916,3.69111,206.733,95002227047,mixed,5.28464
youtube2007,6,dense,52,6.29076,0.181118,2.72751,187.662,38199972262,mixed,2.74024
youtube2007,6,dense,53,0.705394,0.126529,0.789419,15.8516,196614749,mixed,0.231285
youtube2007,6,dense,54,0.0203918,0.101131,0.0098293,0.423103,13524,mixed,0.0126567
youtube2007,6,dense,55,1.83845,0.236229,2.53369,52.229,1090655304,mixed,1.35198
youtube2007,6,dense,56,3.40419,0.112561,1.30958,86.3144,269644396,mixed,2.30819
youtube2007,6,dense,57,0.156784,0.15975,0.269329,3.24796,11730322,mixed,0.0427406
youtube2007,6,dense,58,0.219097,0.0979645,0.230004,3.26623,2267820,mixed,0.138825
youtube2007,6,dense,59,0.107965,0.0395554,0.039041,1.23581,12227868,mixed,0.0508734
youtube2007,6,dense,60,19.7695,0.332267,4.46804,617.829,24461595523,mixed,15.2043
youtube2007,6,dense,61,10.1129,0.286936,4.97043,308.351,161709400962,mixed,7.55568
youtube2007,6,dense,62,0.162394,0.103627,0.152058,3.72778,241019,mixed,0.0508453
youtube2007,6,dense,63,6.6094,0.0323464,0.311709,200.821,1536273165,mixed,4.66738
youtube2007,6,dense,64,0.369426,0.156243,0.771981,8.21474,18416572,mixed,0.213909
youtube2007,6,dense,65,1.011,0.139167,0.755611,23.7011,522359487,mixed,0.413254
youtube2007,6,dense,66,22.7741,0.0689163,0.62596,725.63,8726831775,mixed,18.991
youtube2007,6,dense,67,0.3229,0.175685,0.623158,7.17397,6514353,mixed,0.266157
youtube2007,6,dense,68,0.247128,0.0407489,0.058876,5.91699,1877434,mixed,0.0334274
youtube2007,6,dense,69,7.44063,0.112506,1.40465,218.873,13397512784,mixed,5.49827
youtube2007,6,dense,70,0.15945,0.141735,0.149223,3.79688,730253,mixed,0.102904
youtube2007,6,dense,71,1.93502,0.152814,1.85837,56.098,825155446,mixed,1.44238
youtube2007,6,dense,72,3.12082,0.0376588,0.210938,94.3297,601195244,mixed,2.13532
youtube2007,6,dense,73,41.5267,0.191663,3.12823,1292.64,11768553539,mixed,26.1397
youtube2007,6,dense,74,0.0204567,0.116244,0.0245296,0.480703,38776,mixed,0.0175139
youtube2007,6,dense,75,19.1885,0.18804,3.92296,599.334,13244252717,mixed,13.5312
youtube2007,6,dense,76,0.0151154,0.103403,0.00544576,0.335445,4994,mixed,0.0074244
youtube2007,6,dense,77,0.198523,0.0661766,0.196798,4.46975,2803063,mixed,0.0456
youtube2007,6,dense,78,0.0115462,0.0341111,0.00727254,0.182087,14359,mixed,0.00663097
youtube2007,6,dense,79,11.5631,0.118376,2.05951,225.611,8263059235,mixed,9.6136
youtube2007,6,dense,80,0.459337,0.0623771,0.255547,11.191,55318638,mixed,0.240824
youtube2007,6,dense,81,3.89068,0.176207,2.43384,110.664,22559169500,mixed,1.7347
youtube2007,6,dense,82,0.424996,0.0623607,0.117992,10.4911,487375,mixed,0.0706217
youtube2007,6,dense,83,0.334804,0.132722,0.169882,8.12296,291561,mixed,0.0389005
youtube2007,6,dense,84,0.624233,0.0862161,0.335735,13.9726,14497773,mixed,0.285333
youtube2007,6,dense,85,0.239652,0.132757,0.100311,5.63766,384836,mixed,0.0445029
youtube2007,6,dense,86,27.4854,0.185384,3.38135,869.353,28694093290,mixed,12.2839
youtube2007,6,dense,87,41.4278,0.188412,3.18257,1317.66,11768553539,mixed,24.2349
youtube2007,6,dense,88,0.160949,0.0633812,0.0481519,3.87851,680146,mixed,0.0231716
youtube2007,6,dense,89,10.8519,0.292343,4.69347,330.787,161709400962,mixed,7.2708
youtube2007,6,dense,90,12.5741,0.0993794,1.82251,387.257,10511775075,mixed,10.7164
youtube2007,6,dense,91,46.027,0.175407,3.32122,1462.16,33606467936,mixed,27.6548
youtube2007,6,dense,92,4.25393,0.18033,2.26997,120.785,22559169500,mixed,2.20681
youtube2007,6,dense,93,0.378696,0.146713,0.455033,8.32403,2881652,mixed,0.151299
youtube2007,6,dense,94,0.0542867,0.0659884,0.0264474,1.24413,411157,mixed,0.0375159
youtube2007,6,dense,95,0.0607459,0.110409,0.13415,1.17235,53368,mixed,0.0198035
youtube2007,6,dense,96,26.7327,0.187697,3.98686,845.616,32150336277,mixed,19.809
youtube2007,6,dense,97,0.0264936,0.0912317,0.00947318,0.627273,2691,mixed,0.00912452
youtube2007,6,dense,98,3.27057,0.0910284,1.20329,96.2812,17530365127,mixed,2.20885
youtube2007,6,dense,99,0.124856,0.118432,0.326525,2.35908,1013580,mixed,0.0534487
youtube2007,6,dense,100,0.748039,0.204538,1.06615,17.3049,829386369,mixed,0.327392
youtube2007,6,sparse,1,0.792475,0.0937612,0.350023,20.0598,5784712,mixed,0.109217
youtube2007,6,sparse,2,6.59587,0.0402438,0.407297,200.674,1883215491,mixed,5.49582
youtube2007,6,sparse,3,1.38799,0.188307,1.78611,37.4895,2117502327,mixed,0.711003
youtube2007,6,sparse,4,0.0330448,0.0788555,0.0219931,0.539076,50897,mixed,0.0224628
youtube2007,6,sparse,5,0.452353,0.296378,0.636089,9.09607,13599912,mixed,0.24163
youtube2007,6,sparse,6,0.212817,0.111425,0.352059,4.63717,11731196,mixed,0.0823014
youtube2007,6,sparse,7,64.8128,0.265587,5.87919,2016.31,166056301569,mixed,52.4274
youtube2007,6,sparse,8,3.97982,0.12084,1.5534,109.769,1657750399,mixed,1.82684
youtube2007,6,sparse,9,0.0426915,0.0887697,0.0484502,0.702685,155203,mixed,0.030183
youtube2007,6,sparse,10,27.5043,0.288427,6.72472,865.897,350244584640,mixed,18.3472
youtube2007,6,sparse,11,0.472921,0.24485,1.18811,10.3426,508254174,mixed,0.286537
youtube2007,6,sparse,12,35.4872,0.275733,5.79321,1116.83,350244584640,mixed,27.0817
youtube2007,6,sparse,13,0.183174,0.123364,0.0565719,4.39665,281737,mixed,0.0308945
youtube2007,6,sparse,14,3.14368,0.215764,2.15352,90.2159,427047676,mixed,2.01268
youtube2007,6,sparse,15,0.688213,0.0525355,0.10793,17.6811,56300127,mixed,0.268988
youtube2007,6,sparse,16,0.429313,0.10712,0.302494,10.1955,3790372,mixed,0.335364
youtube2007,6,sparse,17,0.0055613,0.0903114,0.00308285,0.0804034,536,mixed,0.00348815
youtube2007,6,sparse,18,0.526292,0.0815104,0.101878,13.11,929791,mixed,0.0531232
youtube2007,6,sparse,19,24.4907,0.276873,5.01686,759.212,350244584640,mixed,22.3065
youtube2007,6,sparse,20,0.0798049,0.0760024,0.113372,1.91308,18453679,mixed,0.0624943
youtube2007,6,sparse,21,49.0469,0.287294,5.65143,1553.67,93582224968,mixed,40.7093
youtube2007,6,sparse,22,46.3591,0.182412,3.0673,1459.57,39741236251,mixed,33.6939
youtube2007,6,sparse,23,1.80084,0.165541,1.35931,35.1252,1247742954,mixed,1.26436
youtube2007,6,sparse,24,0.0353111,0.0758213,0.0220943,0.781766,256566547,mixed,0.020314
youtube2007,6,sparse,25,1.5307,0.23494,3.10071,37.3048,1157317055,mixed,0.640402
youtube2007,6,sparse,26,26.9829,0.280382,5.10036,844.116,350244584640,mixed,19.9936
youtube2007,6,sparse,27,0.533133,0.133973,0.567124,12.353,10490348,mixed,0.169214
youtube2007,6,sparse,28,3.65184,0.153821,1.15553,89.9198,3813503211,mixed,2.92871
youtube2007,6,sparse,29,21.1337,0.119141,2.08838,669.847,22763549441,mixed,17.0112
youtube2007,6,sparse,30,0.0710984,0.0336577,0.0432199,1.15302,892482,mixed,0.0231357
youtube2007,6,sparse,31,0.532038,0.0996381,0.384698,12.9948,48500419,mixed,0.12611
youtube2007,6,sparse,32,0.348722,0.07084,0.115328,8.25156,4419925,mixed,0.0279862
youtube2007,6,sparse,33,0.0196431,0.088622,0.0171362,0.420909,11713,mixed,0.00913823
youtube2007,6,sparse,34,0.0166374,0.102414,0.0245741,0.300981,3376040,mixed,0.0143341
youtube2007,6,sparse,35,0.0935159,0.0772807,0.054635,1.95567,21635496,mixed,0.0435259
youtube2007,6,sparse,36,1.37543,0.0832735,0.435942,32.8742,1242041604,mixed,0.85842
youtube2007,6,sparse,37,2.76921,0.147438,1.15484,53.2261,83677040,mixed,1.40795
youtube2007,6,sparse,38,8.39371,0.094262,1.17202,257.898,41180606472,mixed,6.09239
youtube2007,6,sparse,39,0.790238,0.11279,0.771807,19.8758,3271484,mixed,0.0999925
youtube2007,6,sparse,40,0.0479254,0.105568,0.0315113,1.15566,567650,mixed,0.0300976
youtube2007,6,sparse,41,0.22782,0.0507049,0.044643,5.53783,560827,mixed,0.0357853
youtube2007,6,sparse,42,0.268878,0.106079,0.395158,5.08037,8528191705,mixed,0.190516
youtube2007,6,sparse,43,2.81013,0.156884,2.45742,80.6484,682240097,mixed,1.30764
youtube2007,6,sparse,44,0.519535,0.133227,0.354953,12.1468,3860383,mixed,0.160307
youtube2007,6,sparse,45,4.22047,0.265154,2.7977,77.0592,1020646596,mixed,2.33249
youtube2007,6,sparse,46,6.31533,0.067158,0.769679,190.317,11721547650,mixed,4.00999
youtube2007,6,sparse,47,0.357818,0.110768,0.283896,9.06574,46406447,mixed,0.275156
youtube2007,6,sparse,48,9.26149,0.178057,3.08593,284.648,44283734755,mixed,5.71558
youtube2007,6,sparse,49,0.129641,0.16205,0.252691,3.33461,284892,mixed,0.11262
youtube2007,6,sparse,50,0.0550542,0.0544794,0.0414391,1.07421,452061,mixed,0.0468989
youtube2007,6,sparse,51,5.83856,0.037165,0.444872,180.477,2793896881,mixed,5.38094
youtube2007,6,sparse,52,0.680923,0.108601,0.170199,15.8804,111891984,mixed,0.0885346
youtube2007,6,sparse,53,7.71784,0.115344,2.20601,237.584,25379764460,mixed,4.49514
youtube2007,6,sparse,54,2.90968,0.15607,2.66523,44.2854,832514319,mixed,2.36021
youtube2007,6,sparse,55,12.7274,0.483387,4.39342,390.491,68098081378,mixed,7.22474
youtube2007,6,sparse,56,0.0270164,0.0433384,0.0163667,0.639029,77408,mixed,0.011701
youtube2007,6,sparse,57,42.4166,0.113721,2.04811,1305.26,22763549441,mixed,34.3557
youtube2007,6,sparse,58,18.8254,0.267971,5.20603,577.435,179752339192,mixed,11.1552
youtube2007,6,sparse,59,14.9999,0.116567,2.44806,472.097,48283702145,mixed,11.7467
youtube2007,6,sparse,60,0.800533,0.115166,0.612956,19.9619,6683468,mixed,0.57718
youtube2007,6,sparse,61,6.85327,0.263924,3.78093,202.143,4400062424,mixed,3.46205
youtube2007,6,sparse,62,67.3602,0.273178,5.10292,2066.91,93582224968,mixed,64.2766
youtube2007,6,sparse,63,0.477323,0.0522702,0.185731,10.815,23464206,mixed,0.351925
youtube2007,6,sparse,64,10.6814,0.0951882,1.64476,332.911,41180606472,mixed,7.94048
youtube2007,6,sparse,65,0.0078085,0.0442648,0.005245,0.135664,3540,mixed,0.00533478
youtube2007,6,sparse,66,0.269571,0.0954884,0.113564,6.20163,7853355,mixed,0.0235613
youtube2007,6,sparse,67,42.6885,0.0898186,1.72781,1353.66,17201465896,mixed,31.1486
youtube2007,6,sparse,68,32.0494,0.164579,2.88862,1016.41,39741236251,mixed,14.457
youtube2007,6,sparse,69,0.183875,0.114324,0.355276,3.9744,2309722,mixed,0.127331
youtube2007,6,sparse,70,0.289635,0.104786,0.369237,6.13016,10579110,mixed,0.246003
youtube2007,6,sparse,71,4.39812,0.279138,5.40605,120.111,61863268717,mixed,2.88165
youtube2007,6,sparse,72,7.58677,0.111214,2.12186,230.309,25379764460,mixed,5.91207
youtube2007,6,sparse,73,10.6202,0.273983,4.72516,320.103,285361850575,mixed,7.67119
youtube2007,6,sparse,74,0.186989,0.0875568,0.0542393,4.09257,1090885,mixed,0.0708239
youtube2007,6,sparse,75,0.243034,0.131986,0.110356,5.35215,462140,mixed,0.0770475
youtube2007,6,sparse,76,5.25243,0.218987,3.5223,158.52,387495864,mixed,4.72574
youtube2007,6,sparse,77,0.0724371,0.147439,0.110227,1.61739,14149415,mixed,0.0485179
youtube2007,6,sparse,78,0.503894,0.125254,0.418892,11.9129,2970404,mixed,0.209337
youtube2007,6,sparse,79,35.6123,0.278945,6.3518,1117.7,350244584640,mixed,31.2207
youtube2007,6,sparse,80,0.134443,0.0995937,0.0927792,2.77912,14823283,mixed,0.0354304
youtube2007,6,sparse,81,2.61192,0.116725,1.98592,67.8265,8585464264,mixed,0.652844
youtube2007,6,sparse,82,61.8776,0.164721,3.42202,1967.81,37560027457,mixed,27.8857
youtube2007,6,sparse,83,1.03212,0.104824,0.847646,16.4099,692210352,mixed,0.522607
youtube2007,6,sparse,84,0.663479,0.0633838,0.34468,13.8858,3992600,mixed,0.565584
youtube2007,6,sparse,85,0.00380995,0.0516837,0.00212992,0.047007,1106,mixed,0.00242846
youtube2007,6,sparse,86,11.0059,0.271005,4.29381,341.198,285361850575,mixed,8.98692
youtube2007,6,sparse,87,0.233906,0.0531348,0.223933,5.30864,163932253,mixed,0.137735
youtube2007,6,sparse,88,0.621226,0.127728,1.05576,14.3901,117626158,mixed,0.178377
youtube2007,6,sparse,89,0.00305716,0.0715686,0.00190385,0.016535,291,mixed,0.00134272
youtube2007,6,sparse,90,1.50329,0.213969,1.83389,39.8083,185629702,mixed,0.776395
youtube2007,6,sparse,91,9.04397,0.162523,2.90344,274.222,44283734755,mixed,4.06873
youtube2007,6,sparse,92,2.33527,0.0814738,0.954595,65.5204,14731294279,mixed,1.09077
youtube2007,6,sparse,93,10.1645,0.273941,4.68237,310.095,285348081184,mixed,7.77046
youtube2007,6,sparse,94,0.122799,0.160159,0.233384,2.77106,33080335,mixed,0.106705
youtube2007,6,sparse,95,3.12446,0.0651125,0.667458,93.0961,10952776219,mixed,2.39506
youtube2007,6,sparse,96,0.0869683,0.124625,0.0606708,2.09376,179865,mixed,0.0124986
youtube2007,6,sparse,97,0.456682,0.0494418,0.130402,10.9471,27290156,mixed,0.0377892
youtube2007,6,sparse,98,0.376249,0.186836,0.210416,8.42873,17242416,mixed,0.0671707
youtube2007,6,sparse,99,0.377462,0.0898952,0.460894,8.99434,15281390,mixed,0.122777
youtube2007,6,sparse,100,24.3696,0.282401,4.58213,758.123,350244584640,mixed,17.1333
