dataset,query_size,query_mode,query_index,elapsed_execution_time,filter_time,plan_time,enumerate_time,n_embeddings,order,max_task_time
orkut,6,dense,1,0.168075,0.138108,0.582144,3.18292,776877,mixed,0.0685065
orkut,6,dense,2,0.40627,0.163755,0.647863,9.60525,321799,mixed,0.109519
orkut,6,dense,3,0.0955337,0.142138,0.756473,0.75133,1505172,mixed,0.0724874
orkut,6,dense,4,0.23969,0.136339,0.570879,4.16939,779445,mixed,0.0313928
orkut,6,dense,5,0.0735736,0.103418,0.701821,0.518523,544088,mixed,0.0544913
orkut,6,dense,6,0.140324,0.108847,0.588113,1.34787,1376539,mixed,0.0366991
orkut,6,dense,7,0.12134,0.149999,0.854781,1.02044,94184,mixed,0.0943953
orkut,6,dense,8,0.148927,0.142729,0.61991,0.789463,100952,mixed,0.0539994
orkut,6,dense,9,0.0677658,0.168982,0.618573,0.50543,951732,mixed,0.041343
orkut,6,dense,10,0.0612332,0.1488,0.697804,0.474575,222708,mixed,0.0302291
orkut,6,dense,11,0.133453,0.123899,0.578168,0.943547,5079559,mixed,0.0417036
orkut,6,dense,12,0.0637757,0.183306,0.593037,0.461469,408981,mixed,0.0347296
orkut,6,dense,13,0.184993,0.162414,0.672289,1.78392,92689,mixed,0.0202453
orkut,6,dense,14,0.0630721,0.183207,0.576003,0.424823,1224526,mixed,0.0201305
orkut,6,dense,15,0.139678,0.12156,0.868436,0.863179,712096,mixed,0.0553273
orkut,6,dense,16,0.106197,0.115379,0.616882,0.75734,384065,mixed,0.0939335
orkut,6,dense,17,0.142708,0.168472,0.472604,0.889094,317299,mixed,0.0563656
orkut,6,dense,18,0.183237,0.146948,0.554443,0.989767,304722,mixed,0.107742
orkut,6,dense,19,0.0816654,0.15827,0.550994,0.526981,560073,mixed,0.0226208
orkut,6,dense,20,0.0632561,0.151731,0.69962,0.505845,838081,mixed,0.027045
orkut,6,dense,21,0.0965461,0.144849,0.59237,0.55214,1807256,mixed,0.0477795
orkut,6,dense,22,0.250692,0.148644,0.655016,2.45407,210848,mixed,0.205427
orkut,6,dense,23,0.142931,0.149298,0.870058,0.765111,1100426,mixed,0.0305898
orkut,6,dense,24,0.258497,0.140341,0.554821,3.93052,518059,mixed,0.0582577
orkut,6,dense,25,0.0836281,0.123247,0.801152,0.624561,323014,mixed,0.0284871
orkut,6,dense,26,0.0640088,0.144971,0.489788,0.496682,1199218,mixed,0.0108874
orkut,6,dense,27,0.119445,0.125702,0.512354,0.78903,616464,mixed,0.0189528
orkut,6,dense,28,0.0708383,0.184608,0.516738,0.55624,3983940,mixed,0.0259497
orkut,6,dense,29,0.208735,0.138476,0.61226,1.21801,2721229,mixed,0.128891
orkut,6,dense,30,0.180815,0.138141,0.724066,1.42267,130343,mixed,0.103854
orkut,6,dense,31,0.144506,0.148542,0.453089,0.849992,771342,mixed,0.0679528
orkut,6,dense,32,0.0853065,0.143627,0.476165,0.576099,804807,mixed,0.070963
orkut,6,dense,33,0.160102,0.133868,0.655671,1.13197,614043,mixed,0.0249064
orkut,6,dense,34,0.058037,0.171607,0.530703,0.480762,568908,mixed,0.023387
orkut,6,dense,35,0.356267,0.169351,0.807193,6.43795,27311,mixed,0.0328384
orkut,6,dense,36,0.0675565,0.096266,0.494177,0.489426,6313314,mixed,0.04282
orkut,6,dense,37,0.154935,0.107617,0.521875,0.950002,283226,mixed,0.0357829
orkut,6,dense,38,0.130811,0.13035,0.54432,0.727773,1261052,mixed,0.0493761
orkut,6,dense,39,0.101759,0.136517,0.673333,0.636467,833378,mixed,0.0662934
orkut,6,dense,40,0.0762885,0.135576,0.540983,0.524255,36536,mixed,0.0388519
orkut,6,dense,41,0.0846542,0.141139,0.780082,0.576402,1469159,mixed,0.0221151
orkut,6,dense,42,0.0483545,0.125295,0.614877,0.393021,1897752,mixed,0.0313542
orkut,6,dense,43,0.171782,0.152224,0.807324,1.00336,1813330,mixed,0.0450256
orkut,6,dense,44,0.404117,0.160782,0.677244,7.68285,148731,mixed,0.294338
orkut,6,dense,45,0.0560097,0.124764,0.797297,0.482317,121183,mixed,0.0274222
orkut,6,dense,46,0.140831,0.139887,0.582121,0.862473,643188,mixed,0.0467103
orkut,6,dense,47,0.116221,0.11218,0.528015,0.760773,132718,mixed,0.0618808
orkut,6,dense,48,0.165163,0.17165,0.591124,1.35454,234880,mixed,0.115196
orkut,6,dense,49,0.159061,0.11029,0.76008,0.886508,164544,mixed,0.0322963
orkut,6,dense,50,0.0745613,0.122683,0.840132,0.590955,338734,mixed,0.048196
orkut,6,dense,51,0.218308,0.148285,0.621353,1.65978,264620,mixed,0.0883738
orkut,6,dense,52,0.263697,0.181263,0.436513,2.3113,315924,mixed,0.222299
orkut,6,dense,53,0.0906185,0.132067,0.575623,0.643237,890918,mixed,0.034978
orkut,6,dense,54,0.109795,0.136303,0.607312,0.891943,2599875,mixed,0.0826312
orkut,6,dense,55,0.0991176,0.124129,0.610096,0.549494,70966,mixed,0.0319905
orkut,6,dense,56,0.135445,0.138018,0.730765,0.679165,78253,mixed,0.0291136
orkut,6,dense,57,0.0787472,0.13983,0.786728,0.500678,586527,mixed,0.060802
orkut,6,dense,58,0.0856949,0.108701,0.542188,0.640159,1266292,mixed,0.0321656
orkut,6,dense,59,0.114738,0.130968,0.543826,0.765016,6490732,mixed,0.0508858
orkut,6,dense,60,0.140469,0.143157,0.528891,0.766488,1820168,mixed,0.0576155
orkut,6,dense,61,0.0806444,0.120865,0.571765,0.575207,953680,mixed,0.0140658
orkut,6,dense,62,0.124198,0.151247,0.634123,0.893249,271860,mixed,0.0827843
orkut,6,dense,63,0.0571823,0.0774171,0.93825,0.558729,37750,mixed,0.0466868
orkut,6,dense,64,0.0572791,0.116912,0.470701,0.468984,1904494,mixed,0.0262063
orkut,6,dense,65,0.103065,0.149808,0.584277,0.943139,1734898,mixed,0.0388984
orkut,6,dense,66,0.062489,0.153639,0.584509,0.495301,950027,mixed,0.0233495
orkut,6,dense,67,0.122096,0.145329,0.890364,0.81342,192516,mixed,0.0238882
orkut,6,dense,68,0.114989,0.145634,0.696477,0.570056,73999,mixed,0.0244714
orkut,6,dense,69,0.142187,0.159308,0.741419,0.80324,120167,mixed,0.0278532
orkut,6,dense,70,0.152336,0.114154,0.458022,0.866989,1216234,mixed,0.0531554
orkut,6,dense,71,0.0668514,0.160332,0.497645,0.501638,1920948,mixed,0.0121979
orkut,6,dense,72,0.147523,0.115921,0.826849,1.11883,221074,mixed,0.0328646
orkut,6,dense,73,0.0647749,0.0967729,0.519091,0.479354,1281793,mixed,0.041192
orkut,6,dense,74,0.188224,0.100861,0.532135,1.48673,1227692,mixed,0.1141
orkut,6,dense,75,0.0977988,0.165756,0.539717,0.638138,3239099,mixed,0.017157
orkut,6,dense,76,0.201541,0.158276,0.686706,1.17661,788528,mixed,0.100964
orkut,6,dense,77,0.0667776,0.143596,0.747292,0.449903,91175,mixed,0.0284167
orkut,6,dense,78,0.145101,0.15966,0.531695,0.742575,78034,mixed,0.0248846
orkut,6,dense,79,0.076038,0.0889548,0.532102,0.52792,2173122,mixed,0.0107143
orkut,6,dense,80,0.0939985,0.154154,0.548969,0.63771,912381,mixed,0.0288684
orkut,6,dense,81,0.139827,0.164477,0.57342,0.90552,172871,mixed,0.103232
orkut,6,dense,82,0.171398,0.151518,0.71396,1.00175,690437,mixed,0.031357
orkut,6,dense,83,0.142695,0.129538,0.514352,0.776976,1136326,mixed,0.0538198
orkut,6,dense,84,0.0875599,0.160064,0.795837,0.650455,311903,mixed,0.049272
orkut,6,dense,85,0.188826,0.152069,0.67352,0.990171,566491,mixed,0.0743817
orkut,6,dense,86,0.0757232,0.135582,0.71606,0.977626,250864,mixed,0.0419633
orkut,6,dense,87,0.0939575,0.150297,0.509237,0.638673,534660,mixed,0.00662962
orkut,6,dense,88,0.172134,0.148874,0.73165,1.46325,255294,mixed,0.0532059
orkut,6,dense,89,0.147164,0.152818,0.708298,1.11548,338891,mixed,0.0297666
orkut,6,dense,90,0.145136,0.156764,0.666493,0.900962,58322,mixed,0.0195424
orkut,6,dense,91,0.0482391,0.132426,0.509257,0.41895,1231158,mixed,0.0217124
orkut,6,dense,92,0.127421,0.0905542,0.577476,0.937771,4231904,mixed,0.0929582
orkut,6,dense,93,0.0665048,0.14803,0.504191,0.501923,1887415,mixed,0.0107792
orkut,6,dense,94,0.111912,0.13018,0.687034,0.950575,99381,mixed,0.0878832
orkut,6,dense,95,0.0605929,0.125542,0.546037,0.423241,3008669,mixed,0.0418306
orkut,6,dense,96,0.173263,0.157522,0.721435,1.0719,345535,mixed,0.0445693
orkut,6,dense,97,0.2556,0.109148,0.58209,2.85683,409807,mixed,0.12406
orkut,6,dense,98,0.163449,0.168235,0.769978,1.50284,210068,mixed,0.138685
orkut,6,dense,99,0.196568,0.176096,0.575787,1.57832,1106054,mixed,0.0318094
orkut,6,dense,100,0.208743,0.155918,0.588323,1.66014,627059,mixed,0.101837
orkut,6,sparse,1,0.168713,0.103111,0.822761,1.28005,582376,mixed,0.117887
orkut,6,sparse,2,0.189397,0.103876,0.721613,1.69639,587241,mixed,0.118212
orkut,6,sparse,3,0.177354,0.140288,0.679398,2.26125,1533843,mixed,0.0766758
orkut,6,sparse,4,0.1638,0.14585,0.438159,0.956585,1460182,mixed,0.0781351
orkut,6,sparse,5,0.157034,0.141701,0.755512,1.81506,612314,mixed,0.0716888
orkut,6,sparse,6,0.118052,0.103148,0.57179,0.733822,1951021,mixed,0.0451149
orkut,6,sparse,7,0.171441,0.112982,0.768948,1.66739,2803080,mixed,0.0540676
orkut,6,sparse,8,0.0942172,0.15151,0.896437,0.878918,863949,mixed,0.0616053
orkut,6,sparse,9,0.135265,0.117063,0.657315,1.14294,576475,mixed,0.100737
orkut,6,sparse,10,0.17054,0.0978583,0.71133,1.26285,1139267,mixed,0.0454771
orkut,6,sparse,11,0.189204,0.144083,0.797906,1.76067,1543523,mixed,0.111341
orkut,6,sparse,12,0.169236,0.087937,0.520136,1.23952,1050607,mixed,0.137652
orkut,6,sparse,13,0.170844,0.0981867,0.565239,1.32533,59274953,mixed,0.0718839
orkut,6,sparse,14,0.180083,0.126819,0.942713,1.86244,632783,mixed,0.0972004
orkut,6,sparse,15,0.180385,0.124296,0.696729,1.67506,768705,mixed,0.139643
orkut,6,sparse,16,0.156197,0.0880209,0.929262,1.36015,631364,mixed,0.128067
orkut,6,sparse,17,0.235479,0.158054,0.791476,2.46191,924751,mixed,0.0741797
orkut,6,sparse,18,0.141129,0.105313,0.706978,1.2087,1983183,mixed,0.0467526
orkut,6,sparse,19,0.165435,0.130816,0.668754,1.48691,1851699,mixed,0.135844
orkut,6,sparse,20,0.0969192,0.139324,0.782173,0.960425,643098,mixed,0.0810088
orkut,6,sparse,21,0.107519,0.119348,0.723597,0.807456,5868804,mixed,0.0377614
orkut,6,sparse,22,0.0787498,0.137768,0.627964,0.560007,669782,mixed,0.0464727
orkut,6,sparse,23,0.123074,0.14448,0.406139,0.692267,5558802,mixed,0.0448458
orkut,6,sparse,24,0.151912,0.150562,0.655355,1.41478,1793391,mixed,0.0315105
orkut,6,sparse,25,0.0507827,0.130236,0.43843,0.40837,20797260,mixed,0.0383944
orkut,6,sparse,26,0.0900253,0.168353,0.64154,0.65073,491471,mixed,0.0369477
orkut,6,sparse,27,0.298619,0.167537,0.600817,2.35516,1005814,mixed,0.240734
orkut,6,sparse,28,0.0711877,0.143222,0.666935,0.579685,3699419,mixed,0.0410225
orkut,6,sparse,29,0.171488,0.148792,0.570446,1.39324,4760751,mixed,0.116189
orkut,6,sparse,30,0.176131,0.122365,0.856918,1.48887,701485,mixed,0.151014
orkut,6,sparse,31,0.0587875,0.126724,0.579969,0.52576,1028369,mixed,0.049808
orkut,6,sparse,32,0.213174,0.139648,0.703417,2.07562,2060598,mixed,0.122039
orkut,6,sparse,33,0.185205,0.127457,0.891022,1.38704,569383,mixed,0.159662
orkut,6,sparse,34,0.187213,0.131638,0.768299,1.5207,1877512,mixed,0.0660546
orkut,6,sparse,35,0.0919204,0.13442,0.72736,1.09957,3962058,mixed,0.0500856
orkut,6,sparse,36,0.231869,0.128435,0.827434,1.88004,1379173,mixed,0.14981
orkut,6,sparse,37,0.169969,0.149066,0.80375,1.59864,2052043,mixed,0.0636602
orkut,6,sparse,38,0.160513,0.155339,0.717525,1.90643,1989519,mixed,0.0828124
orkut,6,sparse,39,0.0814728,0.141481,0.712344,0.971183,789209,mixed,0.0363215
orkut,6,sparse,40,0.239253,0.1273,0.740369,2.07145,1490759,mixed,0.138853
orkut,6,sparse,41,0.287588,0.166033,0.688928,3.25689,1428016,mixed,0.251683
orkut,6,sparse,42,0.138862,0.138398,0.685373,1.07772,480948,mixed,0.0716849
orkut,6,sparse,43,0.0839493,0.130403,0.553279,0.660424,1069575,mixed,0.0383404
orkut,6,sparse,44,0.128357,0.145909,0.671529,1.67597,1842417,mixed,0.0515993
orkut,6,sparse,45,0.0950241,0.135946,0.587471,0.874102,7375057,mixed,0.0551913
orkut,6,sparse,46,0.197781,0.133166,0.518864,1.06703,4062877,mixed,0.0429878
orkut,6,sparse,47,0.12753,0.131794,0.765605,0.962965,923950,mixed,0.0456126
orkut,6,sparse,48,0.234433,0.129256,0.723146,2.70366,2696040,mixed,0.0855361
orkut,6,sparse,49,0.102097,0.158546,0.779492,1.17389,889452,mixed,0.0683659
orkut,6,sparse,50,0.108666,0.148407,0.709829,1.25826,642417,mixed,0.0482389
orkut,6,sparse,51,0.0878025,0.105197,0.537215,0.650353,9813803,mixed,0.0384717
orkut,6,sparse,52,0.344717,0.141794,0.591756,6.33461,1793472,mixed,0.148608
orkut,6,sparse,53,0.0626103,0.107746,0.597397,0.527056,6201947,mixed,0.031336
orkut,6,sparse,54,0.121971,0.121876,0.53987,0.686957,2607602,mixed,0.048202
orkut,6,sparse,55,0.199104,0.138139,0.491385,1.58672,1543980,mixed,0.138756
orkut,6,sparse,56,0.12545,0.135667,0.716324,1.20198,1864045,mixed,0.0806883
orkut,6,sparse,57,0.180259,0.113473,0.953617,1.96586,1043194,mixed,0.0924951
orkut,6,sparse,58,0.13214,0.11536,0.688356,1.32025,935170,mixed,0.0590129
orkut,6,sparse,59,0.0592625,0.147308,0.642953,0.476867,1398981,mixed,0.024332
orkut,6,sparse,60,0.150267,0.136058,0.56417,0.960972,8537783,mixed,0.0880009
orkut,6,sparse,61,0.22575,0.135251,0.678331,1.52975,994399,mixed,0.0477245
orkut,6,sparse,62,0.231088,0.158434,0.900919,3.05623,362071,mixed,0.0732737
orkut,6,sparse,63,0.147399,0.112243,0.691297,1.24283,867449,mixed,0.122111
orkut,6,sparse,64,0.165076,0.154451,0.571631,0.994149,10090733,mixed,0.0532685
orkut,6,sparse,65,0.194082,0.120339,0.772176,1.96761,622039,mixed,0.0988457
orkut,6,sparse,66,0.0960861,0.160484,0.868662,0.714058,145797649,mixed,0.0141872
orkut,6,sparse,67,0.167198,0.137104,0.699282,1.98976,830318,mixed,0.11906
orkut,6,sparse,68,0.0990179,0.119386,0.423181,0.590997,15968036,mixed,0.0450749
orkut,6,sparse,69,0.196907,0.163527,0.773561,1.70282,496520,mixed,0.0398438
orkut,6,sparse,70,0.0684213,0.112751,0.632999,0.564258,8637727,mixed,0.0145133
orkut,6,sparse,71,0.220331,0.112015,0.694096,1.20416,612956,mixed,0.0361091
orkut,6,sparse,72,0.169058,0.132101,0.984725,1.01813,620057,mixed,0.0397643
orkut,6,sparse,73,0.173663,0.142989,0.715476,1.3774,2034743,mixed,0.105335
orkut,6,sparse,74,0.185771,0.146609,0.670608,1.15152,759241,mixed,0.118552
orkut,6,sparse,75,0.23081,0.131574,0.907122,1.9952,591651,mixed,0.101437
orkut,6,sparse,76,0.0870838,0.144775,0.595344,0.662971,7501808,mixed,0.022636
orkut,6,sparse,77,0.12901,0.0748142,0.718452,1.02193,1846505,mixed,0.0613521
orkut,6,sparse,78,0.0840038,0.106599,0.635361,0.940246,1909854,mixed,0.0340743
orkut,6,sparse,79,0.0854315,0.101476,0.528407,0.62119,2852824,mixed,0.0253303
orkut,6,sparse,80,0.193828,0.144406,0.592469,1.19213,1031300,mixed,0.101491
orkut,6,sparse,81,0.0993461,0.14537,0.720109,1.36112,1835023,mixed,0.0520061
orkut,6,sparse,82,0.0913726,0.143057,0.801635,0.827736,409656,mixed,0.0701177
orkut,6,sparse,83,0.151564,0.110857,0.597261,1.00513,550212,mixed,0.0847961
orkut,6,sparse,84,0.2039,0.115257,0.705533,1.34858,1629151,mixed,0.0410573
orkut,6,sparse,85,0.200282,0.123526,0.800697,1.42058,1637532,mixed,0.0735925
orkut,6,sparse,86,0.0709219,0.15006,0.57122,0.580761,5472867,mixed,0.0417668
orkut,6,sparse,87,0.0557895,0.131383,0.640952,0.51229,4472529,mixed,0.0382054
orkut,6,sparse,88,0.250227,0.152013,0.695949,3.35414,2648297,mixed,0.10799
orkut,6,sparse,89,0.130741,0.122034,0.481605,0.739472,1883826,mixed,0.0363291
orkut,6,sparse,90,0.207591,0.137091,0.785897,1.95648,1566416,mixed,0.144247
orkut,6,sparse,91,0.209672,0.115446,0.72679,1.67875,2727445,mixed,0.0765543
orkut,6,sparse,92,0.0604884,0.098467,0.633259,0.496534,7032660,mixed,0.0427333
orkut,6,sparse,93,0.203749,0.151002,0.951138,1.63527,811153,mixed,0.174433
orkut,6,sparse,94,0.2886,0.129963,0.80674,2.37322,584504,mixed,0.132717
orkut,6,sparse,95,0.142164,0.131378,0.702656,1.56198,470368,mixed,0.0728175
orkut,6,sparse,96,0.158417,0.140193,0.692429,1.4437,1566455,mixed,0.0667437
orkut,6,sparse,97,0.219412,0.156095,0.429799,1.21518,5647647,mixed,0.1354
orkut,6,sparse,98,0.0594287,0.157248,0.609656,0.52684,2179935,mixed,0.0505855
orkut,6,sparse,99,0.0737457,0.134009,0.61168,0.582911,2657560,mixed,0.0466917
orkut,6,sparse,100,0.111697,0.132326,0.72812,1.15366,1028036,mixed,0.0747442
