dataset,query_size,query_mode,query_index,elapsed_execution_time,filter_time,plan_time,enumerate_time,n_embeddings,order,max_task_time
youtube2007,8,dense,1,177.769,0.00306173,0.00194581,5563.14,1304704230570,2 5 6 4 3 1 0 7 ,127.425
youtube2007,8,dense,2,306.876,0.00511819,0.00215086,9575.36,1942081856395,7 2 4 3 6 1 0 5 ,225.448
youtube2007,8,dense,3,101.508,0.0126108,0.00375143,3106.25,355231479177,4 0 6 5 7 2 3 1 ,67.8951
youtube2007,8,dense,4,2.66859,0.00498235,0.00243707,75.6522,905485938,4 3 1 6 5 7 0 2 ,2.40065
youtube2007,8,dense,5,0.282732,0.00618037,0.00319837,6.78702,37928,2 3 5 6 7 4 0 1 ,0.0550779
youtube2007,8,dense,6,3.36204,0.010161,0.00360589,91.7079,2078402394,4 5 2 3 6 7 0 1 ,1.47826
youtube2007,8,dense,7,109.364,0.00202725,0.00143994,3347.02,335740935534,1 5 3 4 2 6 7 0 ,84.5611
youtube2007,8,dense,9,0.149416,0.00245231,0.00128703,3.62393,1796513,3 4 5 7 0 1 2 6 ,0.0622488
youtube2007,8,dense,10,189.722,0.00437147,0.00186848,5723.56,30074837469,0 4 2 5 3 1 6 7 ,142.561
youtube2007,8,dense,11,357.002,0.00445316,0.0020152,10821.1,4643680434596,6 2 7 4 3 5 0 1 ,277.887
youtube2007,8,dense,12,0.106871,0.00222039,0.00142687,2.41532,1166590,3 7 2 6 1 5 4 0 ,0.0309547
youtube2007,8,dense,13,505.001,0.00602843,0.00278357,15655.7,2439015622385,6 7 2 5 4 1 0 3 ,329.449
youtube2007,8,dense,14,0.788984,0.00657591,0.00273996,18.7479,467322693,4 7 5 6 0 1 3 2 ,0.41943
youtube2007,8,dense,15,17.8509,0.00562096,0.00237161,545.651,83621425335,6 2 5 4 1 0 3 7 ,9.84092
youtube2007,8,dense,17,80.2369,0.00183891,0.00110004,2561.73,340644655268,0 7 5 2 6 1 4 3 ,50.4811
youtube2007,8,dense,18,0.326487,0.00667783,0.00278072,8.23814,275229,1 5 7 0 2 3 4 6 ,0.128425
youtube2007,8,dense,19,1.02026,0.0036005,0.00175113,27.5114,2444936,6 7 1 0 3 2 4 5 ,0.581271
youtube2007,8,dense,20,14.3941,0.00993485,0.00367463,436.313,1110842969,2 4 3 1 7 6 0 5 ,10.0892
youtube2007,8,dense,21,0.40708,0.00598908,0.00295741,8.67314,14471590,3 5 0 1 4 2 6 7 ,0.154261
youtube2007,8,dense,22,50.2097,0.00628673,0.00270697,1524.97,75657970767,0 1 7 2 5 3 4 6 ,36.305
youtube2007,8,dense,23,0.227643,0.00369643,0.00190053,5.36174,5794869,1 3 7 0 2 4 5 6 ,0.12432
youtube2007,8,dense,24,24.2687,0.00317067,0.00186445,761.675,9586384619,1 3 5 6 7 0 4 2 ,18.1042
youtube2007,8,dense,25,806.844,0.00361277,0.00187553,24526.6,564177933989,4 5 6 1 3 7 2 0 ,594.564
youtube2007,8,dense,26,0.429088,0.00467749,0.00213057,9.68913,162032,2 0 1 4 5 6 3 7 ,0.0889718
youtube2007,8,dense,27,0.223794,0.0101428,0.0034046,5.46145,565319,7 1 4 0 6 5 3 2 ,0.0470455
youtube2007,8,dense,28,0.2682,0.00609846,0.00292908,6.63965,209248,6 7 2 5 1 4 3 0 ,0.0866179
youtube2007,8,dense,29,2.45932,0.00616564,0.00318531,70.6221,91068504,0 1 2 6 3 5 4 7 ,1.5214
youtube2007,8,dense,30,5.34623,0.00388979,0.00189541,164.282,28310969676,1 7 3 5 2 4 0 6 ,5.13442
youtube2007,8,dense,31,0.630828,0.0036954,0.00182456,16.2993,73058160,0 2 5 7 1 6 3 4 ,0.276697
youtube2007,8,dense,32,27.0431,0.0101161,0.00339999,852.214,1468227389,0 1 6 7 2 3 5 4 ,19.312
youtube2007,8,dense,34,512.902,0.00239751,0.00131875,15702.1,2054610200047,0 2 5 3 4 1 6 7 ,426.368
youtube2007,8,dense,35,0.0694304,0.00134861,0.00100803,1.45479,935485,4 2 3 0 5 6 7 1 ,0.0209647
youtube2007,8,dense,37,123.504,0.0119028,0.00369094,3744.58,56926402385,2 6 4 5 3 7 0 1 ,84.041
youtube2007,8,dense,38,411.716,0.00626666,0.00284686,13155.1,7203959831160,0 5 4 1 3 7 2 6 ,300.31
youtube2007,8,dense,39,0.1256,0.00135397,0.00105955,3.01758,114182,1 5 0 4 3 7 2 6 ,0.0218104
youtube2007,8,dense,40,2.36694,0.00604962,0.0031377,66.2831,319003190,0 3 7 1 4 6 2 5 ,1.26814
youtube2007,8,dense,41,7.48527,0.00463501,0.00257131,221.479,563541953,6 2 7 3 5 1 4 0 ,6.00202
youtube2007,8,dense,42,5.47407,0.0058213,0.00304042,160.37,889508800,3 0 4 2 5 7 1 6 ,3.17307
youtube2007,8,dense,44,98.3914,0.0110911,0.00369098,2839.78,63603910274,1 7 3 4 0 5 6 2 ,49.7789
youtube2007,8,dense,45,497.433,0.0058401,0.00281267,15398.1,2729183019,3 1 4 7 6 2 5 0 ,288.415
youtube2007,8,dense,46,250.181,0.00458791,0.00224161,7997.66,507907948981,2 3 4 5 7 1 0 6 ,165.843
youtube2007,8,dense,47,32.3566,0.0110475,0.00338249,1024.96,8636631393,1 4 5 2 3 7 6 0 ,20.8741
youtube2007,8,dense,48,0.147294,0.00975083,0.00312626,3.5201,11604,1 2 7 3 4 0 5 6 ,0.0387361
youtube2007,8,dense,49,790.654,0.004146,0.00186425,24657.1,4928524691434,7 2 3 4 6 0 5 1 ,648.127
youtube2007,8,dense,50,0.245041,0.00139178,0.00112763,6.21614,28079,1 0 2 7 6 3 4 5 ,0.0210332
youtube2007,8,dense,51,1.67331,0.00980436,0.00336733,46.3458,1673377853,6 2 3 4 0 1 5 7 ,1.12386
youtube2007,8,dense,52,0.246668,0.00300949,0.00172652,5.39447,1759,0 1 7 6 4 2 3 5 ,0.0169007
youtube2007,8,dense,53,0.271924,0.00311502,0.00174091,5.94576,21807,0 5 3 6 2 1 4 7 ,0.021387
youtube2007,8,dense,54,2.52826,0.00580618,0.00303721,70.667,71999588,0 5 2 4 1 6 3 7 ,1.48376
youtube2007,8,dense,56,0.136714,0.00456709,0.00180156,2.97497,28559,6 0 1 3 4 5 7 2 ,0.0293398
youtube2007,8,dense,57,79.7015,0.010001,0.00337212,2455.87,296701768980,4 7 6 1 2 0 3 5 ,58.0597
youtube2007,8,dense,58,31.5789,0.00350333,0.00167085,964.025,80475040022,7 4 2 0 5 6 1 3 ,28.7266
youtube2007,8,dense,60,0.272006,0.00424528,0.00193314,6.74871,857912,0 2 3 5 1 6 4 7 ,0.0847385
youtube2007,8,dense,61,591.757,0.00955789,0.0032447,17227.6,22208852683894,5 0 2 3 6 1 4 7 ,375.115
youtube2007,8,dense,62,0.301244,0.00425747,0.00191866,5.94202,28048280,2 4 3 0 5 6 1 7 ,0.199542
youtube2007,8,dense,63,0.405461,0.00470519,0.00240742,8.85284,76220983,0 4 1 2 7 5 3 6 ,0.145047
youtube2007,8,dense,64,0.537947,0.00463603,0.00236384,13.0624,11603776,0 3 4 1 7 6 2 5 ,0.17582
youtube2007,8,dense,65,873.502,0.00979031,0.0033177,25902,57614737718224,2 5 1 3 7 4 0 6 ,508.887
youtube2007,8,dense,67,0.823856,0.00600052,0.00314852,20.0654,6068896,1 3 0 5 2 7 4 6 ,0.40012
youtube2007,8,dense,68,0.184361,0.0115656,0.00346208,4.04236,9340899,1 4 0 6 5 7 2 3 ,0.0511683
youtube2007,8,dense,69,0.569293,0.0058887,0.00292064,14.1526,1232423,2 3 0 5 1 4 6 7 ,0.338184
youtube2007,8,dense,70,461.945,0.00364387,0.00178394,13492.9,591448566080,0 1 6 2 3 5 7 4 ,452.418
youtube2007,8,dense,73,0.074035,0.00107032,0.00101951,1.69126,12950230,0 1 3 5 7 4 6 2 ,0.0187315
youtube2007,8,dense,74,65.0908,0.00415925,0.00186216,2072.41,1323420786930,1 2 3 4 0 5 6 7 ,49.5139
youtube2007,8,dense,75,0.499103,0.00367369,0.00172078,12.4932,1030088,6 7 3 4 2 5 0 1 ,0.112676
youtube2007,8,dense,76,57.6846,0.00212471,0.00126946,1728.91,28290121663,5 0 7 3 1 6 2 4 ,49.7539
youtube2007,8,dense,77,123.251,0.00559544,0.00282388,3662.85,15568474914,5 6 1 2 7 3 4 0 ,80.4406
youtube2007,8,dense,78,2.53682,0.00313259,0.00175735,68.822,4656768079,0 5 3 6 7 2 1 4 ,1.91171
youtube2007,8,dense,79,1.50654,0.00306613,0.00188302,37.2452,5412022906,0 7 3 2 4 5 1 6 ,0.912831
youtube2007,8,dense,80,565.43,0.00325751,0.00171274,15993.5,772714916775,1 3 0 4 2 7 5 6 ,466.366
youtube2007,8,dense,81,41.1312,0.00971131,0.00340653,1301.57,4946920097,1 4 0 6 7 3 5 2 ,32.9718
youtube2007,8,dense,82,78.8947,0.00352353,0.00183066,2519.21,1271765614235,1 0 7 6 2 3 4 5 ,62.1586
youtube2007,8,dense,84,2.56821,0.00483175,0.00227421,70.803,5765328428,3 4 6 0 2 7 5 1 ,1.38615
youtube2007,8,dense,85,3.77437,0.00989576,0.003562,107.343,24644806,4 6 1 2 3 5 0 7 ,1.78509
youtube2007,8,dense,86,25.6368,0.00947489,0.00370183,780.932,20871361977,1 7 4 5 2 6 3 0 ,20.6125
youtube2007,8,dense,87,1.66211,0.0022173,0.00145452,40.076,568386735,4 5 2 6 7 1 3 0 ,1.3878
youtube2007,8,dense,89,21.2824,0.0049671,0.00243233,667.64,726753039,1 4 7 2 5 6 0 3 ,17.0585
youtube2007,8,dense,90,0.233703,0.00442255,0.00209952,4.95682,3698,3 0 1 6 5 2 4 7 ,0.0233749
youtube2007,8,dense,91,6.83996,0.00372632,0.00189407,208.828,14065865196,3 4 5 2 6 7 0 1 ,5.95863
youtube2007,8,dense,92,226.959,0.00495915,0.00242813,7256.83,14718039248,0 6 1 5 3 2 7 4 ,226.213
youtube2007,8,dense,94,1.15994,0.00500518,0.00216304,27.8042,128830004,3 4 0 5 2 6 7 1 ,0.7344
youtube2007,8,dense,95,1.56625,0.00467639,0.00181949,41.7074,8128678615,0 1 2 3 4 6 5 7 ,1.35579
youtube2007,8,dense,96,520.421,0.0113271,0.00321417,15469.8,107344189179706,3 4 2 6 7 5 0 1 ,326.41
youtube2007,8,dense,97,198.526,0.0104261,0.00349477,6007.44,11551852297414,1 2 7 3 5 4 6 0 ,153.427
youtube2007,8,dense,98,1.91322,0.00133024,0.00116478,53.7842,3867011564,1 6 2 4 5 7 0 3 ,1.78106
youtube2007,8,dense,99,0.179712,0.00612289,0.00305112,4.06214,21995,0 4 7 1 3 5 2 6 ,0.0360415
youtube2007,8,dense,100,348.747,0.00356329,0.00185516,10497.7,1695310095988,3 7 5 6 0 2 4 1 ,266.813
youtube2007,8,sparse,1,0.244449,0.00131358,0.00110698,6.02606,6801281,1 3 4 6 5 7 2 0 ,0.0345999
youtube2007,8,sparse,2,3.11006,0.00427843,0.00185799,92.2548,21830099425,4 7 6 1 2 5 0 3 ,2.38604
youtube2007,8,sparse,5,0.649429,0.00239392,0.00131368,17.5271,447209421,4 6 3 5 7 0 2 1 ,0.537646
youtube2007,8,sparse,6,1.05691,0.0113947,0.0035039,25.427,202680341,2 7 1 5 0 6 3 4 ,0.360818
youtube2007,8,sparse,7,0.261812,0.010058,0.00363551,6.50196,94999955,0 2 3 6 5 7 1 4 ,0.0904235
youtube2007,8,sparse,8,2.03413,0.00327557,0.00185414,53.4266,2025500362,4 5 0 1 2 3 6 7 ,1.51863
youtube2007,8,sparse,10,0.10911,0.00347153,0.00165837,2.46548,38499,0 1 2 6 3 5 4 7 ,0.0256017
youtube2007,8,sparse,11,286.837,0.00222271,0.00144247,8212.98,592603075835,7 3 6 5 2 4 0 1 ,273.259
youtube2007,8,sparse,12,461.393,0.00486013,0.00210182,14575,125775247941,7 6 1 5 4 0 2 3 ,378.358
youtube2007,8,sparse,13,32.7162,0.00637495,0.0030575,1014.17,1556865196,0 1 7 2 3 4 6 5 ,21.8321
youtube2007,8,sparse,14,12.9515,0.0117027,0.00349079,395.135,10218984832,3 6 4 5 0 7 2 1 ,12.7596
youtube2007,8,sparse,15,0.334092,0.00489995,0.00228712,7.89584,388611357,2 6 7 4 5 3 0 1 ,0.0846944
youtube2007,8,sparse,16,2.0931,0.00597372,0.00306437,59.7889,771863463,4 6 5 7 2 3 0 1 ,1.50686
youtube2007,8,sparse,17,188.392,0.00140532,0.00104316,5854.96,395398561981,0 4 5 7 2 3 6 1 ,178.792
youtube2007,8,sparse,18,75.9195,0.00373017,0.00171997,354.815,24488001449,1 7 3 6 2 5 4 0 ,64.5133
youtube2007,8,sparse,19,0.209026,0.00620046,0.00296544,5.12473,80157,0 1 3 7 5 4 2 6 ,0.0841994
youtube2007,8,sparse,20,6.52614,0.0105924,0.00355855,196.288,161809622371,2 7 6 3 5 1 0 4 ,3.22172
youtube2007,8,sparse,21,0.347526,0.00293244,0.00168978,7.38257,7542769,7 4 2 3 5 6 0 1 ,0.155993
youtube2007,8,sparse,23,0.154,0.00450765,0.00202539,3.14781,6328838,4 2 5 7 3 6 0 1 ,0.0872685
youtube2007,8,sparse,24,5.42024,0.00635462,0.00321639,162.899,7629220299,3 0 2 6 7 4 5 1 ,4.63275
youtube2007,8,sparse,25,4.31155,0.00146774,0.00119914,128.964,1923620631,4 6 1 2 7 3 0 5 ,3.16387
youtube2007,8,sparse,26,0.524572,0.00362428,0.00186276,10.7064,77866313,3 4 5 1 7 6 0 2 ,0.225604
youtube2007,8,sparse,27,60.3731,0.00161856,0.00118997,1863.43,424039097103,2 7 5 1 0 3 6 4 ,44.752
youtube2007,8,sparse,28,1.08402,0.00593631,0.00265053,30.5947,30794348148,0 7 3 4 1 6 5 2 ,0.781473
youtube2007,8,sparse,29,0.196934,0.00112452,0.00107461,4.81743,278881,2 5 6 0 7 3 4 1 ,0.038797
youtube2007,8,sparse,30,392.766,0.0102788,0.00340799,12011.4,1553252338654,0 7 6 4 2 1 3 5 ,285.362
youtube2007,8,sparse,31,7.33904,0.00962504,0.00336809,214.601,5844783283,1 2 7 0 5 6 3 4 ,3.86443
youtube2007,8,sparse,32,10.1248,0.00418599,0.00176616,271.526,12519768722,0 2 6 7 3 1 5 4 ,9.03253
youtube2007,8,sparse,33,0.323023,0.00486071,0.00229332,7.05994,84169176,3 0 4 7 2 5 6 1 ,0.0418258
youtube2007,8,sparse,34,0.17982,0.00131574,0.0012695,4.14455,1507735,0 1 2 7 6 5 3 4 ,0.10056
youtube2007,8,sparse,36,7.19433,0.00974991,0.00339376,206.806,522870260,3 1 2 6 0 7 5 4 ,5.82147
youtube2007,8,sparse,38,59.1274,0.00986858,0.00324233,1884,263842843252,1 6 5 7 0 2 4 3 ,35.1978
youtube2007,8,sparse,39,0.101391,0.00225761,0.00124542,2.22743,3037,0 1 3 2 6 7 4 5 ,0.0204218
youtube2007,8,sparse,40,1.0066,0.00531354,0.00221508,24.9675,56562762953,0 3 7 4 6 2 5 1 ,0.554863
youtube2007,8,sparse,41,0.881223,0.00594923,0.00312938,18.6322,96660576,7 3 6 4 5 0 1 2 ,0.427917
youtube2007,8,sparse,42,3.31427,0.00224013,0.00127512,93.7679,54161194333,0 3 1 2 6 5 4 7 ,1.27215
youtube2007,8,sparse,43,9.62631,0.00473791,0.00248019,288.886,5519602526,0 6 5 4 1 7 2 3 ,9.26065
youtube2007,8,sparse,44,6.11251,0.00607315,0.00275812,174.975,15269104973,3 5 2 1 4 7 0 6 ,3.08485
youtube2007,8,sparse,45,1.76662,0.00399695,0.00183322,46.2029,119899767,5 3 7 1 0 2 4 6 ,1.00975
youtube2007,8,sparse,46,0.952418,0.0096657,0.00354849,22.8047,72308120782,5 1 2 4 7 6 3 0 ,0.557116
youtube2007,8,sparse,47,0.103256,0.00358002,0.001789,2.42571,33738,3 0 2 1 4 5 6 7 ,0.0348251
youtube2007,8,sparse,48,38.9478,0.0100431,0.00354405,1236.61,1125141331153,2 3 1 4 7 0 5 6 ,28.493
youtube2007,8,sparse,49,0.548925,0.00680555,0.00303216,10.6317,36084522,7 3 2 5 0 4 6 1 ,0.183294
youtube2007,8,sparse,50,11.723,0.0101807,0.00365342,365.864,47409265568,5 6 0 2 4 1 7 3 ,6.37496
youtube2007,8,sparse,51,37.4801,0.00373865,0.00183492,1165,80147648530,5 2 7 4 1 6 3 0 ,26.9611
youtube2007,8,sparse,52,145.976,0.00360263,0.00179225,4414.32,4597625712847,0 3 5 6 7 2 4 1 ,119.939
youtube2007,8,sparse,53,1.18393,0.00985818,0.00340607,30.2891,374533618,2 3 4 0 5 6 1 7 ,0.641577
youtube2007,8,sparse,54,0.128187,0.0062278,0.00295144,3.02413,175996,0 4 3 5 7 6 1 2 ,0.0560929
youtube2007,8,sparse,55,0.564301,0.00610261,0.00294815,14.7361,74901,0 6 5 3 4 7 1 2 ,0.200633
youtube2007,8,sparse,56,610.638,0.00606671,0.00303929,19533.8,10766163506750,6 5 2 3 4 7 0 1 ,417.849
youtube2007,8,sparse,57,65.864,0.00425345,0.00189604,1962.19,52709740498,4 0 1 2 7 5 3 6 ,49.8702
youtube2007,8,sparse,58,0.134206,0.00141232,0.00109864,3.24427,618334,6 1 3 5 7 4 0 2 ,0.0148326
youtube2007,8,sparse,59,0.245872,0.00496488,0.0022922,5.31259,384423,4 5 2 0 3 1 6 7 ,0.0246468
youtube2007,8,sparse,60,111.863,0.0104598,0.00373751,3338.54,7349660548310,2 0 1 4 3 5 6 7 ,83.0226
youtube2007,8,sparse,61,1.61657,0.00603704,0.00298428,41.4519,50360120,0 1 5 4 3 2 7 6 ,0.844735
youtube2007,8,sparse,62,4.11374,0.00977363,0.00356012,120.728,5819592620,4 5 1 7 2 3 6 0 ,3.73348
youtube2007,8,sparse,63,2.07894,0.00393249,0.0018311,60.727,23493698411,1 4 5 3 7 6 0 2 ,1.98699
youtube2007,8,sparse,64,22.7549,0.00974062,0.00320725,698.839,275431361471,2 1 7 3 4 0 5 6 ,19.106
youtube2007,8,sparse,65,47.1102,0.00982977,0.0033676,1462.37,2072067943225,6 7 5 4 2 1 0 3 ,31.7089
youtube2007,8,sparse,66,13.7313,0.00508602,0.00230217,430.544,12586353921,4 5 1 6 7 0 2 3 ,6.64001
youtube2007,8,sparse,67,6.4681,0.0101198,0.00361323,192.879,4045457427,0 2 5 7 3 1 4 6 ,5.55717
youtube2007,8,sparse,68,3.47338,0.00129349,0.00124202,86.9895,6048768852,5 2 3 7 1 4 6 0 ,1.8048
youtube2007,8,sparse,69,0.345924,0.00360166,0.00182853,7.70697,771568,6 0 1 5 4 7 2 3 ,0.0548881
youtube2007,8,sparse,70,4.71777,0.00210764,0.0014193,144.825,13082101753,1 4 6 3 0 5 2 7 ,4.31289
youtube2007,8,sparse,71,0.454088,0.00391564,0.0016519,9.85587,26132,1 4 2 6 0 7 5 3 ,0.026241
youtube2007,8,sparse,72,16.1319,0.00352021,0.00175402,503.323,593219625388,3 5 7 0 6 1 4 2 ,11.2998
youtube2007,8,sparse,73,79.9325,0.00146059,0.0012229,2461.04,247214941549,3 5 6 4 7 0 1 2 ,65.1107
youtube2007,8,sparse,74,1.33511,0.00361396,0.00182404,34.4987,217284030,1 7 3 5 6 0 4 2 ,0.633591
youtube2007,8,sparse,75,0.644123,0.00358037,0.0019964,15.054,32165271,7 1 3 5 2 4 0 6 ,0.338897
youtube2007,8,sparse,76,492.173,0.00212889,0.00126964,14671.1,5735778233726,1 4 6 3 0 5 2 7 ,443.509
youtube2007,8,sparse,77,0.42848,0.00560246,0.00217988,9.97405,19720066,0 5 4 1 3 6 7 2 ,0.145978
youtube2007,8,sparse,78,1.43829,0.0046436,0.00205009,36.8076,281908678,3 0 6 4 7 1 5 2 ,0.700398
youtube2007,8,sparse,79,0.0746529,0.00116645,0.00100416,1.68638,1019974,2 3 4 6 5 1 0 7 ,0.0269438
youtube2007,8,sparse,80,533.837,0.00400193,0.00197684,16552.3,4754887170343,2 0 3 4 1 5 6 7 ,443.548
youtube2007,8,sparse,81,0.874204,0.00672848,0.00284992,22.3218,34042831,1 3 5 0 6 7 2 4 ,0.598754
youtube2007,8,sparse,82,0.15217,0.00333037,0.00173559,3.77177,28641757082,1 2 7 6 4 5 0 3 ,0.0765466
youtube2007,8,sparse,84,0.183555,0.0096506,0.00331676,4.58287,120209,2 1 0 5 6 7 3 4 ,0.073035
youtube2007,8,sparse,85,0.193058,0.00955979,0.00301381,4.50477,2042,5 7 3 4 6 1 0 2 ,0.0386108
youtube2007,8,sparse,86,6.8362,0.00200969,0.00127442,209.471,8791606868,7 5 0 1 2 6 4 3 ,5.55691
youtube2007,8,sparse,87,2.30025,0.00617633,0.00304056,61.3236,633891481,1 0 4 6 5 2 3 7 ,1.04525
youtube2007,8,sparse,88,7.50915,0.0101873,0.00375733,229.079,256382988,6 5 7 3 2 1 4 0 ,3.99014
youtube2007,8,sparse,89,0.128806,0.0103769,0.00347541,2.69607,157728,4 5 1 6 7 0 2 3 ,0.0431463
youtube2007,8,sparse,90,82.6812,0.0126862,0.00345853,2593.68,7977142375551,0 2 5 1 6 4 7 3 ,60.9943
youtube2007,8,sparse,91,9.54021,0.0071104,0.00295405,290.776,45977734959,1 5 4 2 6 7 0 3 ,5.07466
youtube2007,8,sparse,92,838.678,0.00430177,0.00199213,26099.4,13329894188062,6 0 7 1 3 4 5 2 ,737.978
youtube2007,8,sparse,94,0.229987,0.00990041,0.00373907,5.07164,1024858,3 5 7 6 4 0 1 2 ,0.042613
youtube2007,8,sparse,95,7.99337,0.00608581,0.00299901,247.156,198348860155,4 5 1 3 0 2 6 7 ,5.33749
youtube2007,8,sparse,97,1.99781,0.00501395,0.00240197,52.2699,654489948,7 1 2 0 3 4 5 6 ,0.953528
youtube2007,8,sparse,99,0.168312,0.00192654,0.000989624,4.03309,10737740,5 1 3 2 4 6 7 0 ,0.0359981
youtube2007,8,sparse,100,557.778,0.00423891,0.00176008,15153.4,11472287969713,1 0 4 7 5 2 6 3 ,422.874
