dataset,query_size,query_mode,query_index,elapsed_execution_time,filter_time,plan_time,enumerate_time,n_embeddings,order,max_task_time
orkut,8,dense,1,0.0605826,0.00151253,0.000805564,1.14977,718319,6 7 5 2 3 4 1 0 ,0.0397599
orkut,8,dense,2,0.131231,0.00112687,0.00077918,1.46763,2122314,3 5 6 7 2 0 4 1 ,0.112177
orkut,8,dense,3,0.0392174,0.00104809,0.000750806,0.647927,4243645,1 7 0 3 6 5 4 2 ,0.0212063
orkut,8,dense,4,0.123904,0.0010342,0.000827809,0.855335,447770,1 0 5 7 4 2 3 6 ,0.110381
orkut,8,dense,5,0.0499013,0.000940846,0.000774606,0.682217,1867295,0 1 2 3 5 4 6 7 ,0.0370531
orkut,8,dense,6,0.041265,0.000606009,0.000785212,0.661813,1517097,7 1 3 5 6 4 2 0 ,0.0280318
orkut,8,dense,7,0.046608,0.000654843,0.000823297,0.63066,86953,0 1 4 7 2 3 6 5 ,0.0352102
orkut,8,dense,8,0.0370371,0.000705771,0.000695666,0.568128,832973,5 7 4 6 3 1 2 0 ,0.0151796
orkut,8,dense,9,0.040049,0.00081107,0.000798191,0.600771,878765,4 7 1 3 6 5 0 2 ,0.025387
orkut,8,dense,10,0.0683219,0.000817906,0.000723745,0.695243,336581,4 1 2 0 3 5 6 7 ,0.0562143
orkut,8,dense,11,0.0416777,0.000861424,0.000683249,0.697201,3409886,0 2 3 5 4 7 6 1 ,0.0412083
orkut,8,dense,12,0.0380107,0.000923357,0.000938034,0.643072,41893,3 5 7 0 4 1 6 2 ,0.0193672
orkut,8,dense,13,0.0670889,0.000678411,0.000732128,0.679095,13113350,2 0 5 6 7 1 3 4 ,0.0550296
orkut,8,dense,14,0.0316963,0.000823397,0.000749672,0.489259,473717,3 5 2 0 1 7 4 6 ,0.0145991
orkut,8,dense,15,0.0481898,0.000837895,0.000761401,0.641618,477307,1 0 2 5 7 4 3 6 ,0.0365353
orkut,8,dense,16,0.0412037,0.000988574,0.00094046,0.666878,52467,5 6 1 3 4 2 0 7 ,0.0300837
orkut,8,dense,17,0.0459141,0.00089068,0.000732452,0.710917,480851,0 2 3 5 7 1 6 4 ,0.0316891
orkut,8,dense,18,0.0891396,0.00109847,0.000703578,0.776537,101888,1 5 2 7 0 3 4 6 ,0.0775229
orkut,8,dense,19,0.0748588,0.000933459,0.000993296,0.635231,664630,5 0 3 6 2 7 4 1 ,0.0633693
orkut,8,dense,20,0.0368915,0.000869124,0.000972882,0.614368,29231796,0 1 5 3 6 7 4 2 ,0.0254775
orkut,8,dense,21,0.0678793,0.000791719,0.00082539,0.773263,80712,0 1 2 6 7 5 3 4 ,0.0550422
orkut,8,dense,22,0.089824,0.00104877,0.000747274,0.863907,283362,0 5 4 3 6 1 2 7 ,0.0770413
orkut,8,dense,23,0.0373517,0.000932674,0.0009647,0.594221,3446020,5 0 2 7 1 4 3 6 ,0.0210856
orkut,8,dense,24,0.0377135,0.000573772,0.000744107,0.643296,2129524,7 1 3 6 5 2 4 0 ,0.0255735
orkut,8,dense,25,0.0606149,0.000661796,0.000634712,0.689326,3545761,3 0 2 5 1 4 6 7 ,0.0472174
orkut,8,dense,26,0.0492836,0.000819144,0.000645874,0.641421,244040,0 5 3 4 2 6 7 1 ,0.0380309
orkut,8,dense,27,0.194008,0.000834932,0.001058,1.22819,48329,3 4 5 6 1 2 0 7 ,0.177627
orkut,8,dense,28,0.312455,0.000773035,0.00074238,1.30958,19729269,0 1 3 6 4 2 5 7 ,0.201689
orkut,8,dense,29,0.0381627,0.00060651,0.0007908,0.55064,549592,6 7 0 4 5 1 3 2 ,0.0233416
orkut,8,dense,30,0.0324517,0.000964767,0.000925171,0.493626,1993620,0 2 5 1 3 4 6 7 ,0.0186749
orkut,8,dense,31,0.0372879,0.000972842,0.000729139,0.58753,797987,0 5 3 6 1 4 2 7 ,0.0255291
orkut,8,dense,32,0.0367366,0.000876201,0.00068696,0.624416,71261,0 6 7 1 3 2 4 5 ,0.0197231
orkut,8,dense,33,0.0337846,0.00101597,0.00077959,0.521171,2052619,0 1 2 3 6 4 7 5 ,0.0127038
orkut,8,dense,34,0.0359001,0.000614841,0.000768211,0.569451,784928,4 5 6 2 7 3 1 0 ,0.0228804
orkut,8,dense,35,0.0410011,0.000705294,0.000628913,0.597812,4389398,2 3 4 5 6 7 1 0 ,0.0289307
orkut,8,dense,36,0.0371878,0.000650519,0.000660022,0.566767,1200655,0 3 5 6 7 4 2 1 ,0.0334865
orkut,8,dense,37,0.0389621,0.00078636,0.00099819,0.5885,187779,1 3 5 4 2 0 7 6 ,0.0270379
orkut,8,dense,38,0.0374404,0.000950111,0.000631343,0.498771,755522,4 5 0 2 1 7 6 3 ,0.0173305
orkut,8,dense,39,0.148715,0.000798753,0.000684421,1.23656,166599,5 1 7 6 4 3 0 2 ,0.132522
orkut,8,dense,40,0.0346101,0.00108615,0.000733912,0.487023,5899798,0 3 1 2 6 5 7 4 ,0.0162899
orkut,8,dense,41,0.0368766,0.000845862,0.000723979,0.593194,230916,0 1 2 6 4 3 5 7 ,0.0169467
orkut,8,dense,42,0.0342546,0.000913771,0.000724348,0.504676,829116,4 7 3 5 6 1 2 0 ,0.0133147
orkut,8,dense,43,0.0390086,0.00079324,0.000663208,0.60814,106850,0 3 5 1 6 2 4 7 ,0.0279373
orkut,8,dense,44,0.036177,0.000740108,0.000711677,0.504707,2426282,2 5 3 7 1 6 4 0 ,0.0213717
orkut,8,dense,45,0.0324958,0.000977864,0.000739116,0.55168,6229287,2 0 3 1 4 5 6 7 ,0.0276624
orkut,8,dense,46,0.13102,0.00122315,0.000779327,0.917095,62796,3 0 1 7 6 5 4 2 ,0.116994
orkut,8,dense,47,0.0577658,0.000670507,0.000737172,0.806138,60414,6 0 1 3 2 7 5 4 ,0.0442387
orkut,8,dense,48,0.0302702,0.000940582,0.000747562,0.477711,122226,3 4 5 0 6 1 7 2 ,0.0157647
orkut,8,dense,49,0.0458012,0.000899148,0.000731541,0.603999,1109043,2 6 1 7 5 0 3 4 ,0.0351519
orkut,8,dense,50,0.108139,0.00112897,0.000709689,0.839748,432792,1 3 6 7 2 0 4 5 ,0.0958829
orkut,8,dense,51,0.0386909,0.000781365,0.00074112,0.551704,2917114,0 2 3 4 5 1 6 7 ,0.0280035
orkut,8,dense,52,0.101907,0.00082447,0.000716856,0.843272,2651687,2 1 3 5 4 6 7 0 ,0.0897643
orkut,8,dense,53,0.0362202,0.000773352,0.000638802,0.516972,7400846,3 5 0 4 6 2 7 1 ,0.0211254
orkut,8,dense,54,0.0376194,0.000750424,0.000746767,0.598182,86643,0 6 7 1 5 2 4 3 ,0.0240886
orkut,8,dense,55,0.035345,0.00104706,0.000691963,0.523683,466090,5 4 1 7 2 6 3 0 ,0.0240042
orkut,8,dense,56,0.110027,0.000639232,0.000656022,0.805932,2180718,3 0 2 4 7 6 5 1 ,0.0972948
orkut,8,dense,57,0.0334308,0.000975279,0.000763752,0.545541,242474,0 1 3 4 7 5 2 6 ,0.0196346
orkut,8,dense,58,0.0342309,0.00136648,0.000746566,0.536435,1704610,1 2 3 4 6 0 5 7 ,0.0234305
orkut,8,dense,59,0.0351381,0.000836193,0.00109976,0.518389,496773,0 7 5 4 6 2 3 1 ,0.023959
orkut,8,dense,60,0.0318961,0.000894954,0.000650454,0.534136,44102,1 6 7 0 2 3 4 5 ,0.016849
orkut,8,dense,61,0.0349312,0.000781288,0.000735395,0.524377,26973759,0 1 3 4 7 2 6 5 ,0.0124156
orkut,8,dense,62,0.164973,0.000700798,0.000650732,0.886832,1344853,4 2 3 6 7 0 5 1 ,0.154
orkut,8,dense,63,0.0349956,0.000583744,0.00072372,0.546509,2370397,0 2 4 5 3 1 6 7 ,0.0167445
orkut,8,dense,64,0.0344296,0.000843991,0.000725798,0.554222,3439603,3 6 0 1 5 2 4 7 ,0.0156399
orkut,8,dense,65,0.0320288,0.00086219,0.000906301,0.509938,276528,0 5 1 7 4 6 2 3 ,0.0143985
orkut,8,dense,66,0.346166,0.00117479,0.000756678,1.79147,98319,2 3 0 5 4 7 1 6 ,0.204178
orkut,8,dense,67,0.0326256,0.000883982,0.000717157,0.532673,3174636,1 3 0 2 4 5 7 6 ,0.0140238
orkut,8,dense,68,0.0343683,0.000797003,0.00076344,0.56505,470383,5 3 6 1 4 2 7 0 ,0.0125941
orkut,8,dense,69,0.0350837,0.000752993,0.000927363,0.56516,39866,4 0 2 1 7 5 3 6 ,0.0149731
orkut,8,dense,70,0.0316139,0.000919693,0.000814612,0.493444,445564,1 2 6 5 7 4 0 3 ,0.0164458
orkut,8,dense,71,0.0379487,0.000816485,0.000651868,0.580251,1801527,5 3 6 2 4 0 7 1 ,0.0266572
orkut,8,dense,72,0.0311719,0.000617885,0.000950214,0.474785,4322214,0 2 3 5 6 4 7 1 ,0.0177802
orkut,8,dense,73,0.0389871,0.000710889,0.000985282,0.557772,234693,4 5 0 2 3 1 7 6 ,0.0277691
orkut,8,dense,74,0.0362038,0.000680994,0.000754043,0.534377,105581,6 7 0 1 3 5 2 4 ,0.0154571
orkut,8,dense,75,0.0341131,0.00087236,0.000740273,0.545161,504633,2 0 5 3 4 6 7 1 ,0.0180425
orkut,8,dense,76,0.0343144,0.000634066,0.000703839,0.551793,1555368,1 3 5 2 6 7 4 0 ,0.0213726
orkut,8,dense,77,0.0423672,0.000911031,0.00064143,0.543317,310132,0 3 1 2 6 4 7 5 ,0.0322885
orkut,8,dense,78,0.038678,0.000694133,0.000753951,0.573411,857836,1 0 3 7 4 6 2 5 ,0.0208769
orkut,8,dense,79,0.0526402,0.00112086,0.000700456,0.622387,3641191,5 2 6 3 0 1 7 4 ,0.0413717
orkut,8,dense,80,0.0309504,0.000743228,0.000717491,0.494819,20931,1 2 5 0 4 3 6 7 ,0.0140038
orkut,8,dense,81,0.0339405,0.00088514,0.000752635,0.571396,35958,4 1 3 5 0 2 6 7 ,0.0171591
orkut,8,dense,82,0.0742287,0.000833154,0.00106069,0.842713,82485,3 1 4 7 2 5 0 6 ,0.0614412
orkut,8,dense,83,0.0338736,0.000779135,0.000996707,0.516329,1745618,0 1 3 5 2 6 4 7 ,0.0151785
orkut,8,dense,84,0.0358938,0.000724191,0.000976998,0.590459,36608,2 6 7 4 1 3 5 0 ,0.0244653
orkut,8,dense,85,0.0299665,0.000707444,0.000734084,0.459885,11578532,1 3 5 4 0 6 2 7 ,0.0140743
orkut,8,dense,86,0.0347476,0.000763468,0.000635807,0.535194,79959432,6 5 1 3 2 7 0 4 ,0.0215713
orkut,8,dense,87,0.0339275,0.00105431,0.000919425,0.541272,222379,5 6 7 2 3 0 1 4 ,0.018081
orkut,8,dense,88,0.097488,0.000736991,0.000745078,0.795297,169083,6 3 7 4 5 0 2 1 ,0.084965
orkut,8,dense,89,0.0471362,0.000867497,0.000980254,0.614133,1573170,3 1 2 7 6 5 4 0 ,0.036681
orkut,8,dense,90,0.0347729,0.000765529,0.000737886,0.562304,79559,1 0 7 2 6 4 5 3 ,0.0220553
orkut,8,dense,91,0.0361859,0.00103924,0.000803342,0.52983,1874277,0 4 1 5 6 2 3 7 ,0.0176158
orkut,8,dense,92,0.0572917,0.000675238,0.000769528,0.609533,2154545,2 3 0 1 7 5 4 6 ,0.0461716
orkut,8,dense,93,0.0357965,0.000838825,0.00080778,0.592377,86190,0 1 3 2 5 6 7 4 ,0.0243426
orkut,8,dense,94,0.0332564,0.00103786,0.000686009,0.522128,217955,2 3 6 7 1 4 5 0 ,0.023339
orkut,8,dense,95,0.138843,0.000839423,0.00101114,1.01099,129107,5 6 0 2 3 1 4 7 ,0.125791
orkut,8,dense,96,0.0462692,0.00101936,0.001055,0.63831,49136,0 1 3 4 5 7 6 2 ,0.0339082
orkut,8,dense,97,0.0344344,0.000935843,0.00092875,0.524929,169275,1 2 0 4 6 3 5 7 ,0.024597
orkut,8,dense,98,0.0449334,0.000767173,0.000727931,0.596927,6559768,2 3 0 4 5 1 6 7 ,0.0353871
orkut,8,dense,99,0.0391832,0.000960581,0.0007041,0.566863,10965512,3 5 0 4 1 2 6 7 ,0.0285364
orkut,8,dense,100,0.0429366,0.000636517,0.00069802,0.523022,19363130,4 7 0 5 6 1 3 2 ,0.0330362
orkut,8,sparse,1,0.353913,0.00109645,0.000939693,2.2448,155913823,1 0 5 6 2 3 7 4 ,0.216399
orkut,8,sparse,2,0.262059,0.00129465,0.0009052,2.0233,33553669,3 0 2 5 7 6 1 4 ,0.202166
orkut,8,sparse,3,0.0578238,0.000754018,0.000723229,0.919747,1469201,0 1 2 4 5 3 7 6 ,0.033454
orkut,8,sparse,4,0.0370775,0.00104396,0.000597117,0.564582,23526117,0 1 2 4 3 5 7 6 ,0.0206392
orkut,8,sparse,5,0.0329477,0.00107122,0.000615178,0.47781,3042220,4 0 6 5 1 3 2 7 ,0.0142421
orkut,8,sparse,6,0.230951,0.000791211,0.000599231,1.08411,1013013448,3 0 2 1 6 5 7 4 ,0.213918
orkut,8,sparse,7,0.249337,0.00115565,0.000723988,1.84184,4026379,4 0 6 3 5 7 1 2 ,0.2031
orkut,8,sparse,8,0.0394112,0.00109798,0.000981897,0.58776,651677125,7 2 3 5 4 1 0 6 ,0.0259407
orkut,8,sparse,9,0.147779,0.000742294,0.000893664,1.5613,27276848,5 2 6 0 1 7 3 4 ,0.124993
orkut,8,sparse,10,0.0478412,0.00082973,0.000835629,0.591807,70935632,4 5 6 7 2 0 1 3 ,0.0363156
orkut,8,sparse,11,0.133951,0.000546078,0.000729084,0.823431,41016725,7 1 6 2 4 5 0 3 ,0.123871
orkut,8,sparse,12,0.0309959,0.000689477,0.000961086,0.461434,36613295,3 7 0 4 1 2 6 5 ,0.0120269
orkut,8,sparse,13,1.82136,0.000587794,0.000647652,21.754,210204263,5 6 3 4 7 1 0 2 ,0.4691
orkut,8,sparse,14,0.445676,0.0007865,0.00103385,2.57308,16368879,0 4 5 2 6 3 1 7 ,0.206982
orkut,8,sparse,15,0.0822782,0.000963803,0.000709001,0.878188,129324939,5 6 2 4 7 0 3 1 ,0.070161
orkut,8,sparse,16,0.0313979,0.0007275,0.00100804,0.474132,3491358,3 0 2 1 4 6 5 7 ,0.0157351
orkut,8,sparse,17,0.038673,0.00111833,0.000802531,0.53128,7174466252,0 3 5 7 2 4 6 1 ,0.0294823
orkut,8,sparse,18,0.0667737,0.00100416,0.000765318,1.04514,235463640,2 0 4 6 1 5 7 3 ,0.0517138
orkut,8,sparse,19,0.0646586,0.000687464,0.000746372,0.928366,7035951,5 0 2 3 7 6 4 1 ,0.0512086
orkut,8,sparse,20,0.053013,0.00103653,0.000945303,0.846009,68766188,0 3 1 2 5 6 4 7 ,0.0392716
orkut,8,sparse,21,0.0460113,0.00142329,0.000743934,0.621487,8157848,1 4 5 6 7 3 2 0 ,0.0344091
orkut,8,sparse,22,0.223368,0.000809588,0.000735395,1.27486,35838711,4 2 3 6 0 1 5 7 ,0.204038
orkut,8,sparse,23,0.0483907,0.00143305,0.000614331,0.593375,757901461,3 4 1 2 5 0 7 6 ,0.038061
orkut,8,sparse,24,0.0649725,0.00100237,0.000669894,0.693824,99195520,4 2 7 6 0 1 3 5 ,0.0538975
orkut,8,sparse,25,0.346238,0.000885425,0.000894911,1.39245,8203658,5 3 4 6 7 0 2 1 ,0.203458
orkut,8,sparse,26,0.984846,0.00113492,0.00106212,9.36543,90808455,1 5 7 0 3 6 2 4 ,0.262382
orkut,8,sparse,27,0.0764551,0.00091526,0.000640994,0.682335,34188630,1 3 4 6 5 7 0 2 ,0.0649346
orkut,8,sparse,28,0.445887,0.000601942,0.000713779,2.80144,92861945,0 5 6 2 3 4 1 7 ,0.242215
orkut,8,sparse,29,0.127179,0.000832789,0.000644452,0.757958,318555018,1 3 4 6 7 5 0 2 ,0.116468
orkut,8,sparse,30,0.0364455,0.00133922,0.000566558,0.538991,6936870135,2 5 6 1 3 4 7 0 ,0.0243756
orkut,8,sparse,31,0.0349246,0.000837733,0.00067336,0.531701,176310970,2 4 5 6 0 1 7 3 ,0.0174816
orkut,8,sparse,32,0.131023,0.000552134,0.000988721,1.0762,184990017,1 4 2 7 3 5 6 0 ,0.117546
orkut,8,sparse,33,0.270012,0.000936642,0.000731573,1.29778,31596444,4 0 3 2 1 5 6 7 ,0.20739
orkut,8,sparse,34,0.0567327,0.00113079,0.00062407,0.60507,417744825,5 7 2 3 1 4 6 0 ,0.0461176
orkut,8,sparse,35,0.28248,0.000775054,0.000723723,1.73878,2169441,4 0 3 7 5 6 2 1 ,0.202596
orkut,8,sparse,36,0.0388702,0.0013036,0.000753426,0.593996,4689733,1 2 7 4 3 5 0 6 ,0.0248788
orkut,8,sparse,37,0.688456,0.000734622,0.000932956,4.91396,12514511,2 4 5 1 0 6 3 7 ,0.211649
orkut,8,sparse,38,0.0339982,0.000747423,0.000676995,0.494812,85193202,3 0 1 4 5 2 6 7 ,0.016758
orkut,8,sparse,39,0.0505659,0.000842428,0.000941761,0.543488,231061233,4 2 5 7 0 3 1 6 ,0.0387472
orkut,8,sparse,40,0.0395776,0.000844358,0.000682712,0.593454,152094953,1 0 3 5 4 6 7 2 ,0.0253022
orkut,8,sparse,41,0.0464077,0.000541151,0.000702202,0.647985,37304323,1 2 6 4 5 3 7 0 ,0.0341736
orkut,8,sparse,42,0.217778,0.000828954,0.000700403,1.02184,52987143,1 5 6 4 7 3 0 2 ,0.203002
orkut,8,sparse,43,0.100162,0.00100525,0.00100503,1.1942,18661953,1 5 3 0 2 4 6 7 ,0.0827428
orkut,8,sparse,44,0.0353078,0.000889837,0.000901103,0.558199,303782321,0 3 4 6 5 2 1 7 ,0.0191641
orkut,8,sparse,45,0.0334087,0.00069846,0.000595565,0.466431,358218952,0 2 3 4 1 5 6 7 ,0.0120077
orkut,8,sparse,46,0.076011,0.000646767,0.000711427,0.665186,60490894,5 3 4 6 1 2 0 7 ,0.0725948
orkut,8,sparse,47,0.12342,0.000589572,0.000713089,0.89455,81804683,0 1 6 7 3 4 5 2 ,0.109697
orkut,8,sparse,48,0.0384426,0.000811802,0.000820291,0.530823,20609844401,1 0 3 4 2 6 7 5 ,0.0260138
orkut,8,sparse,49,0.0581415,0.000656927,0.000694517,0.823764,95526817,0 3 5 4 1 7 6 2 ,0.0451386
orkut,8,sparse,50,0.0949733,0.000901757,0.000723287,0.631078,1133493399,4 2 0 7 1 3 6 5 ,0.0840183
orkut,8,sparse,51,0.0369097,0.000853424,0.00069545,0.567095,84301806,1 0 2 3 4 6 5 7 ,0.0177261
orkut,8,sparse,52,0.0401912,0.000805005,0.000594027,0.608956,1417027903,6 4 5 1 0 3 7 2 ,0.0300825
orkut,8,sparse,53,0.205137,0.000916655,0.00069414,0.833277,9160327,0 2 3 4 6 5 7 1 ,0.194165
orkut,8,sparse,54,0.212499,0.00062528,0.000622585,1.41625,3746747,0 1 2 6 4 5 3 7 ,0.200934
orkut,8,sparse,55,0.0633914,0.000980438,0.000746491,0.769475,167478013,4 6 2 5 7 3 0 1 ,0.0499939
orkut,8,sparse,56,0.253069,0.000769421,0.000650507,1.20981,15869848,0 4 7 1 2 3 5 6 ,0.232754
orkut,8,sparse,57,0.15096,0.000785871,0.000720378,1.01782,52061678,5 1 2 6 3 7 4 0 ,0.138782
orkut,8,sparse,58,0.443153,0.00102037,0.000930752,1.34889,129528378,1 4 7 3 6 5 2 0 ,0.295435
orkut,8,sparse,59,0.233546,0.000904151,0.000736181,1.33932,110852721,0 1 4 5 2 3 6 7 ,0.209027
orkut,8,sparse,60,0.0987629,0.000917169,0.000731667,0.851895,73035248,0 6 1 5 2 4 3 7 ,0.0871525
orkut,8,sparse,61,0.0329334,0.00115796,0.000957332,0.485904,163093189278,0 1 5 4 6 2 7 3 ,0.0180591
orkut,8,sparse,62,0.0346501,0.000861551,0.000874662,0.528653,6689138,7 4 6 0 5 1 2 3 ,0.0206203
orkut,8,sparse,63,0.0353472,0.000761279,0.000638704,0.497225,64843996,0 4 2 3 6 1 7 5 ,0.0171915
orkut,8,sparse,64,0.362833,0.00084482,0.000828213,1.76432,99466641,1 0 2 3 5 4 6 7 ,0.204221
orkut,8,sparse,65,0.45852,0.000954871,0.000846592,2.27749,3923620406,1 3 4 6 5 0 7 2 ,0.275258
orkut,8,sparse,66,0.0325588,0.000823658,0.000577727,0.483098,2267258441,0 3 6 1 4 2 7 5 ,0.0119892
orkut,8,sparse,67,0.236436,0.000758239,0.000930196,1.06447,344039194,3 5 0 2 4 6 1 7 ,0.22031
orkut,8,sparse,68,0.85919,0.000582326,0.000860812,6.32649,273966630,1 4 0 2 3 5 6 7 ,0.383317
orkut,8,sparse,69,0.252993,0.00075317,0.000883647,1.38848,31456870,4 0 6 3 5 7 1 2 ,0.213396
orkut,8,sparse,70,0.143765,0.00126761,0.000935368,1.24637,1786168,3 0 2 4 5 1 7 6 ,0.129399
orkut,8,sparse,71,0.0382259,0.00105162,0.000818267,0.544082,23907520,0 1 5 6 7 3 4 2 ,0.0234493
orkut,8,sparse,72,0.170573,0.000998846,0.000851708,1.58427,18048580,0 2 4 5 7 1 6 3 ,0.151964
orkut,8,sparse,73,0.0381421,0.00113197,0.000801445,0.567413,10517516884,0 2 1 3 4 5 6 7 ,0.0347708
orkut,8,sparse,74,0.0754021,0.00110074,0.000709181,0.649662,766258107,7 0 2 4 1 3 5 6 ,0.0650498
orkut,8,sparse,75,0.19487,0.000948612,0.000699679,0.958568,332022566,2 4 3 5 6 0 1 7 ,0.184176
orkut,8,sparse,76,0.066928,0.00065944,0.000691856,0.649582,232763274,0 6 3 4 1 5 7 2 ,0.0563196
orkut,8,sparse,77,0.0520398,0.00106561,0.000682075,0.62298,250132390,1 2 3 4 6 5 0 7 ,0.0459405
orkut,8,sparse,78,0.0433082,0.00092573,0.000697237,0.596217,465241707,0 4 6 7 2 3 5 1 ,0.0324524
orkut,8,sparse,79,0.158851,0.00129078,0.000890069,2.24213,7008744,1 2 3 5 7 4 6 0 ,0.13225
orkut,8,sparse,80,0.0765091,0.00124857,0.000635632,0.645986,21521647,5 0 3 6 4 1 2 7 ,0.0655263
orkut,8,sparse,81,0.106191,0.0008667,0.000666686,1.07923,292122423,2 1 3 6 0 5 4 7 ,0.0931976
orkut,8,sparse,82,0.0864685,0.000779823,0.000610866,0.72773,41304099,6 1 5 2 7 0 3 4 ,0.0745343
orkut,8,sparse,83,0.11099,0.000878783,0.000742422,0.947548,58158904,3 5 6 1 0 4 7 2 ,0.0982053
orkut,8,sparse,84,0.0564714,0.00057338,0.000694456,0.634048,279170972,6 3 4 1 2 5 0 7 ,0.0500386
orkut,8,sparse,85,0.187226,0.00109907,0.000684822,0.926175,4682498,4 5 6 0 1 3 2 7 ,0.174455
orkut,8,sparse,86,0.0558998,0.00127754,0.000739299,0.68947,50730079,2 4 0 1 6 3 5 7 ,0.0447901
orkut,8,sparse,87,0.0355958,0.000935076,0.000898596,0.527955,7123295,2 4 1 6 0 3 7 5 ,0.0219452
orkut,8,sparse,88,0.0671501,0.00118857,0.000698148,0.661718,690115599,5 6 0 3 1 2 4 7 ,0.0557421
orkut,8,sparse,89,0.3762,0.000897734,0.000660246,1.85877,52596401,0 1 7 5 3 4 6 2 ,0.207728
orkut,8,sparse,90,0.0350685,0.001035,0.000735433,0.509358,56605573,0 1 3 2 4 7 5 6 ,0.0190703
orkut,8,sparse,91,0.0394282,0.000890958,0.000701958,0.56724,228034967,1 2 3 5 0 4 7 6 ,0.0289671
orkut,8,sparse,92,0.0376291,0.000737729,0.000668112,0.548414,6163576359,2 4 5 6 1 3 0 7 ,0.0225873
orkut,8,sparse,93,0.192181,0.000823449,0.000678767,1.05843,20232912,4 0 1 2 6 5 3 7 ,0.17984
orkut,8,sparse,94,0.0338414,0.00109957,0.000607467,0.489238,3797103790,1 0 5 3 4 7 2 6 ,0.0195744
orkut,8,sparse,95,0.0363051,0.00072908,0.000688623,0.539152,98833927,6 4 5 7 0 2 3 1 ,0.0250824
orkut,8,sparse,96,0.0506859,0.000811267,0.00105209,0.617722,6030455,7 0 2 1 4 6 3 5 ,0.0395741
orkut,8,sparse,97,0.186851,0.000904094,0.000745432,2.02825,41239012,6 3 7 1 2 0 4 5 ,0.177575
orkut,8,sparse,98,0.0694362,0.000780188,0.000705338,0.672225,6511010115,3 1 7 0 2 5 4 6 ,0.0592125
orkut,8,sparse,99,0.037568,0.000723024,0.000607779,0.525617,4673748521,4 5 0 2 3 6 1 7 ,0.0277293
orkut,8,sparse,100,0.0351894,0.000638926,0.000579338,0.527129,43231350,0 5 6 2 1 4 3 7 ,0.0122146
