dataset,query_size,query_mode,query_index,elapsed_execution_time,filter_time,plan_time,enumerate_time,n_embeddings,order,max_task_time
youtube2007,8,dense,1,202.291,0.121166,1.21793,6436.07,1304704230570,mixed,125.046
youtube2007,8,dense,2,629.624,0.157487,2.53386,20132.1,1944333279323,mixed,496.19
youtube2007,8,dense,3,110.133,0.4182,10.1662,3284.04,355231479177,mixed,101.406
youtube2007,8,dense,4,2.08109,0.13747,0.520687,59.4431,905485938,mixed,1.18444
youtube2007,8,dense,5,0.0279329,0.107769,0.0190135,0.64081,37928,mixed,0.0178078
youtube2007,8,dense,6,2.08441,0.281973,3.44423,59.3749,2078402394,mixed,1.73856
youtube2007,8,dense,7,156.743,0.0911442,1.35897,4700.34,335740935534,mixed,125.799
youtube2007,8,dense,9,0.0558021,0.0617295,0.0525777,0.895603,1796513,mixed,0.0443116
youtube2007,8,dense,10,26.1104,0.189505,2.51959,760.762,30074837469,mixed,6.15425
youtube2007,8,dense,11,352.117,0.17557,5.61496,11254.1,4643680434596,mixed,289.543
youtube2007,8,dense,12,0.0461065,0.0762968,0.0350964,0.665983,1166590,mixed,0.0314173
youtube2007,8,dense,13,905.183,0.306308,5.54172,27566.6,2439015622385,mixed,663.544
youtube2007,8,dense,14,0.435824,0.115598,0.135521,10.4769,467322693,mixed,0.314926
youtube2007,8,dense,15,23.28,0.176721,3.14841,728.745,83621425335,mixed,14.373
youtube2007,8,dense,17,97.2022,0.0550299,0.919126,3076.1,340644655268,mixed,68.6206
youtube2007,8,dense,18,0.0936266,0.100584,0.0876754,2.06597,275229,mixed,0.030616
youtube2007,8,dense,19,0.147123,0.119236,0.0840918,2.90074,2444936,mixed,0.0850611
youtube2007,8,dense,20,5.84231,0.407951,4.00954,167.891,1110842969,mixed,5.60742
youtube2007,8,dense,21,0.129858,0.120581,0.105536,2.59362,13491868,mixed,0.0965429
youtube2007,8,dense,22,71.7601,0.265624,3.22239,2273.47,75657970767,mixed,39.3937
youtube2007,8,dense,23,0.403733,0.0873934,0.343263,8.68348,4397255,mixed,0.355058
youtube2007,8,dense,24,9.91372,0.110155,1.03264,278.737,9586384619,mixed,4.84323
youtube2007,8,dense,25,591.343,0.113424,1.93501,17500.1,564177933989,mixed,570.532
youtube2007,8,dense,26,0.0581713,0.0900203,0.0468148,1.42544,162032,mixed,0.0344707
youtube2007,8,dense,27,0.078559,0.167915,0.136062,1.43641,565319,mixed,0.0632968
youtube2007,8,dense,28,0.0376493,0.125465,0.0186437,0.701637,209248,mixed,0.0163079
youtube2007,8,dense,29,1.25114,0.189843,0.980949,31.1365,91068504,mixed,0.793793
youtube2007,8,dense,30,5.14774,0.135336,1.15112,148.379,28310969676,mixed,3.41174
youtube2007,8,dense,31,0.552706,0.164346,0.580313,11.783,73058160,mixed,0.161981
youtube2007,8,dense,32,2.48593,0.348747,2.37335,67.4272,1468227389,mixed,1.38656
youtube2007,8,dense,34,550.406,0.110847,1.39536,16662.6,2054610200047,mixed,407.38
youtube2007,8,dense,35,0.0591,0.0739303,0.0307975,1.19275,935485,mixed,0.0499545
youtube2007,8,dense,37,115.191,0.462545,9.14172,3413.79,56926402385,mixed,71.624
youtube2007,8,dense,38,401.182,0.288531,4.56043,11976.6,7203959831160,mixed,278.245
youtube2007,8,dense,39,0.031667,0.0471113,0.00908289,0.700004,114182,mixed,0.0163165
youtube2007,8,dense,40,1.70122,0.18113,0.594191,46.6632,319003190,mixed,0.915275
youtube2007,8,dense,41,1.43534,0.158254,1.18508,36.7028,562997708,mixed,1.09989
youtube2007,8,dense,42,0.540443,0.159104,0.523947,12.1609,889508800,mixed,0.394531
youtube2007,8,dense,43,179.203,0.144571,1.91824,5723.06,1336174314495,mixed,168.613
youtube2007,8,dense,44,36.6165,0.418464,6.43539,1140.97,63603910274,mixed,27.6853
youtube2007,8,dense,45,7.28298,0.218948,0.961021,213.41,2729183019,mixed,4.08671
youtube2007,8,dense,46,59.6967,0.196885,4.59914,1879.96,507907948981,mixed,40.6072
youtube2007,8,dense,47,5.02796,0.378095,1.81376,146.908,8636631393,mixed,3.48179
youtube2007,8,dense,48,0.0100761,0.0938417,0.00473346,0.114646,11604,mixed,0.00716019
youtube2007,8,dense,50,0.0271186,0.0287695,0.00681137,0.594729,28079,mixed,0.0136222
youtube2007,8,dense,51,1.9268,0.249084,0.793465,53.1099,1673377853,mixed,0.96843
youtube2007,8,dense,52,0.0106548,0.108687,0.00529892,0.14114,1759,mixed,0.00727217
youtube2007,8,dense,53,0.0282006,0.0913112,0.00977264,0.670753,21807,mixed,0.0125712
youtube2007,8,dense,54,1.24172,0.175327,1.45662,30.8885,71999588,mixed,0.218597
youtube2007,8,dense,56,0.0381359,0.111459,0.00888598,0.890032,28559,mixed,0.012789
youtube2007,8,dense,57,97.4193,0.441087,7.32896,3108.4,296701768980,mixed,75.4213
youtube2007,8,dense,58,34.9921,0.127913,0.913799,1113.31,80475040022,mixed,20.8058
youtube2007,8,dense,60,0.0729743,0.0625305,0.0479669,1.48983,857912,mixed,0.0280921
youtube2007,8,dense,61,609.012,0.499124,11.8114,18339.1,22208852683894,mixed,398.75
youtube2007,8,dense,62,0.348479,0.0800576,0.0620589,7.3235,28048280,mixed,0.19443
youtube2007,8,dense,63,0.334816,0.162441,0.407615,7.8051,76220983,mixed,0.159604
youtube2007,8,dense,64,0.247572,0.113852,0.561022,5.44956,11603776,mixed,0.101228
youtube2007,8,dense,67,0.202659,0.14616,0.186718,4.78996,5624892,mixed,0.121911
youtube2007,8,dense,68,0.374807,0.153429,0.156026,8.95793,9340899,mixed,0.0953889
youtube2007,8,dense,69,0.213168,0.133575,0.178599,5.06867,1232423,mixed,0.0462841
youtube2007,8,dense,70,431.239,0.153591,1.88475,11042.8,591448566080,mixed,370.642
youtube2007,8,dense,72,227.561,0.105009,1.33696,7112.33,1250100763806,mixed,158.697
youtube2007,8,dense,73,0.0903222,0.0683759,0.0453235,1.78765,12950230,mixed,0.0706559
youtube2007,8,dense,74,114.227,0.187244,4.16574,3609.75,1323420786930,mixed,71.3339
youtube2007,8,dense,75,0.428862,0.117216,0.114522,10.8983,1030088,mixed,0.0301615
youtube2007,8,dense,76,61.8479,0.10624,1.57127,1916.64,28290121663,mixed,50.5243
youtube2007,8,dense,77,60.8889,0.254861,3.7725,1931.95,15568474914,mixed,38.1626
youtube2007,8,dense,78,2.30803,0.091191,0.316223,54.6618,4656768079,mixed,1.78187
youtube2007,8,dense,79,1.03683,0.162104,0.646965,26.3266,4407631213,mixed,0.651042
youtube2007,8,dense,80,541.488,0.158764,2.1496,15032.4,772714916775,mixed,440.763
youtube2007,8,dense,81,20.8055,0.341516,5.0882,545.659,4925662512,mixed,18.6914
youtube2007,8,dense,82,912.457,0.139856,1.63809,27079.6,1281878043670,mixed,810.104
youtube2007,8,dense,84,2.49937,0.168854,1.76034,73.6518,5765328428,mixed,1.4843
youtube2007,8,dense,85,0.184266,0.186276,0.149545,4.08889,22180859,mixed,0.0651524
youtube2007,8,dense,86,18.8257,0.373423,6.49444,572.511,20871361977,mixed,13.5503
youtube2007,8,dense,87,0.499272,0.110749,0.0759619,11.4312,568386735,mixed,0.275805
youtube2007,8,dense,89,4.71057,0.16543,2.07006,128.88,726753039,mixed,2.6645
youtube2007,8,dense,90,0.0275964,0.10549,0.00936455,0.639673,3698,mixed,0.0124453
youtube2007,8,dense,91,7.95306,0.137939,1.89926,246.437,14065865196,mixed,6.96285
youtube2007,8,dense,92,24.4654,0.17705,1.93537,756.23,14718039248,mixed,14.087
youtube2007,8,dense,94,1.1068,0.198844,1.42034,26.5187,128830004,mixed,0.514846
youtube2007,8,dense,95,1.72299,0.148422,0.616046,49.0216,8128678614,mixed,1.04688
youtube2007,8,dense,96,744.241,0.466133,10.392,23770.3,107344189179706,mixed,513.717
youtube2007,8,dense,97,321.998,0.450027,10.4171,9806.22,11551852297414,mixed,239.919
youtube2007,8,dense,98,2.05996,0.0452942,0.139339,55.0053,3867011564,mixed,1.17597
youtube2007,8,dense,99,0.0234092,0.0686387,0.0170393,0.463629,21995,mixed,0.0167069
youtube2007,8,dense,100,384.647,0.133462,2.95879,11027.8,1695310095988,mixed,253.231
youtube2007,8,sparse,1,0.0786524,0.0958478,0.0439616,1.45394,6801281,mixed,0.0612481
youtube2007,8,sparse,2,3.9612,0.158649,1.55342,103.589,21830099425,mixed,1.62015
youtube2007,8,sparse,5,0.607698,0.059531,0.0691592,10.9205,447209421,mixed,0.557309
youtube2007,8,sparse,6,0.531086,0.241261,0.335124,11.3029,202680341,mixed,0.291937
youtube2007,8,sparse,7,0.0820512,0.114019,0.0577248,1.60968,94999955,mixed,0.0470161
youtube2007,8,sparse,8,2.17046,0.0880898,0.807911,58.1317,2025500362,mixed,1.57518
youtube2007,8,sparse,10,0.00589618,0.120029,0.00363758,0.0306719,38499,mixed,0.00240514
youtube2007,8,sparse,11,831.387,0.0794986,1.24666,23129.6,592603075835,mixed,672.591
youtube2007,8,sparse,12,133.9,0.139449,4.21981,3957.1,125775247941,mixed,92.6811
youtube2007,8,sparse,13,9.71159,0.204653,6.38535,291.651,1556865196,mixed,7.2955
youtube2007,8,sparse,14,14.6879,0.34372,6.61632,387.371,10218984832,mixed,13.1555
youtube2007,8,sparse,15,0.128095,0.153844,0.46427,2.01413,388611357,mixed,0.0584098
youtube2007,8,sparse,16,3.98275,0.228229,3.14084,72.7715,719194911,mixed,0.763653
youtube2007,8,sparse,17,177.862,0.0367958,0.527889,4962.9,395398561981,mixed,150.245
youtube2007,8,sparse,18,132.056,0.119094,0.319908,260.982,24488001449,mixed,131.343
youtube2007,8,sparse,19,0.0868259,0.151169,0.16484,1.92082,80157,mixed,0.0382108
youtube2007,8,sparse,20,83.8801,0.357559,4.09246,2246.08,162093380792,mixed,69.6054
youtube2007,8,sparse,21,0.278481,0.104647,0.13849,6.00507,7542769,mixed,0.112373
youtube2007,8,sparse,23,0.133341,0.144648,0.171936,3.07199,6328838,mixed,0.107374
youtube2007,8,sparse,24,4.23993,0.183198,2.96243,121.549,7629220299,mixed,2.7266
youtube2007,8,sparse,25,1.53203,0.0444759,0.452549,35.6302,1923620631,mixed,0.442971
youtube2007,8,sparse,26,0.680299,0.178877,0.858535,15.9865,77866313,mixed,0.190506
youtube2007,8,sparse,27,88.3917,0.0553465,0.668201,2769.66,424039097103,mixed,68.7404
youtube2007,8,sparse,28,1.39615,0.237629,2.16356,37.3097,30794348148,mixed,0.730652
youtube2007,8,sparse,29,0.0601911,0.0566503,0.0543014,1.10129,262205,mixed,0.0415782
youtube2007,8,sparse,30,520.641,0.356461,7.81965,14945.3,1553252338654,mixed,372.527
youtube2007,8,sparse,31,1.94735,0.376255,2.40132,45.3032,5859646000,mixed,1.33036
youtube2007,8,sparse,32,8.97044,0.151404,0.443783,253.049,12519768722,mixed,8.39392
youtube2007,8,sparse,33,0.358086,0.0870843,0.190172,7.65843,84169176,mixed,0.125475
youtube2007,8,sparse,34,0.142322,0.0613615,0.10661,2.96814,1507735,mixed,0.0564773
youtube2007,8,sparse,36,1.95556,0.306905,2.4613,49.9421,522870260,mixed,1.19205
youtube2007,8,sparse,38,7.59389,0.371841,4.13906,184.617,263842843252,mixed,6.9205
youtube2007,8,sparse,39,0.0156049,0.106011,0.00538005,0.209637,3037,mixed,0.00767447
youtube2007,8,sparse,40,1.60239,0.193995,1.88218,36.9334,56562762953,mixed,1.08638
youtube2007,8,sparse,41,0.911159,0.162508,1.33697,19.0979,96660576,mixed,0.498091
youtube2007,8,sparse,42,26.2005,0.0930471,0.736665,688.587,54161194333,mixed,19.4204
youtube2007,8,sparse,43,7.30018,0.14235,0.886704,211.582,5519602526,mixed,6.40856
youtube2007,8,sparse,44,4.4401,0.213059,4.38137,78.9256,15269104973,mixed,3.79491
youtube2007,8,sparse,45,0.443541,0.155517,0.42522,9.00335,119899767,mixed,0.212059
youtube2007,8,sparse,46,1.38773,0.350932,2.31144,22.8615,72308120782,mixed,0.336615
youtube2007,8,sparse,47,0.0203717,0.09452,0.041533,0.37284,33738,mixed,0.0159179
youtube2007,8,sparse,48,69.2038,0.402842,4.42994,2109.8,1125141331153,mixed,40.4292
youtube2007,8,sparse,49,0.358299,0.17631,0.455094,7.47759,36084522,mixed,0.256934
youtube2007,8,sparse,50,19.245,0.386116,6.19331,590.225,47409265568,mixed,16.6634
youtube2007,8,sparse,51,8.02641,0.120799,1.92912,241.355,34136792637,mixed,5.11905
youtube2007,8,sparse,52,189.66,0.116722,2.0137,6037.72,4597625712847,mixed,176.359
youtube2007,8,sparse,53,1.65792,0.331486,2.02783,31.6949,374533618,mixed,1.22636
youtube2007,8,sparse,54,0.060055,0.139997,0.0981009,1.24623,175996,mixed,0.0476474
youtube2007,8,sparse,55,0.0184915,0.0746918,0.0115686,0.295615,74901,mixed,0.0124432
youtube2007,8,sparse,56,512.256,0.244903,5.53167,15604.4,10766163506750,mixed,207.723
youtube2007,8,sparse,57,20.1452,0.165282,2.987,572.291,52709740498,mixed,12.7182
youtube2007,8,sparse,58,0.047346,0.108583,0.0141473,1.08176,618334,mixed,0.014955
youtube2007,8,sparse,59,0.0277417,0.147518,0.0500309,0.578709,384423,mixed,0.0240158
youtube2007,8,sparse,60,177.803,0.362965,11.4259,5483.97,7349241216191,mixed,106.318
youtube2007,8,sparse,61,0.378889,0.133857,0.488165,8.28993,50360120,mixed,0.216711
youtube2007,8,sparse,62,3.72648,0.242864,0.949738,96.3017,5819592620,mixed,2.20806
youtube2007,8,sparse,63,2.94378,0.123764,0.544959,85.2661,23493698397,mixed,2.56296
youtube2007,8,sparse,64,185.25,0.345104,4.173,5457.85,275992254589,mixed,169.776
youtube2007,8,sparse,65,54.2732,0.352262,8.78794,1681.94,2072067943225,mixed,45.9539
youtube2007,8,sparse,66,2.06116,0.136085,0.936214,56.0139,11125542072,mixed,1.15094
youtube2007,8,sparse,67,3.0111,0.332837,1.58864,68.0631,4045457427,mixed,2.58814
youtube2007,8,sparse,68,61.1541,0.0447484,1.14995,1530.36,95415247450,mixed,17.9305
youtube2007,8,sparse,69,0.045229,0.095808,0.0639052,0.808717,771568,mixed,0.0384045
youtube2007,8,sparse,70,4.96506,0.0800829,1.08464,131.824,13082101753,mixed,3.26178
youtube2007,8,sparse,71,0.0644502,0.106237,0.0325267,1.56772,26132,mixed,0.0160669
youtube2007,8,sparse,72,286.324,0.11052,2.69119,6289.18,593219625388,mixed,111.157
youtube2007,8,sparse,73,80.2084,0.0494972,0.313671,2540.26,247214941549,mixed,55.6898
youtube2007,8,sparse,74,1.01959,0.13934,0.871056,24.7684,217146748,mixed,0.307255
youtube2007,8,sparse,75,0.92437,0.0895115,0.514755,15.7893,32165271,mixed,0.725737
youtube2007,8,sparse,76,537.344,0.0926182,1.24501,16512.8,5735778233726,mixed,474.491
youtube2007,8,sparse,77,0.770843,0.17915,1.25695,17.6775,19720066,mixed,0.18635
youtube2007,8,sparse,78,0.659969,0.152648,0.400443,15.6769,278106771,mixed,0.467898
youtube2007,8,sparse,79,0.0452483,0.0537891,0.0260887,0.708795,1019974,mixed,0.0364834
youtube2007,8,sparse,80,574.139,0.169378,5.49538,16099.3,4754887170343,mixed,355.265
youtube2007,8,sparse,81,0.641136,0.118042,0.961393,13.8289,34042831,mixed,0.237823
youtube2007,8,sparse,82,0.436199,0.124606,0.783727,6.41697,28641757082,mixed,0.324925
youtube2007,8,sparse,84,0.0180363,0.104811,0.0110653,0.376052,120209,mixed,0.0134015
youtube2007,8,sparse,85,0.0114397,0.115095,0.00487743,0.155197,2042,mixed,0.00741984
youtube2007,8,sparse,86,5.93871,0.0789528,0.804958,168.063,8692214281,mixed,4.57345
youtube2007,8,sparse,87,1.41422,0.162023,1.27178,36.4392,633763305,mixed,0.934206
youtube2007,8,sparse,88,0.978213,0.342452,2.9295,19.456,256382988,mixed,0.82277
youtube2007,8,sparse,89,0.0265493,0.0747229,0.0135441,0.582648,157728,mixed,0.0119578
youtube2007,8,sparse,90,96.2487,0.352878,13.02,3063.56,7977142375551,mixed,86.0392
youtube2007,8,sparse,91,14.9289,0.271349,1.67734,456.574,45977734959,mixed,11.9872
youtube2007,8,sparse,94,0.102401,0.281904,0.198757,2.30071,1024858,mixed,0.0759712
youtube2007,8,sparse,95,9.39482,0.241701,4.48306,286.502,198348860155,mixed,5.08526
youtube2007,8,sparse,97,2.31211,0.190696,1.02781,56.2772,654489893,mixed,1.42418
youtube2007,8,sparse,99,0.227121,0.0756096,0.160523,5.5331,10737740,mixed,0.02812
youtube2007,8,sparse,100,881.9,0.17766,3.59393,27448.5,11472287969713,mixed,281.285
