dataset,query_size,query_mode,query_index,elapsed_execution_time,filter_time,plan_time,enumerate_time,n_embeddings,order,max_task_time,n_intersections
youtube2007,8,dense,1,205.105,0.979796,0.915494,6288.2,1304704230570.0,mixed,161.252,3063752990
youtube2007,8,dense,2,317.324,2.41148,3.40094,9093.7,1942081856395.0,mixed,169.59,1817350884
youtube2007,8,dense,3,104.503,6.75965,7.87988,3221.08,355231479177.0,mixed,79.4269,1443608406
youtube2007,8,dense,4,2.13052,0.70185,0.202557,54.0675,905472708.0,mixed,1.44868,20107405
youtube2007,8,dense,5,0.0122652,0.227487,0.0145593,0.0443994,37593.0,mixed,0.00535762,15970
youtube2007,8,dense,6,3.31263,1.75146,1.6418,69.8645,2078402394.0,mixed,1.81187,27781349
youtube2007,8,dense,7,152.047,1.12482,1.00011,4322.24,335740935534.0,mixed,103.587,1672023921
youtube2007,8,dense,9,0.0298448,0.131028,0.0213237,0.137435,1796513.0,mixed,0.0160802,51130
youtube2007,8,dense,10,24.754,1.8886,1.97424,737.497,30074837469.0,mixed,13.7411,360692910
youtube2007,8,dense,11,387.494,2.87994,4.99507,11638.6,4643680434596.0,mixed,286.971,2695290223
youtube2007,8,dense,12,0.0162239,0.145129,0.0117582,0.0920391,1166590.0,mixed,0.00457222,30378
youtube2007,8,dense,13,769.18,3.46455,4.06021,24041.0,2439015622358.0,mixed,609.909,9797699249
youtube2007,8,dense,14,0.432137,0.235349,0.0539508,7.98407,467309947.0,mixed,0.296568,2313845
youtube2007,8,dense,15,23.107,2.08144,1.70029,729.489,83621425335.0,mixed,18.428,331005928
youtube2007,8,dense,16,1396.02,3.17232,2.60893,43777.9,2037932693926.0,mixed,1145.79,495436937
youtube2007,8,dense,17,102.199,0.620727,0.695424,2939.39,340644655268.0,mixed,78.5092,929489609
youtube2007,8,dense,18,0.0333694,0.251368,0.023687,0.171657,275229.0,mixed,0.0128704,80939
youtube2007,8,dense,19,0.0567974,0.23688,0.025463,0.351445,2444936.0,mixed,0.0339241,141592
youtube2007,8,dense,20,4.90846,3.07657,3.14934,147.178,1110842969.0,mixed,3.14125,57575810
youtube2007,8,dense,21,0.0791323,0.252853,0.0768429,0.508672,14471295.0,mixed,0.0365449,200877
youtube2007,8,dense,22,65.5324,2.26265,4.5249,1953.64,75657970563.0,mixed,50.0332,484440313
youtube2007,8,dense,23,0.125739,0.305405,0.206633,1.725,5760354.0,mixed,0.0643542,911829
youtube2007,8,dense,24,9.304,0.581266,0.655122,269.271,9586384619.0,mixed,8.76343,96865753
youtube2007,8,dense,25,553.521,0.998697,1.36272,16875.5,564177933989.0,mixed,492.397,5272820272
youtube2007,8,dense,26,0.0304378,0.21633,0.0153589,0.160108,162032.0,mixed,0.0142888,68435
youtube2007,8,dense,27,0.047719,0.418921,0.0543711,0.322052,565319.0,mixed,0.0319345,169416
youtube2007,8,dense,28,0.0126421,0.287396,0.00857731,0.0661462,209248.0,mixed,0.00658489,12256
youtube2007,8,dense,29,1.02458,0.727898,0.452636,24.7935,91068504.0,mixed,0.583886,10899516
youtube2007,8,dense,30,4.97551,0.747771,0.680081,149.24,28310969676.0,mixed,2.41869,42258249
youtube2007,8,dense,31,0.269524,0.560425,0.395531,4.3391,73058160.0,mixed,0.195386,1483207
youtube2007,8,dense,32,2.33656,2.24721,1.77417,60.8054,1468227389.0,mixed,1.20517,24676102
youtube2007,8,dense,34,555.825,1.2681,1.36714,17042.8,2054610200043.0,mixed,382.484,9688146865
youtube2007,8,dense,35,0.0238549,0.113443,0.0168952,0.16622,935485.0,mixed,0.00810758,85500
youtube2007,8,dense,37,117.75,5.34987,6.90689,3571.17,56926401049.0,mixed,100.535,1011560593
youtube2007,8,dense,38,418.484,3.38519,3.75259,12542.1,7203959831160.0,mixed,327.225,2793199595
youtube2007,8,dense,39,0.0116361,0.0657167,0.00594576,0.0422105,114182.0,mixed,0.0026255,15711
youtube2007,8,dense,40,1.83684,0.665661,0.348795,43.2913,319003190.0,mixed,1.0426,15866579
youtube2007,8,dense,41,1.57183,0.951147,0.829439,33.0079,545537107.0,mixed,0.489355,20684083
youtube2007,8,dense,42,0.853628,0.574653,0.283207,10.1285,889508800.0,mixed,0.5984,7098388
youtube2007,8,dense,43,297.673,1.72601,2.01925,9246.47,1336174314495.0,mixed,189.416,4978995852
youtube2007,8,dense,44,46.7939,4.03946,4.9879,1463.63,63603682042.0,mixed,18.9712,437332723
youtube2007,8,dense,45,8.64087,1.08827,0.474215,260.299,2729183019.0,mixed,7.32451,99605233
youtube2007,8,dense,46,284.539,3.0746,3.238,8371.52,507907948855.0,mixed,273.703,3356552723
youtube2007,8,dense,47,4.8351,2.60321,1.07034,137.683,8636631393.0,mixed,2.02382,44933518
youtube2007,8,dense,48,0.0041956,0.13949,0.00297881,0.0186466,11604.0,mixed,0.001971,2140
youtube2007,8,dense,49,1069.34,3.33615,3.70221,33049.7,4928524690402.0,mixed,808.011,17618821889
youtube2007,8,dense,50,0.0167809,0.0460929,0.0032306,0.0521341,28079.0,mixed,0.00379461,9004
youtube2007,8,dense,51,1.91034,1.00109,0.468701,46.2985,1673377853.0,mixed,1.35044,24697518
youtube2007,8,dense,52,0.00506729,0.146067,0.00411908,0.0251858,1759.0,mixed,0.0019607,1546
youtube2007,8,dense,53,0.00843411,0.147708,0.00459821,0.0292155,21807.0,mixed,0.00207608,10014
youtube2007,8,dense,54,0.687902,0.831726,0.616663,13.2292,71999588.0,mixed,0.363705,6815481
youtube2007,8,dense,55,975.63,2.42403,1.57112,27456.6,1368243336253.0,mixed,639.298,335318338
youtube2007,8,dense,56,0.00941564,0.165099,0.00509749,0.0335781,28108.0,mixed,0.00133272,7837
youtube2007,8,dense,57,92.4779,6.45539,6.7944,2527.44,296701768980.0,mixed,53.7364,661616693
youtube2007,8,dense,58,29.3701,0.853373,1.03211,877.358,80475040022.0,mixed,15.6241,295693937
youtube2007,8,dense,60,0.0150587,0.106585,0.00976767,0.0633868,857912.0,mixed,0.00711388,26810
youtube2007,8,dense,61,594.0,9.67198,9.21857,17659.0,22208852683894.0,mixed,392.352,3677037059
youtube2007,8,dense,62,0.176859,0.125175,0.0339403,3.25801,28048280.0,mixed,0.0611858,1833192
youtube2007,8,dense,63,0.216747,0.668748,0.156319,3.3785,76220983.0,mixed,0.180304,2136310
youtube2007,8,dense,64,0.319443,0.532745,0.193537,1.80326,11603776.0,mixed,0.053334,1010591
youtube2007,8,dense,65,926.627,8.3354,9.45826,27710.4,57614737718224.0,mixed,556.071,4838399012
youtube2007,8,dense,67,0.0989081,0.357081,0.0788856,1.14171,5624340.0,mixed,0.0453721,647288
youtube2007,8,dense,68,0.0811215,0.434656,0.0564873,0.769394,9340899.0,mixed,0.0338955,421247
youtube2007,8,dense,69,0.0631511,0.269501,0.032457,0.491994,1232423.0,mixed,0.0389095,274288
youtube2007,8,dense,70,381.007,2.15228,1.35597,11162.6,591448566080.0,mixed,337.269,104662070
youtube2007,8,dense,72,262.026,1.1643,1.30435,8029.45,1250100763802.0,mixed,170.086,3795993148
youtube2007,8,dense,73,0.0493171,0.136585,0.0207152,0.251732,12950230.0,mixed,0.0256647,113138
youtube2007,8,dense,74,104.935,3.06195,3.42012,3300.99,1323420786930.0,mixed,92.1518,828825720
youtube2007,8,dense,75,0.0244146,0.215471,0.0294912,0.120478,1030088.0,mixed,0.00612095,66234
youtube2007,8,dense,76,63.6913,1.07618,1.17174,1769.62,28290121663.0,mixed,33.9486,988627248
youtube2007,8,dense,77,35.4854,1.83467,2.59558,1129.72,15568474914.0,mixed,17.9139,377188833
youtube2007,8,dense,78,1.91102,0.363257,0.259155,42.8014,4656768079.0,mixed,1.1331,24672150
youtube2007,8,dense,79,0.861037,0.703648,0.394994,19.4816,4407631213.0,mixed,0.304965,10930252
youtube2007,8,dense,80,528.071,2.34415,1.56427,15241.3,772714916775.0,mixed,429.167,205919433
youtube2007,8,dense,81,11.2666,2.94345,3.2903,302.68,4946920097.0,mixed,9.0458,111173524
youtube2007,8,dense,82,916.035,1.46704,1.33469,27673.0,1281878043670.0,mixed,818.951,263091607
youtube2007,8,dense,83,1141.69,2.55624,2.61732,33979.1,597591526861.0,mixed,1135.6,9338403644
youtube2007,8,dense,84,2.77243,1.10749,0.909021,72.2347,5765245398.0,mixed,1.69608,26741804
youtube2007,8,dense,85,0.12379,0.559725,0.0508186,0.996024,24644806.0,mixed,0.0591714,502609
youtube2007,8,dense,86,17.4625,3.64884,5.49222,492.71,20871361977.0,mixed,14.8198,155470076
youtube2007,8,dense,87,0.607682,0.247914,0.0331804,9.08728,568383225.0,mixed,0.30716,3211547
youtube2007,8,dense,89,5.51498,1.33394,1.20644,162.307,726753039.0,mixed,4.26135,53639843
youtube2007,8,dense,90,0.00229434,0.121944,0.00308021,0.00438039,3698.0,mixed,0.00212911,1379
youtube2007,8,dense,91,9.69862,1.17126,2.02165,242.33,14065865196.0,mixed,7.94879,56835982
youtube2007,8,dense,92,32.1411,1.57372,1.48298,862.637,14718039248.0,mixed,26.3336,385915941
youtube2007,8,dense,94,0.839529,0.937429,0.659317,17.2115,128830004.0,mixed,0.434823,8668757
youtube2007,8,dense,95,1.44836,0.529247,0.323237,41.8616,8128678615.0,mixed,1.19253,12295013
youtube2007,8,dense,96,739.55,8.67397,10.2558,23464.6,107344189179706.0,mixed,471.521,5417615758
youtube2007,8,dense,97,320.496,8.47853,9.4204,9208.73,11551852297414.0,mixed,290.622,1074005155
youtube2007,8,dense,98,1.76041,0.133944,0.108553,49.3355,3867011564.0,mixed,1.32669,16219360
youtube2007,8,dense,99,0.00915406,0.117096,0.00569012,0.0384422,21989.0,mixed,0.00342242,12788
youtube2007,8,dense,100,438.438,1.61169,2.2982,13354.3,1695310095982.0,mixed,279.565,4181286971
youtube2007,8,sparse,1,0.0486294,0.189331,0.0351902,0.389057,6801281.0,mixed,0.0144592,150805
youtube2007,8,sparse,2,3.12993,0.93564,0.922842,67.5203,21830099425.0,mixed,2.24236,24014921
youtube2007,8,sparse,5,0.437668,0.140104,0.0615957,7.76185,447209421.0,mixed,0.429232,347349
youtube2007,8,sparse,6,0.324055,0.705032,0.201629,3.18857,201635311.0,mixed,0.117883,1202906
youtube2007,8,sparse,7,0.052639,0.186208,0.0286402,0.444041,94984057.0,mixed,0.0313463,126341
youtube2007,8,sparse,8,5.4001,0.459181,0.585751,136.89,2025500362.0,mixed,4.26926,70184640
youtube2007,8,sparse,10,0.0032264,0.124494,0.00278049,0.00906352,38499.0,mixed,0.00127306,1249
youtube2007,8,sparse,12,209.308,1.7132,3.27731,6552.7,125775247775.0,mixed,155.854,2516346734
youtube2007,8,sparse,13,13.8,1.91853,5.18155,409.8,1556865196.0,mixed,12.4461,74229723
youtube2007,8,sparse,14,13.7053,2.92735,5.16261,372.444,10218984832.0,mixed,11.7035,58307568
youtube2007,8,sparse,15,0.163702,0.608428,0.149238,1.13604,388611357.0,mixed,0.0332374,290329
youtube2007,8,sparse,16,2.47898,1.24438,2.40182,50.0928,770060217.0,mixed,2.11455,22276616
youtube2007,8,sparse,17,177.076,0.431217,0.417389,5319.1,395398561981.0,mixed,154.111,65935146
youtube2007,8,sparse,18,133.764,0.564882,0.245206,253.812,24488001449.0,mixed,132.218,18833077
youtube2007,8,sparse,19,0.0287161,0.304603,0.0862764,0.16513,78077.0,mixed,0.0215282,61568
youtube2007,8,sparse,20,77.0315,3.05973,2.36595,2206.26,162093380792.0,mixed,74.3683,19475179
youtube2007,8,sparse,21,0.11715,0.340046,0.0608485,0.959702,7542769.0,mixed,0.0837741,374601
youtube2007,8,sparse,23,0.0655887,0.388454,0.0838031,0.441429,4780857.0,mixed,0.0244882,183079
youtube2007,8,sparse,24,4.34623,1.02665,2.01789,117.649,7629220299.0,mixed,2.60039,32135822
youtube2007,8,sparse,25,1.37061,0.324616,0.357956,33.1855,1923620631.0,mixed,1.08885,12874035
youtube2007,8,sparse,26,0.261966,0.604499,0.567477,4.37114,77866313.0,mixed,0.143257,1792600
youtube2007,8,sparse,27,111.267,0.516993,0.554241,3354.82,424039097103.0,mixed,84.9353,1096909506
youtube2007,8,sparse,28,1.37096,1.22159,1.45893,34.586,30794348148.0,mixed,0.764417,11041839
youtube2007,8,sparse,29,0.0353184,0.0963297,0.0186927,0.185573,278514.0,mixed,0.00566537,68042
youtube2007,8,sparse,30,463.474,5.23322,9.48637,13982.3,1553252338561.0,mixed,443.24,6008010219
youtube2007,8,sparse,31,1.42166,2.99847,1.36837,31.6506,5859646000.0,mixed,0.739952,10750992
youtube2007,8,sparse,32,8.73197,0.569432,0.340785,255.404,12519768722.0,mixed,7.67223,10336661
youtube2007,8,sparse,33,0.0572229,0.246395,0.120749,0.459208,84169176.0,mixed,0.0305057,290170
youtube2007,8,sparse,34,0.0892762,0.151215,0.0407044,0.62248,1507735.0,mixed,0.0428515,300998
youtube2007,8,sparse,35,980.221,2.35809,3.98197,29756.0,11081586194963.0,mixed,869.868,5515543402
youtube2007,8,sparse,36,1.65666,1.98031,2.42439,36.6304,522870260.0,mixed,0.835109,14349598
youtube2007,8,sparse,38,7.80066,3.09477,2.89348,192.729,263842843252.0,mixed,7.03026,30411396
youtube2007,8,sparse,39,0.00376872,0.154083,0.00389028,0.0175218,2749.0,mixed,0.00125207,1337
youtube2007,8,sparse,40,1.10479,1.33028,1.33255,25.1771,56562762953.0,mixed,0.576076,8095639
youtube2007,8,sparse,41,0.619139,0.946662,0.859588,9.93607,96660576.0,mixed,0.358679,4049655
youtube2007,8,sparse,42,24.9939,0.626521,0.647701,697.819,54161194333.0,mixed,21.0247,5699234
youtube2007,8,sparse,43,8.70821,0.94854,0.476681,252.81,5519602526.0,mixed,5.72236,26125983
youtube2007,8,sparse,44,3.75292,1.63239,3.62004,59.3054,15269104973.0,mixed,2.21099,23617807
youtube2007,8,sparse,45,0.423085,0.654265,0.291379,6.52463,119633776.0,mixed,0.281947,2180112
youtube2007,8,sparse,46,2.35076,2.46866,2.23951,55.8032,72308120782.0,mixed,1.91851,15962686
youtube2007,8,sparse,47,0.0120655,0.175642,0.0183756,0.048151,33735.0,mixed,0.00377838,8483
youtube2007,8,sparse,48,72.7757,4.29223,4.49309,2263.72,1125141316577.0,mixed,63.3629,665284957
youtube2007,8,sparse,49,0.15352,0.595845,0.252061,1.47249,36084522.0,mixed,0.0885201,537555
youtube2007,8,sparse,50,16.5152,4.31884,4.44694,512.767,47409265568.0,mixed,11.1257,134190039
youtube2007,8,sparse,51,35.5834,1.05445,1.24704,1116.41,80147648381.0,mixed,20.8104,347964270
youtube2007,8,sparse,52,445.292,1.23401,1.84563,13102.7,4597625712847.0,mixed,379.919,1650708010
youtube2007,8,sparse,53,0.998518,1.79976,0.886962,18.8896,374533618.0,mixed,0.590819,6073443
youtube2007,8,sparse,54,0.0307393,0.37735,0.030037,0.176568,175996.0,mixed,0.0137821,55963
youtube2007,8,sparse,55,0.0119913,0.122049,0.00497239,0.0423889,74901.0,mixed,0.00387754,7094
youtube2007,8,sparse,56,527.549,3.18057,5.41625,16615.2,10766163481996.0,mixed,320.843,3410002664
youtube2007,8,sparse,57,17.6494,1.70414,2.97739,548.118,52709740498.0,mixed,10.7408,124889962
youtube2007,8,sparse,58,0.0110931,0.126444,0.00700861,0.0432362,618334.0,mixed,0.000916192,14696
youtube2007,8,sparse,59,0.0172408,0.293603,0.0216896,0.0732565,384423.0,mixed,0.0041535,19701
youtube2007,8,sparse,60,131.848,5.99364,11.5243,4036.1,7349660548310.0,mixed,118.434,1455026126
youtube2007,8,sparse,61,0.24027,0.517449,0.212807,2.83243,50360120.0,mixed,0.133292,1127799
youtube2007,8,sparse,62,4.11565,1.04087,0.568574,101.379,5819592620.0,mixed,3.20894,8753733
youtube2007,8,sparse,63,2.89714,0.45664,0.334224,82.4722,23493500208.0,mixed,2.12674,10200229
youtube2007,8,sparse,64,183.453,4.26151,3.47977,5570.25,275992254589.0,mixed,122.855,43104722
youtube2007,8,sparse,65,967.808,5.34294,5.35021,28896.2,2068586267097.0,mixed,753.267,1229341245
youtube2007,8,sparse,66,1.89293,1.18648,0.660645,50.1186,11131759822.0,mixed,0.686484,9090510
youtube2007,8,sparse,67,1.81853,1.78526,1.47428,41.6032,4045457427.0,mixed,1.4323,12454137
youtube2007,8,sparse,68,61.4105,0.406471,1.29763,1876.17,95493438777.0,mixed,44.2615,266219047
youtube2007,8,sparse,69,0.0293163,0.177848,0.0175099,0.136078,771568.0,mixed,0.00856371,42871
youtube2007,8,sparse,70,4.1464,0.580565,0.518223,120.21,13082101753.0,mixed,3.06305,31098149
youtube2007,8,sparse,71,0.00875661,0.160212,0.0118396,0.0426952,24796.0,mixed,0.00580406,9643
youtube2007,8,sparse,72,259.047,1.12205,2.0302,6321.99,593219625388.0,mixed,119.891,54515923
youtube2007,8,sparse,73,90.7256,0.254652,0.348364,2851.78,247214941549.0,mixed,77.889,1165336116
youtube2007,8,sparse,74,0.745035,0.514938,0.450467,8.0614,217284030.0,mixed,0.535885,3868058
youtube2007,8,sparse,75,0.321129,0.347908,0.343305,3.56612,32165271.0,mixed,0.194405,1497586
youtube2007,8,sparse,76,550.258,0.889188,1.02767,17595.9,5735778233726.0,mixed,430.051,2911546392
youtube2007,8,sparse,77,0.315274,0.745649,0.472541,3.07981,19720066.0,mixed,0.244864,1378353
youtube2007,8,sparse,78,0.282776,0.693087,0.227312,4.80585,281908678.0,mixed,0.208719,2105644
youtube2007,8,sparse,79,0.024157,0.086544,0.0131096,0.147665,1019974.0,mixed,0.015186,59685
youtube2007,8,sparse,80,558.106,2.68215,4.45896,17218.5,4754887170343.0,mixed,508.25,3552870241
youtube2007,8,sparse,81,0.42919,0.355175,0.510876,6.60307,34042831.0,mixed,0.221269,3175700
youtube2007,8,sparse,82,0.311805,0.615207,0.361067,2.35213,28641757082.0,mixed,0.24525,708560
youtube2007,8,sparse,84,0.0103847,0.220406,0.00675298,0.0323188,119932.0,mixed,0.00160475,6101
youtube2007,8,sparse,85,0.00271048,0.127827,0.00211014,0.0094229,2042.0,mixed,0.0012211,698
youtube2007,8,sparse,86,4.94703,0.668466,0.598013,143.129,8791606868.0,mixed,3.75574,47820881
youtube2007,8,sparse,87,1.06452,0.646537,1.09434,23.667,633891336.0,mixed,0.906621,11350506
youtube2007,8,sparse,88,0.833836,2.6457,2.10146,14.4408,256382988.0,mixed,0.520308,7076710
youtube2007,8,sparse,89,0.00893503,0.0847729,0.00407347,0.0180771,157728.0,mixed,0.00144375,1144
youtube2007,8,sparse,90,100.467,6.08778,10.0612,3001.97,7977142375551.0,mixed,89.8995,640081839
youtube2007,8,sparse,91,11.0607,2.14067,1.30312,310.965,45977734959.0,mixed,9.39403,90356616
youtube2007,8,sparse,92,1136.68,2.39935,3.50134,36346.9,13329894188062.0,mixed,878.578,6242969711
youtube2007,8,sparse,94,0.0489557,1.34177,0.137842,0.235297,1024858.0,mixed,0.0274215,89206
youtube2007,8,sparse,95,9.683,2.21402,2.77193,257.57,198348860155.0,mixed,8.65272,104045027
youtube2007,8,sparse,97,1.31424,1.07537,1.27319,30.2116,654489948.0,mixed,1.03693,13923388
youtube2007,8,sparse,99,0.0409012,0.165011,0.0787448,0.430486,10737740.0,mixed,0.0274524,161928
youtube2007,8,sparse,100,878.58,2.7114,3.81637,26412.2,11472287969677.0,mixed,670.767,5811731411
