dataset,query_size,query_mode,query_index,elapsed_execution_time,filter_time,plan_time,enumerate_time,n_embeddings,order,max_task_time,n_intersections
orkut,8,dense,1,0.45704,0.20666,1.07197,11.2072,718319,mixed,0.110221,235507
orkut,8,dense,2,0.632474,0.22589,1.44418,13.2181,2122314,mixed,0.0530191,303467
orkut,8,dense,3,0.169598,0.220649,1.0168,1.24928,4243645,mixed,0.0715071,209537
orkut,8,dense,4,0.189994,0.21537,1.26426,1.37201,447770,mixed,0.0564709,608738
orkut,8,dense,5,0.222874,0.20339,1.66147,1.77649,1867295,mixed,0.146525,307885
orkut,8,dense,6,0.250504,0.242296,1.50147,1.95455,1517097,mixed,0.180154,376695
orkut,8,dense,7,0.176667,0.167911,1.1811,1.44301,86953,mixed,0.0974207,406575
orkut,8,dense,8,0.166236,0.184323,1.04145,1.21524,832973,mixed,0.0639403,241536
orkut,8,dense,9,0.0788732,0.222571,1.3716,0.741291,878765,mixed,0.056525,244791
orkut,8,dense,10,0.102208,0.163326,1.07039,0.974556,336581,mixed,0.0643714,308773
orkut,8,dense,11,0.110947,0.180936,1.03692,1.03899,3409886,mixed,0.0619228,326815
orkut,8,dense,12,0.0796861,0.235779,1.38012,0.826887,41893,mixed,0.0560927,293957
orkut,8,dense,13,0.120578,0.183058,1.36723,1.05616,13113350,mixed,0.0580183,258893
orkut,8,dense,14,0.0876614,0.222827,1.48123,0.661246,473717,mixed,0.0586266,256052
orkut,8,dense,15,0.335286,0.223783,1.64709,3.37005,477307,mixed,0.0920259,750187
orkut,8,dense,16,0.189889,0.237874,1.30141,1.3123,52467,mixed,0.0692343,278510
orkut,8,dense,17,0.316999,0.259456,1.40199,3.8072,480851,mixed,0.228436,489948
orkut,8,dense,18,0.110067,0.218673,1.20959,0.983513,101888,mixed,0.0474747,368102
orkut,8,dense,19,0.178662,0.235984,1.62943,1.95693,664630,mixed,0.108759,875135
orkut,8,dense,20,0.0897101,0.181519,1.01309,0.846624,29231796,mixed,0.0538049,267634
orkut,8,dense,21,0.13088,0.21524,1.4312,1.20043,80712,mixed,0.0803456,367224
orkut,8,dense,22,0.0818754,0.207189,1.60901,0.762827,283362,mixed,0.0542123,259653
orkut,8,dense,23,0.19924,0.215141,1.61059,1.7125,3446020,mixed,0.0698022,223572
orkut,8,dense,24,0.240625,0.209908,1.58012,1.81252,2129524,mixed,0.117388,301171
orkut,8,dense,25,0.183176,0.263968,1.46409,1.47701,3545761,mixed,0.13402,311404
orkut,8,dense,26,0.473897,0.281841,1.61196,7.15804,244040,mixed,0.0482526,398759
orkut,8,dense,27,0.0834991,0.232096,1.50049,0.587165,48329,mixed,0.0560526,266932
orkut,8,dense,28,0.273964,0.204602,1.48174,2.54877,19729269,mixed,0.18504,471340
orkut,8,dense,29,0.183257,0.232888,1.29405,1.3901,549592,mixed,0.0840281,234512
orkut,8,dense,30,0.139584,0.24698,0.870119,1.14674,1993620,mixed,0.0371522,207796
orkut,8,dense,31,0.195885,0.204259,1.12865,1.3043,797987,mixed,0.092147,258327
orkut,8,dense,32,0.185866,0.231622,1.21481,1.39104,71261,mixed,0.0715497,260860
orkut,8,dense,33,0.0573135,0.161508,1.19349,0.513367,2052619,mixed,0.0349767,213285
orkut,8,dense,34,0.10597,0.247647,1.34813,0.947157,784928,mixed,0.0737227,222361
orkut,8,dense,35,0.0874914,0.153328,1.40857,0.824145,4389398,mixed,0.0567481,252067
orkut,8,dense,36,0.125389,0.201497,1.44245,1.18484,1200655,mixed,0.0734977,354098
orkut,8,dense,37,0.120029,0.202702,2.0378,1.12013,187779,mixed,0.0377269,455825
orkut,8,dense,38,0.385113,0.179274,1.42694,5.54972,755121,mixed,0.0476008,224094
orkut,8,dense,39,0.105911,0.248992,1.0845,1.15723,166599,mixed,0.0555212,673078
orkut,8,dense,40,0.163658,0.133308,1.06634,1.54035,5899798,mixed,0.112058,229317
orkut,8,dense,41,0.20033,0.289369,1.36385,1.56282,230916,mixed,0.0769475,221839
orkut,8,dense,42,0.210991,0.181139,1.23488,1.27945,829116,mixed,0.134465,214974
orkut,8,dense,43,0.47142,0.272011,0.954401,6.54726,106850,mixed,0.0333473,298266
orkut,8,dense,44,0.110518,0.197604,1.32688,0.901438,2426282,mixed,0.021326,247456
orkut,8,dense,45,0.114768,0.225784,1.2684,1.05781,6229287,mixed,0.076104,237062
orkut,8,dense,46,0.0851882,0.233518,1.28586,0.839836,62796,mixed,0.0460262,380681
orkut,8,dense,47,0.0971293,0.206546,1.33891,0.92919,60414,mixed,0.059244,584404
orkut,8,dense,48,0.0878471,0.222269,0.787446,0.756773,122226,mixed,0.0625248,198428
orkut,8,dense,49,0.236463,0.199824,1.18451,1.8223,1109043,mixed,0.11128,260525
orkut,8,dense,50,0.691404,0.181223,1.66036,11.9145,432792,mixed,0.53101,2471781
orkut,8,dense,51,0.101414,0.260898,1.79977,0.909416,2917114,mixed,0.0534906,263823
orkut,8,dense,52,0.39884,0.199134,1.1452,4.95674,2651687,mixed,0.292157,654319
orkut,8,dense,53,0.195413,0.181789,1.28038,1.13791,7400846,mixed,0.0715461,223123
orkut,8,dense,54,0.32214,0.244471,1.203,3.43791,86643,mixed,0.234633,405855
orkut,8,dense,55,0.121981,0.196672,1.13909,1.11934,466090,mixed,0.0860259,227914
orkut,8,dense,56,0.136281,0.214973,1.8184,1.20846,2180718,mixed,0.0710507,397077
orkut,8,dense,57,0.143773,0.191083,1.74405,1.58544,242474,mixed,0.107676,346839
orkut,8,dense,58,0.0869976,0.207895,1.26292,0.871919,1704610,mixed,0.0584898,211127
orkut,8,dense,59,0.141333,0.167493,1.37466,1.03745,496773,mixed,0.0539767,283405
orkut,8,dense,60,0.169126,0.197551,1.23888,1.21427,44102,mixed,0.0691278,215908
orkut,8,dense,61,0.169913,0.164933,0.975603,1.41702,26973759,mixed,0.050834,220743
orkut,8,dense,62,0.307607,0.247742,1.58688,3.24178,1344853,mixed,0.234672,944132
orkut,8,dense,63,0.0840355,0.231529,1.10251,0.750178,2370397,mixed,0.0576076,208005
orkut,8,dense,64,0.100123,0.205623,0.993056,0.97656,3439029,mixed,0.0510398,227723
orkut,8,dense,65,0.136574,0.226244,1.15678,1.29973,276528,mixed,0.0977487,359115
orkut,8,dense,66,0.329551,0.257364,1.27228,3.26956,98319,mixed,0.218151,1044300
orkut,8,dense,67,0.188143,0.215392,1.40605,1.40877,3174636,mixed,0.0517193,223997
orkut,8,dense,68,0.225453,0.26777,0.959043,1.44938,470383,mixed,0.0301921,211445
orkut,8,dense,69,0.115386,0.241316,1.01945,1.15455,39866,mixed,0.0711903,537602
orkut,8,dense,70,0.0653637,0.228596,1.25514,0.528828,445564,mixed,0.043597,213043
orkut,8,dense,71,0.177515,0.21171,1.04232,1.32195,1801527,mixed,0.0866161,227499
orkut,8,dense,72,0.189912,0.155931,1.43919,1.48334,4322214,mixed,0.0415352,217567
orkut,8,dense,73,0.156849,0.183553,1.19927,1.17159,234693,mixed,0.0604492,266440
orkut,8,dense,74,0.0719989,0.237504,1.4747,0.735435,105581,mixed,0.0435433,283076
orkut,8,dense,75,0.133346,0.196734,0.955704,1.15299,504633,mixed,0.0733366,238656
orkut,8,dense,76,0.20052,0.234968,1.293,1.44254,777684,mixed,0.0647894,160471
orkut,8,dense,77,0.182149,0.27416,1.07448,2.07013,310132,mixed,0.139996,253376
orkut,8,dense,78,0.062374,0.187555,1.61908,0.664305,857836,mixed,0.0393435,226787
orkut,8,dense,79,0.146426,0.221798,1.39056,1.54062,3641191,mixed,0.0965654,605543
orkut,8,dense,80,0.0407269,0.200022,1.43923,0.382655,20931,mixed,0.0257699,195337
orkut,8,dense,81,0.0613045,0.216123,1.15118,0.513842,35958,mixed,0.034997,235628
orkut,8,dense,82,0.09522,0.250476,1.47094,0.94548,82485,mixed,0.0626766,599433
orkut,8,dense,83,0.136815,0.20701,0.823855,1.13144,1745618,mixed,0.0460634,221408
orkut,8,dense,84,0.132245,0.243732,1.10708,0.981174,36608,mixed,0.0685679,305109
orkut,8,dense,85,0.217393,0.187588,1.06326,1.35165,11578532,mixed,0.0717857,210782
orkut,8,dense,86,0.0686658,0.194628,0.74118,0.598961,39979716,mixed,0.0455511,189631
orkut,8,dense,87,0.147241,0.260128,1.20859,1.15839,222379,mixed,0.0658567,206607
orkut,8,dense,88,0.0966607,0.25523,1.21026,1.11282,169083,mixed,0.0643361,591549
orkut,8,dense,89,0.213951,0.212925,1.47007,1.68551,1573170,mixed,0.106104,340799
orkut,8,dense,90,0.0766878,0.248475,1.37516,0.69003,79559,mixed,0.0430725,230134
orkut,8,dense,91,0.0937027,0.192518,1.09132,0.683283,1874277,mixed,0.0586712,223524
orkut,8,dense,92,0.141278,0.21582,1.38033,1.24117,2154545,mixed,0.0908446,314925
orkut,8,dense,93,0.342002,0.223414,1.40892,3.52111,86190,mixed,0.224533,992802
orkut,8,dense,94,0.161669,0.163816,0.979829,1.20009,217955,mixed,0.0714998,222840
orkut,8,dense,95,0.197483,0.233374,1.62434,2.27065,129107,mixed,0.13719,1585201
orkut,8,dense,96,0.0855067,0.206147,1.18718,0.805804,49136,mixed,0.046932,334270
orkut,8,dense,97,0.0773356,0.216452,1.30792,0.768976,169275,mixed,0.0462408,268714
orkut,8,dense,98,0.308625,0.214105,1.16381,2.34202,6559768,mixed,0.058752,287331
orkut,8,dense,99,0.0966614,0.256681,0.984225,0.958281,10965512,mixed,0.0493988,250825
orkut,8,dense,100,0.0876498,0.190046,1.04215,0.813088,19363130,mixed,0.0546355,245971
orkut,8,sparse,1,0.463577,0.204125,1.51483,7.37267,155913823,mixed,0.256944,1814290
orkut,8,sparse,2,0.288415,0.196225,0.959737,3.50565,33553669,mixed,0.164795,1960378
orkut,8,sparse,3,0.289522,0.210219,1.09465,2.68257,1467948,mixed,0.116536,924250
orkut,8,sparse,4,0.102217,0.208113,0.893883,1.14112,23526117,mixed,0.0703861,518368
orkut,8,sparse,5,0.101035,0.211879,0.914543,1.12668,3042220,mixed,0.0678629,214253
orkut,8,sparse,6,0.50178,0.200697,0.997808,4.80129,1013013448,mixed,0.277748,790838
orkut,8,sparse,7,0.262286,0.219611,1.08363,2.8609,4026379,mixed,0.143076,1667688
orkut,8,sparse,8,0.13604,0.202534,0.730501,1.1102,651677125,mixed,0.0876048,285633
orkut,8,sparse,9,0.292849,0.204804,1.14826,3.26907,27276848,mixed,0.0728703,1202136
orkut,8,sparse,10,0.0792733,0.214862,1.43879,0.864059,70935632,mixed,0.0503204,275078
orkut,8,sparse,11,0.29029,0.214677,1.26542,3.54401,41016725,mixed,0.167644,972038
orkut,8,sparse,12,0.254198,0.194371,1.27826,1.7488,36613295,mixed,0.0258972,201836
orkut,8,sparse,13,1.72144,0.193605,1.09566,29.7416,210204263,mixed,0.692755,9782061
orkut,8,sparse,14,0.63757,0.182557,1.60058,8.97716,16368879,mixed,0.337166,2792260
orkut,8,sparse,15,0.258164,0.202393,1.42069,3.64614,129324939,mixed,0.136959,777524
orkut,8,sparse,16,0.0792802,0.175358,1.14426,0.620716,3491358,mixed,0.0417125,208935
orkut,8,sparse,17,0.0744118,0.188976,0.998769,0.753738,7174466252,mixed,0.0494254,242412
orkut,8,sparse,18,0.284252,0.19033,1.84632,2.79487,235463640,mixed,0.187666,517570
orkut,8,sparse,19,0.296134,0.223538,1.85918,3.03091,7035951,mixed,0.205939,628574
orkut,8,sparse,20,0.225394,0.185661,0.791077,2.74961,68766188,mixed,0.178321,1441927
orkut,8,sparse,21,0.119453,0.22473,1.76314,1.19112,8157848,mixed,0.0817052,328535
orkut,8,sparse,22,0.313615,0.178011,2.21503,3.28745,35838711,mixed,0.147067,727338
orkut,8,sparse,23,0.174688,0.162386,0.870101,1.55912,757901461,mixed,0.0995635,465278
orkut,8,sparse,24,0.0814208,0.216801,1.19505,0.748284,99195520,mixed,0.0602145,227299
orkut,8,sparse,25,0.700476,0.181879,1.27694,7.46485,8203658,mixed,0.156374,1616355
orkut,8,sparse,26,0.704013,0.206872,1.8498,13.9149,90808455,mixed,0.389791,8873466
orkut,8,sparse,27,0.186523,0.186534,1.05146,1.87494,34188630,mixed,0.13341,386435
orkut,8,sparse,28,0.738056,0.167969,1.00278,10.5828,92861945,mixed,0.618634,2250611
orkut,8,sparse,29,0.155188,0.143748,1.50684,1.29022,159265345,mixed,0.118798,156964
orkut,8,sparse,30,0.102104,0.183795,0.803172,1.04842,6936870135,mixed,0.0736283,240411
orkut,8,sparse,31,0.16179,0.143728,0.99678,1.2731,176310970,mixed,0.0713669,214271
orkut,8,sparse,32,0.314871,0.189723,0.77747,2.74212,184990017,mixed,0.141192,862886
orkut,8,sparse,33,0.266214,0.228044,1.517,3.21271,31596444,mixed,0.0945321,1328900
orkut,8,sparse,34,0.139212,0.240989,1.15281,1.23648,417744825,mixed,0.0766164,282195
orkut,8,sparse,35,0.42842,0.179567,1.10809,4.40768,2169441,mixed,0.264731,1074073
orkut,8,sparse,36,0.206405,0.198796,1.02467,1.58065,4689733,mixed,0.076673,237656
orkut,8,sparse,37,1.36078,0.218736,1.25111,33.045,12514511,mixed,1.16745,20326605
orkut,8,sparse,38,0.0796906,0.195843,1.14148,0.643186,85193202,mixed,0.03252,281329
orkut,8,sparse,39,0.169267,0.211954,1.32853,1.18835,231061233,mixed,0.125422,248498
orkut,8,sparse,40,0.0885863,0.184652,1.00865,0.787687,152094953,mixed,0.0715541,292330
orkut,8,sparse,41,0.25989,0.198179,1.14867,2.4743,37304323,mixed,0.210038,532674
orkut,8,sparse,42,0.171408,0.188039,1.68123,1.70278,52987143,mixed,0.101211,656634
orkut,8,sparse,43,0.202331,0.200756,1.3203,2.14182,18661953,mixed,0.162387,325855
orkut,8,sparse,44,0.102828,0.216934,1.12907,0.845121,303782321,mixed,0.0704487,256948
orkut,8,sparse,45,0.06316,0.179872,0.926588,0.566561,358218952,mixed,0.0337976,208642
orkut,8,sparse,46,0.300432,0.209802,1.21346,2.62324,60490894,mixed,0.113841,1007817
orkut,8,sparse,47,0.364885,0.221268,1.25224,3.58919,81804683,mixed,0.258454,672016
orkut,8,sparse,48,0.131232,0.229811,0.884836,1.17298,20609844401,mixed,0.0645065,235933
orkut,8,sparse,49,0.316764,0.176189,0.858857,3.55727,95526817,mixed,0.21484,742817
orkut,8,sparse,50,0.280245,0.170345,0.75923,2.58012,1133493399,mixed,0.168351,765537
orkut,8,sparse,51,0.148168,0.209759,1.406,1.08225,84301806,mixed,0.0383402,218454
orkut,8,sparse,52,0.109911,0.223398,1.16328,1.03431,1417027903,mixed,0.0713422,235702
orkut,8,sparse,53,0.216119,0.258459,1.38504,1.85456,9160327,mixed,0.101473,712350
orkut,8,sparse,54,0.226092,0.213942,1.64862,1.96497,3746747,mixed,0.197423,394861
orkut,8,sparse,55,0.255428,0.229637,1.67163,2.473,167478013,mixed,0.199466,426096
orkut,8,sparse,56,0.299676,0.170735,2.00552,2.62488,15869848,mixed,0.115118,764595
orkut,8,sparse,57,0.116242,0.205295,1.28833,1.13442,52061678,mixed,0.0627214,557837
orkut,8,sparse,58,0.547563,0.190592,1.73333,4.11689,129528378,mixed,0.525714,884452
orkut,8,sparse,59,0.219935,0.136023,1.35976,3.06942,110852721,mixed,0.154853,1034559
orkut,8,sparse,60,0.306511,0.189381,1.21355,3.44177,73035248,mixed,0.239054,500059
orkut,8,sparse,61,0.0777929,0.173832,0.841246,0.742302,163093189278,mixed,0.0493273,219689
orkut,8,sparse,62,0.100272,0.181504,1.3821,0.803169,6689138,mixed,0.0634433,250912
orkut,8,sparse,63,0.531952,0.142383,0.91507,7.40101,64843996,mixed,0.0751446,246724
orkut,8,sparse,64,0.481498,0.209938,1.08415,5.14731,99466641,mixed,0.0778954,1912582
orkut,8,sparse,65,0.489058,0.173443,1.39852,5.44684,3923620406,mixed,0.150743,1085166
orkut,8,sparse,66,0.240241,0.236634,0.857995,1.93995,2267258441,mixed,0.0880341,210902
orkut,8,sparse,67,0.308381,0.20994,1.31498,2.96269,344039194,mixed,0.301614,989791
orkut,8,sparse,68,0.783065,0.145644,1.20857,12.999,273966630,mixed,0.349411,3606089
orkut,8,sparse,69,0.314289,0.188749,1.02442,3.94031,31456870,mixed,0.184261,938779
orkut,8,sparse,70,0.0893246,0.184427,1.50046,0.974047,893084,mixed,0.050489,430294
orkut,8,sparse,71,0.0893393,0.149084,1.11615,0.899123,23907520,mixed,0.0644316,264910
orkut,8,sparse,72,0.498358,0.18757,1.94087,7.04879,18048580,mixed,0.236078,1835579
orkut,8,sparse,73,0.098662,0.165744,1.02037,0.81244,10517516884,mixed,0.0781998,243957
orkut,8,sparse,74,0.305476,0.156124,1.25387,2.82363,766258107,mixed,0.116867,1124221
orkut,8,sparse,75,0.210788,0.156865,1.22179,2.25719,332022566,mixed,0.156763,733250
orkut,8,sparse,76,0.342536,0.207589,0.891991,2.88312,232763274,mixed,0.219185,323243
orkut,8,sparse,77,0.0996649,0.184066,1.29794,1.06576,250132390,mixed,0.0653838,289273
orkut,8,sparse,78,0.175042,0.201625,1.0746,1.94599,465241707,mixed,0.122961,609505
orkut,8,sparse,79,0.62083,0.210502,1.01255,8.36898,7008744,mixed,0.510463,1047557
orkut,8,sparse,80,0.118448,0.207371,1.24719,1.15903,21521647,mixed,0.073414,312346
orkut,8,sparse,81,0.155103,0.207715,0.901903,1.65979,292122423,mixed,0.107546,614991
orkut,8,sparse,82,0.211039,0.202153,0.919741,2.40328,41304099,mixed,0.118481,1017780
orkut,8,sparse,83,0.296774,0.222328,1.25734,3.53857,58158904,mixed,0.172656,1282977
orkut,8,sparse,84,0.0789994,0.199281,0.845512,0.84268,279170972,mixed,0.0475349,270423
orkut,8,sparse,85,0.16087,0.230003,1.96757,1.60209,4682498,mixed,0.104878,731983
orkut,8,sparse,86,0.174233,0.198392,1.11416,2.34724,50730079,mixed,0.130075,1258339
orkut,8,sparse,87,0.284685,0.234404,0.887892,2.60705,7123295,mixed,0.10317,939011
orkut,8,sparse,88,0.345823,0.215654,1.10209,3.54521,690115599,mixed,0.201686,1001175
orkut,8,sparse,89,0.345436,0.227577,1.03655,3.39779,52596401,mixed,0.147029,1106448
orkut,8,sparse,90,0.105046,0.147217,1.31504,0.960449,56605573,mixed,0.0721267,227821
orkut,8,sparse,91,0.147669,0.207939,1.42356,1.30182,228034967,mixed,0.0866535,321045
orkut,8,sparse,92,0.103594,0.199873,0.830774,0.893276,6163576359,mixed,0.0461723,235346
orkut,8,sparse,93,0.252624,0.18767,0.86488,3.07985,20232444,mixed,0.18062,982471
orkut,8,sparse,94,0.0764756,0.191789,0.764637,0.674258,3797103790,mixed,0.051202,226118
orkut,8,sparse,95,0.217527,0.164907,1.35276,1.52602,98833927,mixed,0.0896626,212202
orkut,8,sparse,96,0.0835073,0.217975,1.32313,0.688087,6030354,mixed,0.0331461,247738
orkut,8,sparse,97,0.422152,0.21064,1.04693,4.13725,41239012,mixed,0.273212,1090392
orkut,8,sparse,98,0.153536,0.193167,1.21469,1.533,6511009833,mixed,0.0912348,296919
orkut,8,sparse,99,0.170901,0.188197,1.11678,1.4863,4673748521,mixed,0.120734,229330
orkut,8,sparse,100,0.217025,0.221902,1.5391,2.06092,43231350,mixed,0.147527,274902
