dataset,query_size,query_mode,query_index,elapsed_execution_time,filter_time,plan_time,enumerate_time,n_embeddings,order,max_task_time,n_intersections
orkut,12,dense,1,0.195937,0.342638,0.130251,3.96005,6164009,mixed,0.105178,310346
orkut,12,dense,2,0.679907,0.366627,0.107154,17.0652,1779145475,mixed,0.162038,212476
orkut,12,dense,3,0.200586,0.32448,0.0931964,3.14925,18313414884,mixed,0.124419,267921
orkut,12,dense,4,0.565793,0.378933,0.127901,13.7405,4722778,mixed,0.076929,298832
orkut,12,dense,5,0.678854,0.274167,0.114068,16.5764,1823651,mixed,0.158328,306370
orkut,12,dense,6,0.122985,0.34101,0.106827,2.94337,638121960,mixed,0.0427836,245257
orkut,12,dense,7,1.01223,0.284867,0.0983789,25.3165,15314284,mixed,0.0707835,181854
orkut,12,dense,8,1.08216,0.389898,0.130979,24.2543,587410,mixed,0.538813,4931578
orkut,12,dense,9,0.928589,0.3681,0.101458,23.5344,785975,mixed,0.0741463,274680
orkut,12,dense,10,0.722608,0.321876,0.107011,18.0049,104141578,mixed,0.196373,306496
orkut,12,dense,11,1.08383,0.354821,0.119149,27.5547,1309209,mixed,0.233835,431387
orkut,12,dense,12,0.687827,0.319068,0.109399,17.2153,4449662,mixed,0.0694357,138404
orkut,12,dense,13,0.653639,0.314157,0.100617,16.2057,241168,mixed,0.144089,303875
orkut,12,dense,14,0.174207,0.31204,0.104597,3.31054,1153864479,mixed,0.112279,347317
orkut,12,dense,15,0.412608,0.337034,0.112294,9.85278,1602724,mixed,0.0410289,345448
orkut,12,dense,16,0.420371,0.389052,0.129962,8.26278,26225156,mixed,0.273671,1724920
orkut,12,dense,17,0.754306,0.339696,0.108926,18.442,311048088,mixed,0.713554,1112958
orkut,12,dense,18,0.893361,0.27937,0.101783,22.6293,2119092268,mixed,0.315489,394068
orkut,12,dense,19,0.583857,0.402727,0.102196,14.4956,64388467,mixed,0.0446301,304989
orkut,12,dense,20,0.860562,0.39575,0.108499,21.6889,1036888,mixed,0.511209,848160
orkut,12,dense,21,0.9778,0.273353,0.114617,24.6615,388122265,mixed,0.149196,369795
orkut,12,dense,22,0.187653,0.319479,0.124308,3.51349,120957950,mixed,0.12941,426878
orkut,12,dense,23,0.206462,0.436164,0.0975139,4.74463,14075084,mixed,0.0435755,269802
orkut,12,dense,24,0.700977,0.33225,0.116524,17.6696,2544803,mixed,0.0620363,333424
orkut,12,dense,25,1.20534,0.371182,0.161458,23.3493,1110635,mixed,0.707353,5300904
orkut,12,dense,26,1.28857,0.392995,0.13219,25.1,1862940,mixed,0.130966,2196812
orkut,12,dense,27,1.02922,0.255158,0.12663,20.981,81327845,mixed,0.179919,2631879
orkut,12,dense,28,0.125709,0.319839,0.0995062,2.46666,32104427,mixed,0.0893934,405179
orkut,12,dense,29,0.206359,0.291806,0.107256,4.21576,947585,mixed,0.105844,239884
orkut,12,dense,30,0.723126,0.32007,0.113436,17.992,2496309,mixed,0.175995,535354
orkut,12,dense,31,0.110901,0.317284,0.0919299,2.59701,8385575,mixed,0.0542435,176004
orkut,12,dense,32,0.480021,0.358224,0.111901,10.6265,14939556,mixed,0.0407688,394106
orkut,12,dense,33,1.17985,0.300284,0.126782,29.6168,19946656,mixed,0.0892822,369444
orkut,12,dense,34,0.347789,0.289877,0.11533,8.54388,38701530,mixed,0.191649,402209
orkut,12,dense,35,1.08065,0.2425,0.105967,27.9894,31133806,mixed,0.109824,336905
orkut,12,dense,36,0.181547,0.307637,0.131637,3.33762,3500983,mixed,0.129183,344054
orkut,12,dense,37,1.32264,0.373654,0.112745,28.2933,964467713,mixed,1.24982,1259225
orkut,12,dense,38,0.119068,0.290763,0.0868847,2.89857,5200899,mixed,0.0809898,242601
orkut,12,dense,39,0.610916,0.35834,0.09853,14.993,3246127331,mixed,0.203777,299073
orkut,12,dense,40,0.598134,0.316481,0.0994136,10.5451,3667664135,mixed,0.310727,670959
orkut,12,dense,41,0.468118,0.376822,0.115757,11.365,177486159,mixed,0.389593,420688
orkut,12,dense,42,0.603614,0.330625,0.13405,11.3767,7984455,mixed,0.0487977,607937
orkut,12,dense,43,0.422921,0.385304,0.116621,10.1068,2374488,mixed,0.126888,622532
orkut,12,dense,44,1.2569,0.283139,0.127277,31.7333,2297452,mixed,0.38304,814822
orkut,12,dense,45,0.356517,0.313752,0.112246,8.60994,3659718,mixed,0.0385373,179436
orkut,12,dense,46,0.743052,0.394208,0.105693,18.3169,28050640,mixed,0.216668,374444
orkut,12,dense,47,0.578314,0.294413,0.0983683,14.1102,929575,mixed,0.114088,240206
orkut,12,dense,48,0.322979,0.271086,0.114783,6.37239,2506858,mixed,0.0523337,548124
orkut,12,dense,49,0.134098,0.353275,0.104612,3.11703,531165312,mixed,0.0846245,291394
orkut,12,dense,50,1.01965,0.283138,0.116847,25.4408,3628289,mixed,0.119264,313151
orkut,12,dense,51,1.62954,0.362101,0.12513,40.0979,416121,mixed,0.0691498,204045
orkut,12,dense,52,0.888111,0.386899,0.109456,21.8427,64703,mixed,0.0951199,662538
orkut,12,dense,53,0.110923,0.369191,0.0934731,2.63937,3420511,mixed,0.0626909,326581
orkut,12,dense,54,1.09367,0.302299,0.14259,27.682,1322464,mixed,0.20895,605254
orkut,12,dense,55,0.711913,0.314457,0.135075,17.7161,4457801,mixed,0.0676849,292905
orkut,12,dense,56,0.466837,0.396409,0.109834,10.4232,16072774,mixed,0.425054,682655
orkut,12,dense,57,0.332981,0.321513,0.0995597,6.11783,14963375,mixed,0.123344,482957
orkut,12,dense,58,1.18381,0.348615,0.115893,29.4178,170914,mixed,0.0746225,259651
orkut,12,dense,59,0.327376,0.249075,0.129951,7.81709,2405655,mixed,0.112138,305557
orkut,12,dense,60,0.852106,0.337429,0.102315,20.531,86441390,mixed,0.807358,996483
orkut,12,dense,61,0.381246,0.436911,0.103063,9.33247,227928,mixed,0.133359,305644
orkut,12,dense,62,0.467968,0.297357,0.117666,11.2749,12955846,mixed,0.140762,249625
orkut,12,dense,63,0.243133,0.32709,0.123389,3.63371,182810958,mixed,0.125063,542413
orkut,12,dense,64,0.730414,0.346897,0.100329,18.1978,4360556,mixed,0.165554,334576
orkut,12,dense,65,0.998047,0.358662,0.100314,24.9842,6315933,mixed,0.0731159,222139
orkut,12,dense,66,0.594894,0.306056,0.118176,14.3326,30095979,mixed,0.249126,556802
orkut,12,dense,67,0.43178,0.242219,0.0916463,10.5232,387022562,mixed,0.0542711,250564
orkut,12,dense,68,0.824041,0.378043,0.0962294,21.0327,5900594,mixed,0.403325,428475
orkut,12,dense,69,0.231158,0.263091,0.105617,4.0475,4188440395,mixed,0.139549,494589
orkut,12,dense,70,0.921268,0.253809,0.0879386,23.2674,10772072854,mixed,0.14803,299801
orkut,12,dense,71,1.03072,0.313828,0.136711,25.676,5525285,mixed,0.237067,410249
orkut,12,dense,72,0.175132,0.393817,0.125723,3.84353,1113659,mixed,0.0570435,250893
orkut,12,dense,73,1.04318,0.349293,0.117227,26.1045,7163955,mixed,0.103085,249236
orkut,12,dense,74,0.830998,0.295557,0.121301,20.3359,25792580,mixed,0.773765,1153894
orkut,12,dense,75,0.35701,0.371305,0.101941,9.00538,338574519,mixed,0.298548,523922
orkut,12,dense,76,1.20557,0.330261,0.106015,30.4237,2763700,mixed,0.16536,354693
orkut,12,dense,77,0.841338,0.305952,0.104942,20.7143,121800527,mixed,0.0956306,305471
orkut,12,dense,78,0.153839,0.36866,0.11552,3.15184,1297322,mixed,0.0912293,347107
orkut,12,dense,79,1.12049,0.31322,0.117868,28.1209,2412326,mixed,0.0799757,316349
orkut,12,dense,80,0.836659,0.340469,0.122933,21.3273,245627,mixed,0.137231,343777
orkut,12,dense,81,0.377533,0.373307,0.104427,9.24191,362201,mixed,0.0763292,434366
orkut,12,dense,82,0.336869,0.38688,0.103316,8.0808,3721973,mixed,0.081667,223629
orkut,12,dense,83,1.09748,0.367979,0.112376,27.4771,242658596,mixed,0.140047,327582
orkut,12,dense,84,0.385116,0.375901,0.102623,9.1182,802241,mixed,0.0904357,340528
orkut,12,dense,85,0.83509,0.396128,0.105331,20.8363,412898,mixed,0.201894,366712
orkut,12,dense,86,0.297803,0.328929,0.108147,7.04586,186287984,mixed,0.106371,227751
orkut,12,dense,87,0.762867,0.329833,0.124173,19.329,1142458,mixed,0.173611,370409
orkut,12,dense,88,0.543038,0.320629,0.111553,13.18,559053989,mixed,0.462351,356385
orkut,12,dense,89,0.177219,0.350289,0.105469,3.65877,378296213,mixed,0.101684,279239
orkut,12,dense,90,0.233351,0.254028,0.133776,4.58151,440185,mixed,0.153633,898789
orkut,12,dense,91,0.807845,0.327168,0.0955658,19.9829,73031202,mixed,0.105598,237893
orkut,12,dense,92,0.868646,0.328326,0.124589,21.8838,814014,mixed,0.721511,966100
orkut,12,dense,93,0.823409,0.344536,0.119445,20.1542,99180438,mixed,0.774914,809478
orkut,12,dense,94,0.954136,0.299354,0.126905,23.4778,1340939,mixed,0.285464,572894
orkut,12,dense,95,0.419918,0.330524,0.111486,8.15713,201816623,mixed,0.0480075,474745
orkut,12,dense,96,0.802328,0.323187,0.124002,20.0801,3926809,mixed,0.159612,371080
orkut,12,dense,97,0.442104,0.340776,0.12033,10.6758,512940739,mixed,0.337294,546543
orkut,12,dense,98,0.364088,0.409878,0.131742,8.55923,24319065,mixed,0.115425,419556
orkut,12,dense,99,0.584595,0.269897,0.124227,14.4806,21329227,mixed,0.091566,308490
orkut,12,dense,100,0.786989,0.299966,0.113655,19.6416,45054691,mixed,0.0808995,250668
orkut,12,sparse,1,0.772218,0.233782,0.124924,19.2581,70617033,mixed,0.223707,663684
orkut,12,sparse,2,0.965485,0.302543,0.150587,23.6764,7347119773,mixed,0.7704,778672
orkut,12,sparse,3,0.937709,0.303391,0.138284,20.3487,6127758497,mixed,0.856677,1128257
orkut,12,sparse,4,0.252792,0.294869,0.114054,5.38512,2808695605,mixed,0.189276,377263
orkut,12,sparse,5,7.42286,0.326074,0.176046,197.837,7274486625,mixed,5.31433,91935726
orkut,12,sparse,6,0.699405,0.304039,0.118381,17.1044,875445718926,mixed,0.23172,270987
orkut,12,sparse,7,1.30472,0.348392,0.145228,25.2881,2050343569,mixed,0.544054,8574868
orkut,12,sparse,8,0.225498,0.313847,0.15201,4.61034,92709447,mixed,0.142507,814618
orkut,12,sparse,9,0.731011,0.319161,0.138313,17.085,1151105640985,mixed,0.610611,1088668
orkut,12,sparse,10,0.895284,0.292824,0.147895,21.9516,354551855,mixed,0.398811,502530
orkut,12,sparse,11,0.71187,0.302935,0.150417,13.6095,4563650060,mixed,0.478602,1822286
orkut,12,sparse,12,1.08538,0.290384,0.134695,26.9081,2129071313,mixed,1.0296,1325259
orkut,12,sparse,13,1.09061,0.299301,0.118021,27.3115,17032970890,mixed,0.255013,635626
orkut,12,sparse,14,1.60902,0.224576,0.143975,38.2658,558212617,mixed,1.5042,1947978
orkut,12,sparse,15,1.18046,0.305114,0.117088,29.833,241859393,mixed,0.46109,860925
orkut,12,sparse,16,0.363107,0.287165,0.115188,8.30501,2297235106968,mixed,0.323339,249742
orkut,12,sparse,17,0.83691,0.306068,0.123569,18.9422,1491485607,mixed,0.0517398,841640
orkut,12,sparse,18,0.844774,0.254919,0.120366,20.8401,11535471201,mixed,0.127116,292192
orkut,12,sparse,19,0.939834,0.342852,0.111827,22.7221,52747627736,mixed,0.335383,717692
orkut,12,sparse,20,1.83411,0.268468,0.145849,42.7256,338921322,mixed,1.01126,18768611
orkut,12,sparse,21,1.31988,0.35916,0.127253,32.9989,225380367,mixed,0.166043,362214
orkut,12,sparse,22,0.55445,0.34001,0.135436,13.449,2737546136,mixed,0.281856,393918
orkut,12,sparse,23,12.7446,0.28797,0.161496,381.717,21682492424,mixed,10.7803,242613726
orkut,12,sparse,24,1.53511,0.26208,0.120308,34.2047,158798314648,mixed,1.50639,756045
orkut,12,sparse,25,0.80728,0.291898,0.127962,20.2536,186342788823,mixed,0.441249,690157
orkut,12,sparse,26,0.415921,0.300598,0.133714,9.05943,2539858908,mixed,0.153203,289079
orkut,12,sparse,27,0.659654,0.315508,0.138327,15.7871,28520821822,mixed,0.618251,443054
orkut,12,sparse,28,0.657988,0.346511,0.154347,13.1768,74065992,mixed,0.247089,1399389
orkut,12,sparse,29,1.7362,0.293259,0.139527,29.0446,16367852745,mixed,1.23475,2972906
orkut,12,sparse,30,1.28764,0.301915,0.131054,27.8138,17570375658987,mixed,0.996642,1100191
orkut,12,sparse,31,0.501654,0.287754,0.166525,10.0154,10043473536,mixed,0.327741,1454538
orkut,12,sparse,32,1.59468,0.277313,0.126978,38.2075,29968034469,mixed,1.38171,1858611
orkut,12,sparse,33,1.30597,0.292965,0.126736,26.0813,30516398085,mixed,0.149868,1002005
orkut,12,sparse,34,0.300926,0.262089,0.122178,6.61014,108330122998,mixed,0.203023,569858
orkut,12,sparse,35,0.495485,0.284396,0.117722,12.1856,289650940,mixed,0.369019,746381
orkut,12,sparse,36,0.626198,0.323168,0.114068,14.429,9013777879,mixed,0.146749,865473
orkut,12,sparse,37,0.760624,0.273066,0.144844,14.5187,32542690323,mixed,0.612839,2006717
orkut,12,sparse,38,0.603705,0.311006,0.132779,12.0653,2818476666,mixed,0.461371,1084840
orkut,12,sparse,39,1.42804,0.311891,0.132628,29.2516,449040903143,mixed,0.134761,966939
orkut,12,sparse,40,0.812468,0.337008,0.120848,18.1136,4541399447,mixed,0.728525,1582696
orkut,12,sparse,41,0.63382,0.239926,0.123873,15.5516,214006662219,mixed,0.557071,497488
orkut,12,sparse,42,2.14557,0.317866,0.13465,45.5022,15151049902,mixed,1.92356,8406861
orkut,12,sparse,43,0.431844,0.335761,0.108051,9.66059,59252693049,mixed,0.136837,577817
orkut,12,sparse,44,1.15819,0.267832,0.135226,28.4335,8249299891,mixed,0.194534,367051
orkut,12,sparse,45,0.422103,0.312142,0.141865,6.11278,2129603706,mixed,0.161485,1018923
orkut,12,sparse,46,3.95911,0.254456,0.135949,83.6277,9209261458,mixed,3.06145,13275436
orkut,12,sparse,47,0.771656,0.268119,0.138475,15.3673,827767693,mixed,0.562668,2248632
orkut,12,sparse,48,0.891435,0.270375,0.111507,22.4215,1239219687722,mixed,0.832247,583113
orkut,12,sparse,49,0.41881,0.287917,0.124587,7.98306,542789406666,mixed,0.18627,846358
orkut,12,sparse,50,1.1669,0.26359,0.13292,28.8496,73927910,mixed,0.257494,748731
orkut,12,sparse,51,0.317333,0.269072,0.128563,7.11815,225980944745,mixed,0.203726,796862
orkut,12,sparse,52,0.632764,0.241438,0.12845,13.3673,289442532503,mixed,0.447922,1074248
orkut,12,sparse,53,0.668661,0.244292,0.150256,14.9779,2451457103,mixed,0.489194,1542423
orkut,12,sparse,54,0.307855,0.299127,0.139612,5.28387,56310785,mixed,0.195464,890707
orkut,12,sparse,55,2.53959,0.255597,0.135711,54.8585,68078889371,mixed,1.27031,8260932
orkut,12,sparse,56,1.49008,0.302802,0.180794,34.0848,32482323683,mixed,0.60343,9741993
orkut,12,sparse,57,0.230925,0.235897,0.103533,5.04282,54528642390,mixed,0.136984,316433
orkut,12,sparse,58,1.07111,0.251114,0.12889,26.3521,114813414528,mixed,0.28089,308004
orkut,12,sparse,59,0.705043,0.278301,0.154022,16.4904,413920281,mixed,0.636055,1001213
orkut,12,sparse,60,0.457058,0.254098,0.110354,11.171,83449467243,mixed,0.256029,924713
orkut,12,sparse,61,0.945003,0.244897,0.154115,21.7239,1325981362,mixed,0.804417,1365200
orkut,12,sparse,62,0.652023,0.353923,0.132394,15.5904,124543497,mixed,0.182428,1086205
orkut,12,sparse,63,2.42752,0.281406,0.155583,57.5574,2618402804,mixed,1.11603,18981648
orkut,12,sparse,64,1.13702,0.293648,0.148401,23.7299,35720430461,mixed,0.58107,4191084
orkut,12,sparse,65,0.853182,0.261101,0.141073,19.3187,80151297891,mixed,0.827466,466870
orkut,12,sparse,66,1.01479,0.27872,0.097789,25.3191,42633001563,mixed,0.178219,309196
orkut,12,sparse,67,0.211298,0.302566,0.123025,4.19926,109855883823,mixed,0.129401,351204
orkut,12,sparse,68,0.685358,0.245591,0.128261,16.9192,30995830371,mixed,0.48269,1165855
orkut,12,sparse,69,0.924933,0.281272,0.143027,18.3519,252885380,mixed,0.540393,2321722
orkut,12,sparse,70,0.747537,0.284211,0.120936,15.2843,249740166980,mixed,0.542052,926648
orkut,12,sparse,71,1.34892,0.275278,0.138327,25.4327,384088826085,mixed,0.405609,1264389
orkut,12,sparse,72,0.279083,0.300619,0.121406,6.198,5622743110840,mixed,0.0708253,290292
orkut,12,sparse,73,1.75835,0.401618,0.136021,39.2608,312859200,mixed,1.2037,4305471
orkut,12,sparse,74,0.208317,0.315642,0.129808,3.98202,23999906,mixed,0.127103,349023
orkut,12,sparse,75,2.62902,0.338321,0.177609,57.4976,31851839,mixed,1.61575,9544954
orkut,12,sparse,76,1.23214,0.29217,0.144161,23.9748,265361807109,mixed,0.189419,1742582
orkut,12,sparse,77,0.674793,0.264512,0.109417,14.3692,57031912849,mixed,0.040811,321393
orkut,12,sparse,78,0.260108,0.359434,0.118355,3.73143,147382817577,mixed,0.130286,730805
orkut,12,sparse,79,0.686312,0.282047,0.126246,14.5825,89709660181,mixed,0.60768,949221
orkut,12,sparse,80,0.827789,0.289178,0.121377,18.3409,27739772307,mixed,0.257146,1631392
orkut,12,sparse,81,0.257443,0.374201,0.117789,4.91395,1039492595,mixed,0.158413,807219
orkut,12,sparse,82,0.706619,0.352296,0.161181,13.8639,7978416401,mixed,0.282454,1047604
orkut,12,sparse,83,1.69827,0.263201,0.136979,40.2448,74959010244,mixed,0.589048,6565483
orkut,12,sparse,84,1.20323,0.27034,0.155977,30.0307,123160480,mixed,0.803631,862349
orkut,12,sparse,85,1.31795,0.301531,0.134431,23.7675,953354126614,mixed,0.869829,3340193
orkut,12,sparse,86,0.768431,0.34364,0.157161,16.2544,311309713,mixed,0.560544,2310888
orkut,12,sparse,87,1.14619,0.235586,0.142577,24.8822,35469601875,mixed,0.948333,1495987
orkut,12,sparse,88,1.42877,0.33381,0.137934,29.5,1146656523,mixed,1.01045,2117004
orkut,12,sparse,89,0.507922,0.338496,0.113421,12.1466,1939357227,mixed,0.148529,302804
orkut,12,sparse,90,5.90306,0.379673,0.146437,151.643,1025439449,mixed,3.41914,104359948
orkut,12,sparse,91,4.06409,0.272194,0.172036,90.2422,833441580,mixed,2.93125,81570763
orkut,12,sparse,92,0.628899,0.321175,0.122569,15.1258,2551596863,mixed,0.11829,329750
orkut,12,sparse,93,0.567309,0.273483,0.154267,8.43476,7785307,mixed,0.396201,1288230
orkut,12,sparse,94,0.593465,0.353208,0.148752,10.5517,36701225,mixed,0.272133,4648599
orkut,12,sparse,95,0.846684,0.268074,0.115945,21.0628,138131120,mixed,0.175853,353394
orkut,12,sparse,96,1.55524,0.280391,0.140798,35.6364,269188155079,mixed,1.38281,900166
orkut,12,sparse,97,0.7207,0.340764,0.107128,17.9209,24377627696,mixed,0.118372,245498
orkut,12,sparse,98,0.864261,0.251792,0.101232,21.869,28083918933,mixed,0.139025,253862
orkut,12,sparse,99,0.902366,0.328063,0.150762,21.3977,1993512224,mixed,0.796896,1583372
orkut,12,sparse,100,1.46491,0.267988,0.139252,26.6936,3810372361,mixed,0.312691,5897551
