dataset,query_size,query_mode,query_index,elapsed_execution_time,filter_time,plan_time,enumerate_time,n_embeddings,order,max_task_time,n_intersections
human,8,dense,1,1.00535,0.00120531,0.00106443,19.8845,4104560319,0 1 6 2 3 7 4 5 ,0.706465,3563326
human,8,dense,2,5.19471,0.00131654,0.00239964,126.883,135118306,mixed,3.92352,62162095
human,8,dense,3,0.295721,0.000924297,0.000963507,0.316835,6306706800,2 0 1 3 5 7 4 6 ,0.205575,175804
human,8,dense,4,0.428376,0.000947435,0.000958742,0.99716,91743660,1 0 2 3 4 5 7 6 ,0.222527,424397
human,8,dense,5,19.1874,0.00101648,0.00127646,565.27,236133137485,7 1 2 3 4 5 0 6 ,15.5837,91726063
human,8,dense,6,0.00471558,0.000942802,0.00122664,0.00456382,330225,7 2 1 0 3 4 5 6 ,0.00456382,431
human,8,dense,7,0.00131939,0.00080818,0.00107806,0.00121046,68531400,2 5 6 4 0 1 3 7 ,0.00121046,546
human,8,dense,8,256.305,0.00125594,0.00120153,8190.06,23513204524,0 3 4 1 2 5 6 7 ,57.8151,2030936478
human,8,dense,9,21.4047,0.00121036,0.00145238,566.831,30888680733,1 4 6 0 2 3 5 7 ,18.8759,209829632
human,8,dense,11,1.51445,0.001269,0.00184844,34.0787,5273250577,mixed,0.99435,5702688
human,8,dense,12,1.90254,0.000754556,0.00135078,1.90233,344150688,2 0 1 4 5 6 3 7 ,1.90233,1687
human,8,dense,13,108.584,0.00123813,0.00139348,3383.81,6640508456,0 1 2 3 4 5 6 7 ,73.8771,1226021917
human,8,dense,14,15.0449,0.00118834,0.00173081,38.5664,1899003419,mixed,15.0447,19305036
human,8,dense,15,1.90405,0.000914299,0.00109646,46.886,154757235,4 6 0 2 7 1 3 5 ,1.43659,16696138
human,8,dense,16,0.00071774,0.000924899,0.00106552,0.000539595,1080,5 2 7 1 0 3 4 6 ,0.000539595,86
human,8,dense,17,9.91018,0.00215188,0.0035977,269.927,324152494091,mixed,6.83448,83053347
human,8,dense,18,146.216,0.000882036,0.0022542,4661.31,241965450371,mixed,141.415,1690188912
human,8,dense,19,83.8736,0.00112956,0.00258249,2589.94,163255197941,mixed,79.4924,681384
human,8,dense,20,405.509,0.00120705,0.00130773,12943.1,56916340083,0 7 2 3 1 4 5 6 ,99.7726,3113743688
human,8,dense,21,1.94366,0.000768524,0.00128449,1.9434,344150688,2 0 1 4 5 6 3 7 ,1.9434,1687
human,8,dense,22,59.5871,0.00114953,0.00103604,1894.28,6245683416,0 5 6 1 2 3 4 7 ,25.5573,466085052
human,8,dense,23,0.947006,0.000916304,0.000994184,0.946896,164388000,3 5 7 0 4 6 1 2 ,0.946896,55460
human,8,dense,24,323.354,0.00136637,0.00109569,10283.5,38562572660,0 7 2 1 3 4 5 6 ,65.0363,3066102614
human,8,dense,25,57.5423,0.00150022,0.00366558,1465.57,9774626326867,mixed,52.4245,180795763
human,8,dense,26,2.03658,0.00106032,0.00261361,51.979,22147186962,mixed,1.30082,13877510
human,8,dense,27,0.652583,0.00100572,0.00127054,7.54881,552624748,1 0 5 3 4 2 6 7 ,0.43376,2800445
human,8,dense,28,24.8777,0.000726562,0.00117517,24.8774,4711983160,2 0 1 3 4 5 6 7 ,24.8774,4607
human,8,dense,29,0.762197,0.00104203,0.0018912,10.7817,220264654170,mixed,0.422555,2110193
human,8,dense,30,10.1017,0.0010252,0.00113996,306.226,955510248,1 7 0 5 2 3 4 6 ,2.173,78834271
human,8,dense,31,2.52427,0.000917234,0.00231196,57.4656,185098300171,mixed,0.912133,10264529
human,8,dense,32,190.492,0.00132191,0.00119872,5846.78,1865460502530,5 1 3 4 0 2 6 7 ,176.135,959182868
human,8,dense,33,168.18,0.00121516,0.00197062,4862.98,255329375247,mixed,167.298,924686321
human,8,dense,34,1.79411,0.000979236,0.00106548,44.245,301180362,1 0 7 2 3 4 5 6 ,0.628923,13760265
human,8,dense,35,24.2046,0.00161766,0.00407503,695.911,31792371302,mixed,21.4058,5002915
human,8,dense,36,183.626,0.00085728,0.00128141,183.625,31114478472,7 4 5 6 3 0 1 2 ,183.625,37835
human,8,dense,37,0.0423143,0.000904031,0.00101468,0.0420738,1884636600,6 4 5 3 0 1 2 7 ,0.0420738,22218
human,8,dense,38,54.1895,0.00102374,0.00156246,1718.54,18966340275,3 0 6 1 2 4 5 7 ,49.1579,25177601
human,8,dense,39,0.47039,0.00100412,0.00107634,2.0285,872355969,3 1 6 7 4 5 0 2 ,0.236076,962482
human,8,dense,40,0.00733927,0.000953045,0.00101233,0.00718764,36326400,2 0 4 1 3 6 5 7 ,0.00718764,2842
human,8,dense,41,0.131352,0.000963139,0.00135388,0.131196,33420889040,7 1 2 3 0 4 5 6 ,0.131196,42861
human,8,dense,42,0.426369,0.00109595,0.00134866,0.893358,51921828,2 5 6 7 1 0 3 4 ,0.20604,414398
human,8,dense,43,8.35786,0.000900501,0.00195243,12.3002,7688049363,mixed,8.35744,4626219
human,8,dense,44,1.23421,0.00121951,0.00248172,24.888,744152203,mixed,0.560343,8163034
human,8,dense,45,0.00106676,0.000887863,0.00103936,0.000946517,13500,1 5 6 0 2 3 4 7 ,0.000946517,313
human,8,dense,46,1.01724,0.000776312,0.00120467,1.01707,241741500,6 5 7 1 0 2 3 4 ,1.01707,26782
human,8,dense,47,6.37756,0.00152,0.00347321,183.213,2496355726,mixed,2.799,94793524
human,8,dense,48,0.113483,0.000943506,0.0011143,0.113319,454256,0 2 7 1 3 4 5 6 ,0.113319,63429
human,8,dense,49,0.0734334,0.000791174,0.000966741,0.0732093,268903008,0 1 2 3 6 7 4 5 ,0.0732093,28718
human,8,dense,50,14.4972,0.00099607,0.00180936,424.558,39301202230,mixed,2.86615,137151378
human,8,dense,51,0.351431,0.00130077,0.00123968,0.570064,7037852577,1 0 6 2 4 7 3 5 ,0.216331,293089
human,8,dense,52,25.4148,0.00123322,0.00116438,681.227,136545915289,0 5 6 2 3 4 1 7 ,21.9832,168641270
human,8,dense,53,13.3199,0.00120899,0.00229963,407.014,965521519,mixed,5.5211,110122316
human,8,dense,54,0.917515,0.00139778,0.00098909,15.8575,10730691346,1 5 2 3 6 0 4 7 ,0.586132,2582540
human,8,dense,55,1.92402,0.000806475,0.00129614,1.92384,344150688,2 0 1 4 5 6 3 7 ,1.92384,1687
human,8,dense,56,8.28359,0.000975821,0.0016049,186.161,21500964608,1 0 2 3 4 5 6 7 ,5.18441,41515314
human,8,dense,57,148.207,0.00129578,0.00138823,4625.02,970854081446,0 3 2 4 5 6 1 7 ,141.602,1337409959
human,8,dense,58,4.61157,0.00101915,0.000997063,124.243,24163956664,3 1 2 6 4 5 7 0 ,3.57444,25423618
human,8,dense,59,103.333,0.00153797,0.00128814,3293.36,14795058895,7 0 1 2 3 4 5 6 ,72.3105,778574929
human,8,dense,60,0.00153887,0.000642201,0.00119123,0.00143584,16,1 0 2 3 4 5 6 7 ,0.00143584,989
human,8,dense,61,0.00131661,0.00104896,0.0010122,0.0012205,133640,3 2 0 1 5 6 7 4 ,0.0012205,645
human,8,dense,62,106.037,0.000772815,0.00269005,3331.16,231558516504,mixed,70.616,1335660698
human,8,dense,63,1.67954,0.000796062,0.00215397,38.2259,40779579,mixed,1.14346,19324082
human,8,dense,64,0.677009,0.000929934,0.00144281,9.24615,28447253841,0 4 3 5 6 2 1 7 ,0.494697,3501913
human,8,dense,65,26.8322,0.00105716,0.00168457,684.614,50483661252,3 7 1 2 4 5 0 6 ,23.7826,160575770
human,8,dense,66,222.039,0.00109901,0.00239227,6954.05,501822808604,mixed,182.749,1307619
human,8,dense,67,0.00889311,0.00105919,0.00111923,0.00873178,55262400,3 4 5 1 2 0 6 7 ,0.00873178,3409
human,8,dense,68,63.3464,0.000887983,0.00292479,366.207,658931286,mixed,63.3453,176354382
human,8,dense,69,0.00126198,0.000964484,0.000945294,0.0011515,97683360,2 0 3 4 5 6 7 1 ,0.0011515,291
human,8,dense,70,59.0232,0.001329,0.00117435,1873.9,339501388690,0 2 1 6 3 4 5 7 ,43.6266,468864854
human,8,dense,71,32.5787,0.00136012,0.00113408,934.671,152636570134,4 7 0 3 1 2 5 6 ,27.313,262198765
human,8,dense,72,0.00303742,0.000923296,0.000970349,0.00293861,28160,4 2 3 6 5 7 1 0 ,0.00293861,2595
human,8,dense,73,0.571727,0.00111343,0.000899033,4.78916,1888563124,2 4 0 1 3 5 6 7 ,0.218409,1500560
human,8,dense,74,0.306702,0.000882058,0.00171538,0.407923,8221976,mixed,0.306489,318326
human,8,dense,75,0.955709,0.000945784,0.000953963,15.3195,90565683,2 0 1 3 4 5 6 7 ,0.495496,6919656
human,8,dense,76,1.94678,0.00079776,0.00134675,1.94661,344150688,2 0 1 4 5 6 3 7 ,1.94661,1687
human,8,dense,77,7.32659,0.00117919,0.0011181,221.154,1491296268,1 0 3 4 6 7 2 5 ,2.48759,50118113
human,8,dense,78,13.022,0.000939798,0.00238026,398.472,1262670590871,mixed,4.15569,59498308
human,8,dense,79,11.9459,0.00101722,0.00124323,368.32,18576759384,0 6 2 1 3 4 5 7 ,9.16547,146622111
human,8,dense,81,25.6087,0.00122664,0.00127555,803.877,123536200610,1 7 5 6 0 2 3 4 ,22.1316,171276956
human,8,dense,82,0.907051,0.00105224,0.00151792,12.2633,6071234974,2 4 0 1 3 6 7 5 ,0.492437,3557850
human,8,dense,83,18.3162,0.000869194,0.00136305,523.514,4399359599216,6 4 1 0 5 3 2 7 ,10.9501,128287666
human,8,dense,84,9.28207,0.000962142,0.00164798,252.416,193080825348,2 6 7 5 1 3 0 4 ,8.54815,47099092
human,8,dense,87,1.99046,0.000724547,0.00137068,1.99031,344150688,2 0 1 4 5 6 3 7 ,1.99031,1687
human,8,dense,88,0.0255708,0.00082477,0.000917463,0.025422,505341,3 1 5 6 2 4 7 0 ,0.025422,42535
human,8,dense,89,574.393,0.00091414,0.00125475,574.393,97218668988,7 3 4 5 2 0 1 6 ,574.393,80163
human,8,dense,90,5.59273,0.000925953,0.00181673,163.14,4898475720,mixed,4.35413,78841916
human,8,dense,92,0.0593177,0.000987443,0.00110872,0.0591669,78624,2 7 1 3 4 0 5 6 ,0.0591669,29020
human,8,dense,93,0.183655,0.00118353,0.00102811,0.183492,1142121672,3 4 5 6 0 1 2 7 ,0.183492,78733
human,8,dense,94,0.76953,0.000849903,0.00173195,11.3612,2429050893,mixed,0.233425,3934447
human,8,dense,95,0.00462396,0.00115789,0.00101597,0.00438181,2071842,5 4 1 0 6 7 2 3 ,0.00438181,1080
human,8,dense,96,252.616,0.00128684,0.00122234,8071.13,19557198970,0 7 1 2 3 4 5 6 ,230.669,2964896371
human,8,dense,97,98.6591,0.00143775,0.0033851,2608.49,3873225567,mixed,95.9612,846950564
human,8,dense,98,51.7854,0.00120186,0.00186484,1556.79,284293235732,2 1 3 0 5 4 6 7 ,49.6866,290421771
human,8,dense,99,7.23946,0.00112434,0.00127984,216.694,14702411076,1 2 6 0 3 4 5 7 ,6.65055,63207065
human,8,dense,100,3.17038,0.00106985,0.000987749,85.6747,5042060446,1 0 3 6 4 5 7 2 ,1.74405,28043710
human,8,sparse,1,0.490179,0.00109379,0.00129372,1.05292,96433430217,0 2 7 3 5 1 4 6 ,0.212537,364373
human,8,sparse,3,0.0524994,0.000945688,0.000918746,0.0522596,43585007400,2 7 5 6 1 0 3 4 ,0.0522596,17858
human,8,sparse,4,0.105256,0.00122604,0.00115957,0.104976,1370571264,0 3 1 6 7 4 2 5 ,0.104976,75948
human,8,sparse,5,18.5634,0.000951216,0.00211193,581.046,48596251770417,0 4 2 3 5 1 6 7 ,14.4015,130965250
human,8,sparse,6,1.44948,0.00076734,0.00116312,1.44923,242424000,5 6 7 1 3 0 2 4 ,1.44923,6530
human,8,sparse,7,0.00141827,0.000979354,0.000810311,0.00130746,460139400,5 6 4 1 2 3 0 7 ,0.00130746,308
human,8,sparse,8,1.07726,0.00111702,0.00142457,19.3776,7035981381852,4 3 7 1 0 2 5 6 ,0.654775,2480110
human,8,sparse,9,1.44515,0.00101194,0.00143657,33.0596,931926099006,4 3 6 5 1 2 7 0 ,0.836438,5222724
human,8,sparse,11,1.75122,0.00114666,0.00226836,36.5156,373472838376,mixed,0.868905,4791000
human,8,sparse,12,0.14563,0.000842136,0.00109567,0.145358,29404653576,2 1 4 3 6 0 5 7 ,0.145358,44364
human,8,sparse,14,2.4941,0.00105966,0.00103464,2.49381,59542474371,4 3 6 1 0 5 7 2 ,2.49381,1605317
human,8,sparse,15,0.365847,0.000881147,0.00119989,0.881171,3919024200,4 6 1 5 7 3 0 2 ,0.214097,561814
human,8,sparse,16,0.000662255,0.00113151,0.000720336,0.000552559,246240,1 2 5 0 4 3 7 6 ,0.000552559,162
human,8,sparse,20,0.968277,0.00132929,0.00224203,18.1587,16564338974479,0 7 6 3 5 4 2 1 ,0.682418,2948839
human,8,sparse,21,127.06,0.000856903,0.00112328,127.06,28558234344,7 6 5 2 3 1 0 4 ,127.06,1746
human,8,sparse,22,5.41974,0.00109761,0.00213011,163.308,4027687084037,5 6 3 4 7 2 1 0 ,0.564071,38730975
human,8,sparse,23,0.403513,0.00090211,0.0011902,0.403318,4880538000,3 2 4 7 5 0 6 1 ,0.403318,35732
human,8,sparse,24,1.11618,0.0012126,0.00359658,19.5075,6983275160382,mixed,0.409605,3551833
human,8,sparse,25,157.993,0.00120494,0.00396846,3541.89,82990553280456,mixed,152.178,326348018
human,8,sparse,26,0.539498,0.00126173,0.00282601,3.92841,44730576260,mixed,0.285735,729754
human,8,sparse,27,0.240739,0.00104065,0.00219557,0.241225,2459334751,mixed,0.240517,88598
human,8,sparse,29,2.64381,0.001397,0.00259849,71.3125,390134375499,mixed,0.872518,16334893
human,8,sparse,30,3.52371,0.00105484,0.00164711,100.97,46866169392,1 6 0 2 4 5 3 7 ,1.2488,32388111
human,8,sparse,32,2.47424,0.00136335,0.00166646,50.5079,10168236660597,5 1 3 6 2 0 4 7 ,1.96896,12698372
human,8,sparse,34,0.421496,0.000990899,0.00201073,1.74879,22142048608,mixed,0.223259,493004
human,8,sparse,35,260.992,0.00145318,0.00440202,8286.73,499237532813,mixed,178.766,10753203
human,8,sparse,37,0.0086721,0.000953494,0.000977534,0.00856314,16521165000,6 4 5 3 1 0 2 7 ,0.00856314,5817
human,8,sparse,38,2.4272,0.00093447,0.0019281,62.8173,6740868688860,4 6 3 5 0 7 2 1 ,1.15343,7112584
human,8,sparse,39,0.131692,0.00102774,0.00113885,0.131566,3597596128,3 1 0 5 4 2 7 6 ,0.131566,86887
human,8,sparse,40,0.0154241,0.000921345,0.00113313,0.0152104,231666000,2 3 1 6 5 4 0 7 ,0.0152104,7564
human,8,sparse,41,0.495238,0.000838671,0.00106545,0.495074,5208853121472,0 1 2 3 4 5 7 6 ,0.495074,233312
human,8,sparse,42,0.414039,0.00104514,0.00134317,0.746354,1753929210,2 5 4 3 6 1 0 7 ,0.204072,461567
human,8,sparse,43,2.63179,0.000941166,0.00189604,4.49575,120313092044,mixed,2.63162,2810013
human,8,sparse,44,1.15394,0.00137019,0.00308272,21.02,316132611893,mixed,0.824701,2925199
human,8,sparse,45,0.00933761,0.000957496,0.000962991,0.00919811,235800,1 5 0 3 4 2 6 7 ,0.00919811,5178
human,8,sparse,46,12.0187,0.00100472,0.00114073,355.665,23207184000,3 5 1 7 2 0 6 4 ,11.025,391094
human,8,sparse,47,122.457,0.00134566,0.00387516,3712.86,259946286296,mixed,115.829,9473478
human,8,sparse,48,0.607785,0.000982801,0.00139859,6.22423,285078962,0 1 2 7 6 4 5 3 ,0.388553,2601865
human,8,sparse,49,0.183067,0.000844555,0.00116467,0.182809,1087834896,0 7 6 2 1 5 4 3 ,0.182809,96240
human,8,sparse,51,0.265242,0.00135977,0.00128991,0.543953,11773023074,1 0 2 4 7 3 6 5 ,0.241599,259511
human,8,sparse,52,1.16807,0.0010164,0.00143763,27.737,1663708413966,6 5 3 2 4 0 1 7 ,1.10353,8005848
human,8,sparse,53,2.13499,0.00117057,0.00249809,30.9242,1013224592038,mixed,0.968644,6580124
human,8,sparse,54,0.0620031,0.00129053,0.00103956,0.0617695,22691566430,5 2 6 3 1 0 4 7 ,0.0617695,28400
human,8,sparse,55,248.612,0.000817184,0.00108885,248.611,56672424464,0 1 2 6 3 5 7 4 ,248.611,7580
human,8,sparse,56,0.84394,0.00096,0.0016918,9.28874,639553304295,4 0 1 2 3 6 5 7 ,0.410232,1942209
human,8,sparse,58,0.534282,0.000993525,0.00144261,3.6774,1336301399640,2 5 7 3 1 4 6 0 ,0.228444,1129219
human,8,sparse,59,0.274905,0.00111542,0.00202453,0.443536,1400719451782,7 0 6 4 1 2 3 5 ,0.216667,91110
human,8,sparse,60,0.0580936,0.000776684,0.0011567,0.0579929,1333440,3 1 4 5 0 2 6 7 ,0.0579929,17807
human,8,sparse,61,0.00126891,0.00105976,0.000908485,0.00117521,318435,3 2 7 0 1 6 5 4 ,0.00117521,445
human,8,sparse,63,419.315,0.000918373,0.00193999,419.333,63349066776,mixed,419.315,288518
human,8,sparse,64,0.482325,0.000849118,0.0015669,2.26524,196871019231,0 3 1 5 6 2 4 7 ,0.255997,534170
human,8,sparse,66,0.412135,0.00109167,0.00245566,0.822381,6503362079220,mixed,0.22376,258690
human,8,sparse,67,0.0138607,0.00105514,0.000946563,0.0136963,2463834624,3 5 2 0 1 6 4 7 ,0.0136963,3224
human,8,sparse,68,5.82848,0.000874179,0.00160878,176.488,4640207560076,1 7 4 0 3 2 5 6 ,3.86569,26025990
human,8,sparse,69,0.00127231,0.000924384,0.000867076,0.00115001,681995520,0 3 4 2 7 1 5 6 ,0.00115001,271
human,8,sparse,70,2.84005,0.00144389,0.00319279,79.6146,11299598975920,mixed,2.03029,13731472
human,8,sparse,71,0.894476,0.00117756,0.00337268,17.4272,3266813584887,mixed,0.491406,3015012
human,8,sparse,72,0.0019469,0.000960616,0.000959881,0.00178313,341760,5 3 2 6 4 7 1 0 ,0.00178313,1475
human,8,sparse,73,0.0809142,0.00108977,0.000918023,0.0807072,24356919012,2 6 3 5 4 1 7 0 ,0.0807072,36400
human,8,sparse,74,0.290998,0.000950805,0.00198748,0.344878,1989878990,mixed,0.290828,200870
human,8,sparse,75,0.504026,0.00104448,0.00107528,2.10313,133365084612,2 6 0 1 3 4 7 5 ,0.265642,336699
human,8,sparse,76,229.308,0.000780286,0.00138249,229.308,51896345808,0 2 1 3 5 6 4 7 ,229.308,5250
human,8,sparse,77,0.372311,0.000988112,0.00138541,0.372124,182534345520,1 4 2 6 0 7 3 5 ,0.372124,126507
human,8,sparse,78,3.95285,0.000953055,0.00233958,111.685,32212075544266,mixed,1.48651,25200697
human,8,sparse,82,0.51364,0.00104017,0.00169618,3.96312,778979802850,2 4 1 6 3 5 0 7 ,0.261183,803357
human,8,sparse,84,405.163,0.000951641,0.00162937,12105.5,1153479486972,6 7 3 1 5 0 2 4 ,229.704,638930
human,8,sparse,85,8.50778,0.00108682,0.00218476,233.832,406567787136571,0 6 3 7 2 4 1 5 ,8.11368,16645147
human,8,sparse,86,15.473,0.00112142,0.00225691,329.092,126623344145783,3 6 1 2 4 7 5 0 ,10.9395,40970759
human,8,sparse,87,0.028866,0.000869943,0.0012233,0.0286519,49795092672,7 4 6 3 2 1 0 5 ,0.0286519,879
human,8,sparse,88,0.0149859,0.000777909,0.000963047,0.0148382,7167186,3 6 5 1 7 2 4 0 ,0.0148382,9043
human,8,sparse,90,0.980996,0.000891328,0.00196502,19.0346,59364565344,mixed,0.756347,2774887
human,8,sparse,91,34.2661,0.00145144,0.00254464,984.793,264386553043738,4 2 7 1 3 6 0 5 ,33.6414,154229345
human,8,sparse,92,0.0246562,0.000977121,0.00121497,0.0245101,3855060,0 6 2 3 5 1 4 7 ,0.0245101,13052
human,8,sparse,93,0.0859947,0.00108401,0.00127113,0.085767,15114669918,4 3 6 7 0 5 1 2 ,0.085767,33714
human,8,sparse,94,91.2064,0.00105268,0.00301513,91.2372,12305634416,mixed,91.2062,133557
human,8,sparse,95,0.0100266,0.00116982,0.00100552,0.00985545,33295704,5 4 2 1 3 0 6 7 ,0.00985545,3279
human,8,sparse,98,3.54729,0.00116635,0.00169234,92.2838,3159443147572,1 7 4 5 0 6 2 3 ,1.46112,20746338
human,8,sparse,99,3.79099,0.0013269,0.00200827,103.765,920729454195,2 1 3 0 4 5 6 7 ,3.2761,20503913
human,8,sparse,100,0.241941,0.0011763,0.00153318,0.241681,64575102320,1 7 4 6 5 3 0 2 ,0.241681,133610
