dataset,query_size,query_mode,query_index,elapsed_execution_time,filter_time,plan_time,enumerate_time,n_embeddings,order,max_task_time,n_intersections
friendster,12,dense,1,0.945413,4.84005,0.0532101,22.2682,1201796955,mixed,0.605189,807141
friendster,12,dense,2,1.41197,5.32443,0.0494467,33.9941,178866503,mixed,0.595691,728089
friendster,12,dense,3,1.02118,5.46194,0.0389069,24.3099,82104021,mixed,0.776105,971932
friendster,12,dense,4,0.614594,5.32556,0.0492548,13.9493,5443641,mixed,0.379562,607696
friendster,12,dense,5,0.793524,5.38399,0.0379874,19.5854,1065135,mixed,0.380882,510626
friendster,12,dense,6,0.845877,5.62438,0.04598,16.6758,165252,mixed,0.463752,740053
friendster,12,dense,7,0.344575,4.98483,0.041015,6.70935,55078500,mixed,0.0981918,950192
friendster,12,dense,8,1.01965,5.17133,0.041091,24.5941,111677110,mixed,0.205102,240843
friendster,12,dense,9,0.855193,6.28384,0.0362162,21.4343,2,mixed,0.488724,454108
friendster,12,dense,10,0.776812,5.47453,0.0504543,17.5433,1653356,mixed,0.248814,190684
friendster,12,dense,11,0.313765,4.95741,0.0407716,6.9127,691886668,mixed,0.0375109,285460
friendster,12,dense,12,1.40225,4.9581,0.0503708,32.426,377624814,mixed,0.338717,429806
friendster,12,dense,13,0.302453,4.96615,0.0588768,6.7504,22986648304,mixed,0.0514244,206434
friendster,12,dense,14,0.845389,5.53054,0.0410708,20.1997,166026,mixed,0.282239,490425
friendster,12,dense,15,1.12449,5.07558,0.0584211,26.9093,80321957,mixed,0.206197,221766
friendster,12,dense,16,0.83299,4.84885,0.0580799,18.4182,7860714736,mixed,0.145123,250451
friendster,12,dense,17,0.948197,5.77406,0.0355023,18.9566,64074,mixed,0.630131,1044602
friendster,12,dense,18,0.828183,5.31102,0.0536948,18.9021,17668434,mixed,0.206558,400060
friendster,12,dense,19,1.13164,5.35524,0.0515944,19.083,14951780,mixed,0.650669,1208649
friendster,12,dense,20,1.29337,4.79678,0.0463442,31.7789,1362884726,mixed,0.323236,383736
friendster,12,dense,21,0.452435,5.71256,0.0383218,8.81517,99889,mixed,0.202521,209172
friendster,12,dense,22,0.755789,4.87128,0.0556828,17.2688,2005082024,mixed,0.453865,596297
friendster,12,dense,23,0.325433,4.97438,0.0501195,6.81273,499817201,mixed,0.285034,353084
friendster,12,dense,24,0.26542,4.96481,0.051015,5.72926,12704206914,mixed,0.149823,224261
friendster,12,dense,25,1.39232,5.15212,0.064658,33.0528,83136659,mixed,0.328605,528661
friendster,12,dense,26,2.26136,5.19337,0.0398511,32.0026,75574560,mixed,1.1441,2899832
friendster,12,dense,27,0.476925,5.92241,0.0283225,10.5336,531,mixed,0.42191,606457
friendster,12,dense,28,0.481797,5.65696,0.0421366,10.1256,406193,mixed,0.240927,463364
friendster,12,dense,29,0.616828,5.18905,0.0396131,12.808,119844516,mixed,0.249728,349478
friendster,12,dense,30,1.21321,5.73176,0.0471795,29.2302,33247,mixed,0.28883,568130
friendster,12,dense,31,1.06195,5.80627,0.0434381,26.2834,1327995,mixed,0.234848,389868
friendster,12,dense,32,0.558682,5.07263,0.0395997,9.53797,1420306277,mixed,0.308178,1366314
friendster,12,dense,33,1.31545,5.11083,0.0487579,29.5147,843495648,mixed,0.555794,485582
friendster,12,dense,34,0.330811,4.81506,0.067474,6.96683,19460932772,mixed,0.236135,245728
friendster,12,dense,35,0.930351,5.03487,0.0766771,20.8366,32301699,mixed,0.346308,569040
friendster,12,dense,36,0.538599,5.15274,0.0400018,12.6648,190281744,mixed,0.444973,848579
friendster,12,dense,37,0.252142,5.35886,0.0418541,5.51061,355733698,mixed,0.0570969,210876
friendster,12,dense,38,0.308791,6.39466,0.0299482,7.53821,2,mixed,0.18487,143520
friendster,12,dense,39,1.10101,4.88418,0.0557467,26.3587,83950050,mixed,0.342125,307706
friendster,12,dense,40,1.13777,5.2257,0.0435122,27.7027,231018778,mixed,0.830644,956336
friendster,12,dense,41,0.185855,4.85353,0.0689044,3.75837,6014903810,mixed,0.145559,227450
friendster,12,dense,42,0.971951,4.96079,0.0618885,21.7887,3643919418,mixed,0.727851,526377
friendster,12,dense,43,0.619553,4.86551,0.0563197,14.0031,379533496,mixed,0.216775,276154
friendster,12,dense,44,0.312599,4.60648,0.0707049,7.22213,39179760,mixed,0.114107,173500
friendster,12,dense,45,1.17039,5.34237,0.0421376,28.2912,3055036,mixed,0.474395,410995
friendster,12,dense,46,0.291061,5.06771,0.0682741,6.72974,11318581,mixed,0.104582,158137
friendster,12,dense,47,1.3261,5.46449,0.0545449,31.5335,6850314,mixed,0.395692,370790
friendster,12,dense,48,1.07682,4.89694,0.062882,24.0073,2272093861,mixed,0.243075,414122
friendster,12,dense,49,0.575317,5.47017,0.0421584,11.1216,14497751,mixed,0.28534,1018965
friendster,12,dense,50,0.838253,4.79491,0.0657296,17.3061,1624828797,mixed,0.277238,250958
friendster,12,dense,51,1.13035,5.17248,0.0494106,26.2377,1394629059,mixed,0.398764,668330
friendster,12,dense,52,0.373054,5.35392,0.0410334,7.2577,4187206,mixed,0.216265,511879
friendster,12,dense,53,1.61477,5.11279,0.0415046,39.3198,143893715,mixed,0.418819,796987
friendster,12,dense,54,0.576207,5.36677,0.0483326,12.8073,2442584211,mixed,0.317371,1160123
friendster,12,dense,55,0.279064,5.15331,0.0523469,6.01839,23509459,mixed,0.0617442,203090
friendster,12,dense,56,0.427104,4.81224,0.0640147,9.91121,69103968,mixed,0.0629974,174453
friendster,12,dense,57,0.656898,4.86592,0.0412643,15.5242,125578888,mixed,0.346739,589300
friendster,12,dense,58,0.999981,5.16376,0.0368919,25.1307,4760401,mixed,0.45996,727566
friendster,12,dense,59,0.311884,5.32873,0.057786,6.99498,54745667,mixed,0.031907,192903
friendster,12,dense,60,0.64209,4.95839,0.0564946,13.9532,2174061857,mixed,0.417146,760898
friendster,12,dense,61,0.627295,5.30853,0.0518845,14.633,19334503,mixed,0.300949,226980
friendster,12,dense,62,0.264941,5.12301,0.0486054,5.70569,89917148,mixed,0.139418,231616
friendster,12,dense,63,0.378054,5.45724,0.0433493,8.72264,243529,mixed,0.0334266,152738
friendster,12,dense,64,1.29907,5.4127,0.0348663,31.8706,1405508,mixed,0.668388,731293
friendster,12,dense,65,0.400798,5.45568,0.0486577,6.90443,585231,mixed,0.234649,450381
friendster,12,dense,66,1.34849,4.54217,0.0578934,32.494,904006655,mixed,0.380883,622243
friendster,12,dense,67,0.293422,5.19046,0.0512641,6.49719,2165991,mixed,0.246654,199055
friendster,12,dense,68,0.988242,5.01017,0.0588616,23.0498,2336148338,mixed,0.331246,265513
friendster,12,dense,69,1.0573,5.35566,0.0405185,25.9215,21064107,mixed,0.554133,761327
friendster,12,dense,70,1.0267,5.09764,0.0372554,25.2596,208450468,mixed,0.255927,978156
friendster,12,dense,71,0.942867,5.04862,0.0469812,21.7845,9482993,mixed,0.30502,481901
friendster,12,dense,72,1.2063,5.0774,0.0395808,29.3785,14765130,mixed,0.472656,688534
friendster,12,dense,73,0.821273,4.96473,0.0439928,19.0688,159275358,mixed,0.347606,388301
friendster,12,dense,74,1.01153,5.61128,0.0380891,25.2824,161468,mixed,0.294587,379761
friendster,12,dense,75,1.46306,4.8177,0.05819,32.1773,528949597,mixed,0.181844,206523
friendster,12,dense,76,0.771549,5.47127,0.0345338,18.0245,499100,mixed,0.669694,724120
friendster,12,dense,77,0.184318,5.67085,0.0429885,4.18916,308843,mixed,0.15859,298166
friendster,12,dense,78,0.325995,5.90001,0.0549808,6.42452,16302,mixed,0.248511,290614
friendster,12,dense,79,0.582711,5.58787,0.0328965,13.381,380488,mixed,0.354454,740968
friendster,12,dense,80,0.976132,5.56533,0.0465417,23.7399,22314645,mixed,0.290577,525390
friendster,12,dense,81,1.06202,5.10892,0.0420506,26.0057,1392539085,mixed,0.304079,336059
friendster,12,dense,82,1.35766,4.66589,0.0724787,32.903,1968323765,mixed,0.470229,467735
friendster,12,dense,83,1.30735,4.9118,0.0628839,30.1389,66646401,mixed,0.564635,777071
friendster,12,dense,84,0.965093,5.84766,0.0732905,22.0774,1732,mixed,0.268533,378224
friendster,12,dense,85,1.16037,5.32407,0.049558,26.9577,4682132,mixed,0.360469,290892
friendster,12,dense,86,1.3088,4.80435,0.0474352,31.5178,5201544924,mixed,0.768402,1039564
friendster,12,dense,87,0.250876,5.33535,0.0455212,4.85482,3795950,mixed,0.174227,236528
friendster,12,dense,88,1.03863,4.82807,0.0719036,23.6116,1535399192,mixed,0.578661,632248
friendster,12,dense,89,0.795342,5.48605,0.0474981,19.483,225165,mixed,0.446999,596643
friendster,12,dense,90,1.26827,5.37235,0.0354834,31.568,2752510,mixed,0.616302,884870
friendster,12,dense,91,0.951576,4.82726,0.057464,22.0821,1848127880,mixed,0.535785,457095
friendster,12,dense,92,1.5268,4.8643,0.0476573,34.6241,653819406,mixed,0.889255,1593839
friendster,12,dense,93,0.828997,4.99186,0.057187,19.5879,2774623452,mixed,0.39099,723842
friendster,12,dense,94,0.381658,4.91949,0.0438811,8.60622,10007790,mixed,0.194867,270184
friendster,12,dense,95,1.98384,5.46547,0.047761,54.1787,2189456,mixed,0.923318,7329823
friendster,12,dense,96,1.03912,4.97488,0.060062,24.2174,324445202,mixed,0.305506,322388
friendster,12,dense,97,0.587705,6.19686,0.0356835,13.7761,122,mixed,0.47917,581532
friendster,12,dense,98,0.946522,4.95331,0.035044,22.6972,131068352,mixed,0.786289,2107227
friendster,12,dense,99,0.238448,6.02634,0.0397501,5.48001,69701285,mixed,0.162714,177035
friendster,12,dense,100,0.248591,5.10171,0.0583955,4.85746,2872005029,mixed,0.121914,255553
friendster,12,sparse,1,0.278463,4.9609,0.0641226,4.80646,133492268,mixed,0.0820091,266620
friendster,12,sparse,2,0.313935,5.0865,0.0604436,6.98303,14624164,mixed,0.240077,342892
friendster,12,sparse,3,0.409394,5.01551,0.0554064,9.17401,325661127,mixed,0.03677,274167
friendster,12,sparse,4,0.725789,5.74658,0.0492999,12.2053,4627,mixed,0.40396,1406797
friendster,12,sparse,5,0.920094,5.4738,0.0412571,22.3752,1778302,mixed,0.430444,913776
friendster,12,sparse,6,1.28474,5.22599,0.0451692,30.5152,28302789,mixed,0.514262,503561
friendster,12,sparse,7,1.04098,4.78155,0.0950767,23.9608,7102894569,mixed,0.33515,281652
friendster,12,sparse,8,0.32913,5.02865,0.0610823,7.43849,7585550,mixed,0.165411,254406
friendster,12,sparse,9,1.02853,5.15856,0.0458443,24.4266,12657408,mixed,0.380885,362186
friendster,12,sparse,10,0.782836,4.95446,0.0487365,17.688,130291715,mixed,0.38791,342052
friendster,12,sparse,11,0.286099,5.07056,0.0634632,6.39488,30933414,mixed,0.159292,231232
friendster,12,sparse,12,0.384708,4.79808,0.0639908,7.96137,997544845,mixed,0.144723,282869
friendster,12,sparse,13,0.632775,5.56937,0.0440922,15.552,15633,mixed,0.283851,476066
friendster,12,sparse,14,0.356225,5.87184,0.0413888,8.29742,27836,mixed,0.0362109,186809
friendster,12,sparse,15,0.339425,5.80656,0.0340728,7.7228,60547,mixed,0.264367,295416
friendster,12,sparse,16,0.195263,4.74579,0.0853138,3.77844,205651317,mixed,0.102885,331299
friendster,12,sparse,17,0.546349,5.19788,0.0465954,12.8114,16824937,mixed,0.150155,435813
friendster,12,sparse,18,0.265484,5.17332,0.0503164,5.24899,30841145,mixed,0.195713,422090
friendster,12,sparse,19,0.285101,4.91224,0.0637152,5.35843,12943284,mixed,0.193857,212716
friendster,12,sparse,20,0.551043,4.99797,0.0435932,12.9576,22622602,mixed,0.445713,613265
friendster,12,sparse,21,0.626705,4.8096,0.065355,14.2255,850546134,mixed,0.361462,739245
friendster,12,sparse,22,0.497772,5.06979,0.0456666,9.92242,519545438,mixed,0.305362,741563
friendster,12,sparse,23,0.287661,5.38914,0.0540579,6.28736,159613601,mixed,0.225121,395362
friendster,12,sparse,24,0.651906,5.14899,0.0462618,14.3233,73602698,mixed,0.564504,917404
friendster,12,sparse,25,0.189621,4.57951,0.0836603,3.45234,7619024153,mixed,0.0700064,164903
friendster,12,sparse,26,0.398941,5.07875,0.0497313,9.01944,12169554,mixed,0.079204,383837
friendster,12,sparse,27,0.172614,5.27117,0.0515309,3.04667,329049889,mixed,0.0971637,194868
friendster,12,sparse,28,0.348933,4.89138,0.0702875,7.80191,2080813533,mixed,0.0868256,357245
friendster,12,sparse,29,0.296239,5.31257,0.0823112,6.62653,271391,mixed,0.191317,186865
friendster,12,sparse,30,0.391291,5.05274,0.0511769,8.35295,160192246,mixed,0.281391,561558
friendster,12,sparse,31,0.182361,4.59823,0.0861906,3.34529,2985049998,mixed,0.129889,199929
friendster,12,sparse,32,0.947078,5.09853,0.0442142,19.9442,167960995,mixed,0.419623,918481
friendster,12,sparse,33,0.98322,4.92345,0.0653649,19.6761,18855791,mixed,0.406736,248614
friendster,12,sparse,34,0.294483,5.19185,0.0529564,6.57054,55081756,mixed,0.203535,264827
friendster,12,sparse,35,2.69031,4.98626,0.0411984,49.5083,4839869,mixed,1.98586,21880172
friendster,12,sparse,36,0.176813,4.93498,0.0590474,3.01596,41236756,mixed,0.0984745,211645
friendster,12,sparse,37,0.299098,5.13508,0.0710705,6.91403,8808483,mixed,0.133095,195866
friendster,12,sparse,38,1.43122,4.56081,0.0724222,33.4426,107804607,mixed,0.336582,326925
friendster,12,sparse,39,0.36723,4.6048,0.0816347,7.28433,5184186132,mixed,0.073657,168999
friendster,12,sparse,40,0.256478,4.93967,0.0560206,5.73987,59517995,mixed,0.211499,316941
friendster,12,sparse,41,0.156375,4.84692,0.0619358,2.87,514124525,mixed,0.109649,250251
friendster,12,sparse,42,0.234393,5.2899,0.0439446,5.2689,149150,mixed,0.202965,291090
friendster,12,sparse,43,1.11286,5.13742,0.0482527,26.6352,33614983,mixed,0.153722,480601
friendster,12,sparse,44,0.756436,5.39714,0.0702195,16.7108,6402029,mixed,0.196896,611718
friendster,12,sparse,45,0.787912,4.99881,0.0442207,17.5053,297146274,mixed,0.34423,2778445
friendster,12,sparse,46,0.262651,5.04987,0.0651953,5.95569,612565243,mixed,0.231333,373626
friendster,12,sparse,47,0.207317,4.72637,0.0695031,3.61107,144602646,mixed,0.13992,250043
friendster,12,sparse,48,0.281648,5.0065,0.0679975,5.96533,3892797154,mixed,0.179946,239621
friendster,12,sparse,49,0.997993,5.3823,0.0347569,14.697,665040,mixed,0.79717,1095302
friendster,12,sparse,50,1.32707,4.91051,0.0720677,30.6144,198278865,mixed,0.187649,226906
friendster,12,sparse,51,1.21708,4.90595,0.0716619,28.8524,8293318,mixed,0.201557,215082
friendster,12,sparse,52,1.01029,4.88309,0.071303,24.2687,130232956,mixed,0.331881,635422
friendster,12,sparse,53,1.23631,4.99279,0.0582128,24.0648,2024528457,mixed,0.722675,1060382
friendster,12,sparse,54,0.281981,5.04339,0.104552,6.45171,1018151108,mixed,0.212261,324393
friendster,12,sparse,55,0.208465,4.88666,0.0585886,3.93797,15349154785,mixed,0.0673367,229386
friendster,12,sparse,56,0.724815,5.74492,0.0383006,11.5496,20757,mixed,0.407755,1242270
friendster,12,sparse,57,2.04848,4.86734,0.0606662,46.2022,6961814801,mixed,0.437081,751279
friendster,12,sparse,58,1.53277,4.95524,0.059763,37.1932,321617495,mixed,0.397346,343460
friendster,12,sparse,59,1.5819,5.04317,0.0604951,37.9519,78211110,mixed,0.403986,290741
friendster,12,sparse,60,0.815516,5.21067,0.0569896,17.6844,47796934,mixed,0.403139,258163
friendster,12,sparse,61,1.10762,4.98936,0.055646,26.3317,425345637,mixed,0.565716,818845
friendster,12,sparse,62,0.255716,5.01975,0.0544592,5.60202,27847112,mixed,0.100652,190296
friendster,12,sparse,63,0.512118,5.15719,0.0588781,11.2978,119802110,mixed,0.188658,259511
friendster,12,sparse,64,0.951275,5.16319,0.0462827,13.5272,10928070,mixed,0.811115,754541
friendster,12,sparse,65,1.24839,5.1975,0.0459369,30.057,23246992,mixed,0.338222,497765
friendster,12,sparse,66,0.348936,4.82372,0.0769881,7.8641,615673265,mixed,0.0400934,204658
friendster,12,sparse,67,0.806781,4.86694,0.0566721,19.2252,977855426,mixed,0.581362,844355
friendster,12,sparse,68,0.951921,5.48824,0.0419115,23.0368,863525,mixed,0.503555,697000
friendster,12,sparse,69,0.460177,5.07992,0.0475688,8.90323,31307247,mixed,0.365516,478454
friendster,12,sparse,70,0.709922,5.12968,0.0382259,16.7664,29388687,mixed,0.62017,992501
friendster,12,sparse,71,1.08677,4.80147,0.0935932,25.4229,172711862,mixed,0.82653,761564
friendster,12,sparse,72,0.295777,5.24907,0.049909,6.63465,3028629,mixed,0.169592,249641
friendster,12,sparse,73,0.277328,4.83709,0.0799873,6.03682,960303075,mixed,0.161463,232045
friendster,12,sparse,74,0.620876,5.00156,0.0511706,15.6331,367841072,mixed,0.508786,830215
friendster,12,sparse,75,0.236642,4.94439,0.0538889,5.14363,654309734,mixed,0.145263,222610
friendster,12,sparse,76,0.851041,5.08065,0.0498486,18.795,2184939,mixed,0.331084,381652
friendster,12,sparse,77,0.485939,4.936,0.058188,5.42576,230803582,mixed,0.363073,301365
friendster,12,sparse,78,1.36663,4.89293,0.0642528,32.351,59744226,mixed,0.197939,281281
friendster,12,sparse,79,0.325338,5.11655,0.0563737,7.07643,96481170,mixed,0.249941,252518
friendster,12,sparse,80,1.99075,5.34511,0.038369,59.6745,14050159,mixed,1.25753,2847720
friendster,12,sparse,81,0.224086,5.01776,0.0634673,4.83504,156680959,mixed,0.170146,243012
friendster,12,sparse,82,0.785255,5.07079,0.0506419,16.9832,7164797379,mixed,0.164829,379872
friendster,12,sparse,83,0.40544,4.80073,0.068919,9.05142,1678035170,mixed,0.345133,311390
friendster,12,sparse,84,0.622105,5.22759,0.0431963,13.4456,9086978,mixed,0.312976,2391748
friendster,12,sparse,85,0.327537,5.02152,0.0502652,7.05803,9300171,mixed,0.206149,387580
friendster,12,sparse,86,0.314685,5.21282,0.0499634,7.1361,8413769,mixed,0.191269,262088
friendster,12,sparse,87,0.592314,4.87671,0.0614199,12.346,260648082,mixed,0.192266,264888
friendster,12,sparse,88,0.895492,4.93032,0.0504675,20.7216,17676817700,mixed,0.561929,745308
friendster,12,sparse,89,0.214623,4.97765,0.054032,4.23264,447439645,mixed,0.167837,242013
friendster,12,sparse,90,0.883764,5.39672,0.0402661,18.8713,4573676,mixed,0.7978,1892598
friendster,12,sparse,91,0.909161,5.08409,0.0427123,22.0414,30166278,mixed,0.808078,1329952
friendster,12,sparse,92,0.298264,5.24478,0.0472165,6.76003,3316006,mixed,0.211459,260213
friendster,12,sparse,93,1.43194,5.07322,0.0637152,31.9912,30358841,mixed,0.360656,295368
friendster,12,sparse,94,1.13132,4.82873,0.0767093,26.6435,1184470211,mixed,0.384114,285957
friendster,12,sparse,95,1.27385,5.0679,0.0425838,31.7502,11642910,mixed,0.498853,535921
friendster,12,sparse,96,0.716863,5.31123,0.052421,16.7963,4181941,mixed,0.424159,258859
friendster,12,sparse,97,0.580221,5.16417,0.0449637,13.3863,33543847,mixed,0.492948,684829
friendster,12,sparse,98,0.326204,4.80375,0.0557982,6.06232,371205485,mixed,0.173671,239845
friendster,12,sparse,99,0.982798,4.94575,0.0551814,21.0668,31474750,mixed,0.641531,1902801
friendster,12,sparse,100,0.954255,5.05385,0.0662345,21.6788,111555916,mixed,0.59464,430137
