dataset,query_size,query_mode,query_index,elapsed_execution_time,filter_time,plan_time,enumerate_time,n_embeddings,order,max_task_time,n_intersections
friendster,8,dense,1,0.78446,1.16205,6.32819,19.0231,1594165,mixed,0.543053,690820
friendster,8,dense,2,0.627663,1.00561,5.67547,12.633,286105,mixed,0.54954,606768
friendster,8,dense,3,0.590123,1.1132,7.15805,14.7775,32461,mixed,0.532972,2397428
friendster,8,dense,4,0.312816,0.980566,4.60398,3.57921,1749560,mixed,0.108067,280685
friendster,8,dense,5,0.814644,1.02273,5.62697,17.6521,462068,mixed,0.716669,1323463
friendster,8,dense,6,0.324193,1.09642,5.53968,8.1417,1365246,mixed,0.199944,1705477
friendster,8,dense,7,0.641786,1.07489,9.8874,8.67863,171972,mixed,0.423369,873111
friendster,8,dense,8,0.573523,1.10175,9.26781,12.613,5694,mixed,0.271832,2740953
friendster,8,dense,9,0.204152,1.03377,6.98532,1.90837,1207804,mixed,0.16652,281927
friendster,8,dense,10,0.447529,0.9994,7.58614,11.4344,370374,mixed,0.186338,2457409
friendster,8,dense,11,0.752958,1.03972,7.446,16.6655,273913,mixed,0.32755,7488740
friendster,8,dense,12,0.212398,1.02218,4.0889,2.38015,3430026,mixed,0.0944814,281290
friendster,8,dense,13,0.160901,1.15056,5.58369,2.13427,368405,mixed,0.107197,287043
friendster,8,dense,14,0.382559,1.06691,7.94345,9.36895,49677,mixed,0.263006,1942015
friendster,8,dense,15,0.339522,0.962818,6.99432,4.35624,971412,mixed,0.199561,305224
friendster,8,dense,16,0.156873,1.02253,6.41068,2.02453,1659526,mixed,0.0971712,287244
friendster,8,dense,17,0.556636,1.08951,9.46633,6.95038,108009,mixed,0.350282,611959
friendster,8,dense,18,0.365774,1.12138,4.69922,4.63163,28082863,mixed,0.195811,281582
friendster,8,dense,19,0.558031,1.1034,5.98941,10.7426,15638,mixed,0.270368,3170801
friendster,8,dense,20,0.564514,1.11318,7.74201,10.5956,247940,mixed,0.284953,2659231
friendster,8,dense,21,0.320622,1.08236,7.75041,6.54179,285552,mixed,0.161635,1796182
friendster,8,dense,22,0.529034,1.00154,8.33595,6.88066,91967,mixed,0.389547,1399039
friendster,8,dense,23,0.206785,1.16787,5.66928,2.49208,228502,mixed,0.162031,264683
friendster,8,dense,24,0.197377,1.11541,5.58572,1.98665,139149,mixed,0.150102,263542
friendster,8,dense,25,0.434668,1.10026,6.52367,6.56756,300793,mixed,0.294152,697460
friendster,8,dense,26,0.400001,1.09508,5.28824,8.71171,282658,mixed,0.186552,3043817
friendster,8,dense,27,0.469242,1.05496,5.29914,6.93703,103681,mixed,0.392361,756212
friendster,8,dense,28,0.24992,1.06263,7.90837,2.35026,1023576,mixed,0.186479,303494
friendster,8,dense,29,0.792964,1.04474,10.1396,19.9374,49159,mixed,0.377857,8221261
friendster,8,dense,30,0.417388,0.981655,6.94504,9.08045,259296,mixed,0.296397,2339153
friendster,8,dense,31,0.653302,1.06054,8.31014,12.2616,1027133,mixed,0.516609,891068
friendster,8,dense,32,0.700706,1.02935,8.45894,12.9647,275009,mixed,0.56202,4303663
friendster,8,dense,33,0.432759,1.05529,6.95154,9.31072,416496,mixed,0.237812,1877160
friendster,8,dense,34,0.580008,1.12237,10.5602,7.64648,21142,mixed,0.393468,759135
friendster,8,dense,35,0.640699,1.11398,6.88375,13.4482,147533,mixed,0.414115,4898411
friendster,8,dense,36,0.419332,1.10788,6.69701,8.91312,202011,mixed,0.0892701,1741076
friendster,8,dense,37,0.247155,1.02867,6.27719,2.01624,870623,mixed,0.170501,299254
friendster,8,dense,38,0.700363,1.09533,6.98706,15.9125,30002,mixed,0.376316,6467509
friendster,8,dense,39,0.192142,1.02975,5.02482,2.41172,11951630,mixed,0.127909,279725
friendster,8,dense,40,0.612796,1.03592,7.65366,9.2343,185275,mixed,0.420568,945639
friendster,8,dense,41,0.145067,1.0121,4.24376,1.9753,461608,mixed,0.0860777,284427
friendster,8,dense,42,0.472583,1.0225,3.99242,6.27684,1230616,mixed,0.398474,490582
friendster,8,dense,43,0.534742,1.03193,6.22035,8.29432,243646,mixed,0.45469,954724
friendster,8,dense,44,0.225328,1.1557,7.61835,2.28044,84836,mixed,0.173268,264900
friendster,8,dense,45,0.268442,1.0098,5.34836,2.78383,1196527,mixed,0.0854606,259724
friendster,8,dense,46,0.60453,1.03441,7.67096,6.7797,1300737,mixed,0.369635,435703
friendster,8,dense,47,0.483037,0.973778,6.50636,10.1183,403398,mixed,0.231018,3347068
friendster,8,dense,48,0.278594,1.01253,9.55547,2.47028,290120,mixed,0.180982,332513
friendster,8,dense,49,0.211811,1.08497,6.95434,1.91779,2287132,mixed,0.155627,267675
friendster,8,dense,50,0.509575,1.1448,7.9577,7.50338,106245,mixed,0.404262,847986
friendster,8,dense,51,0.213489,1.05642,4.2832,2.11778,1752169,mixed,0.160743,283450
friendster,8,dense,52,0.134424,1.07161,5.41598,1.93278,185575,mixed,0.0848768,269975
friendster,8,dense,53,0.208358,1.0456,7.20746,2.56811,1151603,mixed,0.13617,299345
friendster,8,dense,54,0.721362,1.09741,7.07244,16.704,26606,mixed,0.532877,5151185
friendster,8,dense,55,0.211129,1.07601,7.16742,2.34326,331782,mixed,0.10277,278699
friendster,8,dense,56,0.263913,1.11336,6.58455,3.0901,152054,mixed,0.123921,523150
friendster,8,dense,57,0.141529,1.05331,5.57805,1.84627,351401,mixed,0.0809601,308554
friendster,8,dense,58,1.09058,1.08786,8.05824,25.7512,82161,mixed,0.747171,11664522
friendster,8,dense,59,0.453329,1.16522,5.41444,8.4768,49526,mixed,0.201647,2007094
friendster,8,dense,60,0.232392,1.07335,6.95212,2.26073,290072,mixed,0.11502,258825
friendster,8,dense,61,0.216492,1.11555,5.66095,2.02807,8652,mixed,0.1003,282213
friendster,8,dense,62,0.230742,1.11698,6.89373,2.38119,38856,mixed,0.0886887,251712
friendster,8,dense,63,0.22363,1.04654,4.6522,2.06087,307528,mixed,0.084307,247550
friendster,8,dense,64,0.668179,1.17596,10.4045,16.5222,8902,mixed,0.320846,6186944
friendster,8,dense,65,0.287464,1.07176,7.54677,2.93073,78781,mixed,0.187342,279994
friendster,8,dense,66,0.342678,1.00595,6.86462,8.37154,374813,mixed,0.297576,1776318
friendster,8,dense,67,0.777929,1.00723,10.8472,17.0341,18646,mixed,0.559242,8281443
friendster,8,dense,68,0.190785,1.08859,7.37591,2.00553,743362,mixed,0.167646,297680
friendster,8,dense,69,0.191883,0.994492,5.35768,2.3043,959877,mixed,0.126811,302190
friendster,8,dense,70,0.275118,1.13165,5.08846,2.5399,92345,mixed,0.184492,277973
friendster,8,dense,71,0.231913,1.04361,5.59681,2.24996,345032,mixed,0.179819,290995
friendster,8,dense,72,0.542931,1.05437,7.56586,6.54694,714325,mixed,0.443426,495002
friendster,8,dense,73,0.548406,1.11773,6.90036,12.9363,270675,mixed,0.302649,4808792
friendster,8,dense,74,0.312702,1.11424,5.12463,7.61597,69500,mixed,0.203491,1727307
friendster,8,dense,75,0.56243,1.00483,5.48174,9.1383,415280,mixed,0.437969,813612
friendster,8,dense,76,0.247692,1.03031,8.44261,3.2685,673049,mixed,0.16946,388721
friendster,8,dense,77,0.23508,1.01136,6.71117,2.5523,349246,mixed,0.190481,374365
friendster,8,dense,78,0.15653,1.03981,5.67435,1.76661,741278,mixed,0.0938818,289358
friendster,8,dense,79,0.152365,1.07698,5.30558,2.02632,86893,mixed,0.0985039,308985
friendster,8,dense,80,0.258683,1.04513,6.39859,2.40228,278432,mixed,0.10947,290356
friendster,8,dense,81,0.909915,1.03509,6.38406,22.7383,220490,mixed,0.580641,2271005
friendster,8,dense,82,0.18705,1.0133,6.31093,2.34259,413180,mixed,0.131584,296350
friendster,8,dense,83,0.282324,1.08061,6.79222,3.07376,504928,mixed,0.116133,386679
friendster,8,dense,84,0.233127,0.971845,3.64767,2.30261,3086807,mixed,0.101791,281415
friendster,8,dense,85,0.467156,1.07418,7.11299,10.7074,71375,mixed,0.196527,2088618
friendster,8,dense,86,0.254854,1.09693,6.4849,2.15194,1114967,mixed,0.119159,302268
friendster,8,dense,87,0.50538,1.02741,6.94355,10.1358,379846,mixed,0.213692,2525694
friendster,8,dense,88,0.353759,1.07167,8.17767,8.66631,254939,mixed,0.282255,2737656
friendster,8,dense,89,0.318958,1.12354,6.73684,2.93857,309939,mixed,0.177935,290349
friendster,8,dense,90,0.426817,1.06273,4.87456,9.29233,358344,mixed,0.0906937,1773528
friendster,8,dense,91,1.26038,1.09071,8.67624,32.6407,9806,mixed,0.648741,10501395
friendster,8,dense,92,0.254134,1.01392,6.74032,2.32562,1071882,mixed,0.19407,303511
friendster,8,dense,93,0.396066,1.05139,5.79376,9.5144,325753,mixed,0.171095,2031228
friendster,8,dense,94,0.432404,1.04172,5.20194,8.58059,289111,mixed,0.092319,1631321
friendster,8,dense,95,0.446543,1.01338,7.01916,9.9388,219036,mixed,0.259742,1994063
friendster,8,dense,96,0.162814,1.14747,6.08569,2.04753,59949,mixed,0.103667,276109
friendster,8,dense,97,0.153378,1.05066,5.09473,1.92821,19775,mixed,0.0765112,299363
friendster,8,dense,98,0.193837,1.04595,6.17025,1.84416,121073,mixed,0.141428,262032
friendster,8,dense,99,0.546895,1.05278,5.89911,6.95707,131968,mixed,0.466265,513160
friendster,8,dense,100,0.198262,1.08198,4.28366,1.79612,2211249,mixed,0.147523,289275
friendster,8,sparse,1,0.490918,0.894932,8.71279,7.66314,8305487305,mixed,0.346246,1538629
friendster,8,sparse,2,1.47263,0.923055,11.0122,40.824,6297510782,mixed,0.677,6199749
friendster,8,sparse,3,3.61064,0.927061,7.09677,103.93,7232393137,mixed,2.90031,25417177
friendster,8,sparse,4,9.46605,1.07264,10.8973,282.055,10758,mixed,6.68855,87559315
friendster,8,sparse,5,1.18264,0.914931,12.2312,22.9534,4895401545,mixed,0.46631,6001263
friendster,8,sparse,6,1.2601,0.854135,8.32022,29.9822,5920402403,mixed,0.839935,6077606
friendster,8,sparse,7,0.723399,0.953095,4.9661,14.3751,9894027731,mixed,0.319185,3085992
friendster,8,sparse,8,0.220572,1.0529,7.03643,2.56034,172298,mixed,0.0790827,499587
friendster,8,sparse,9,0.364234,1.02253,6.89432,5.48016,20091400655,mixed,0.143417,1382492
friendster,8,sparse,10,0.456383,0.858668,8.28864,6.28697,9679643562,mixed,0.285443,1094454
friendster,8,sparse,11,0.807753,0.896648,9.47971,18.349,3567336283,mixed,0.312858,3850904
friendster,8,sparse,12,1.68569,1.09072,9.30823,44.3882,29443,mixed,0.907507,10379377
friendster,8,sparse,13,0.22804,0.853053,4.68146,2.64561,28176847450,mixed,0.0934653,518064
friendster,8,sparse,14,0.325224,0.981359,6.18082,3.86173,158121,mixed,0.12609,426046
friendster,8,sparse,15,1.00735,0.917379,12.6803,21.7364,2761583193,mixed,0.571534,4587038
friendster,8,sparse,16,6.84769,0.856622,12.3453,203.533,3047156636,mixed,3.13599,35602519
friendster,8,sparse,17,4.56157,0.888705,18.606,138.557,2295417796,mixed,3.74498,26404197
friendster,8,sparse,18,0.40146,0.870951,6.89958,5.73065,14590264428,mixed,0.229129,1315852
friendster,8,sparse,19,3.58756,0.849762,16.1733,105.468,3931724398,mixed,1.54599,25596447
friendster,8,sparse,20,1.10947,0.901362,11.9005,24.2302,4578759693,mixed,0.564856,6082078
friendster,8,sparse,21,15.5024,0.886392,14.4432,479.622,3650217124,mixed,12.9842,163443645
friendster,8,sparse,22,0.238474,1.01264,5.06186,2.41107,189634,mixed,0.107626,337896
friendster,8,sparse,23,1.08621,0.972603,5.00983,17.9027,19115475317,mixed,0.867891,2299932
friendster,8,sparse,24,0.459324,0.879402,10.2221,7.22672,7023190137,mixed,0.163304,1753869
friendster,8,sparse,25,0.411752,1.02754,6.87398,8.97443,79400,mixed,0.209969,1833664
friendster,8,sparse,26,0.971003,0.878559,7.79259,23.0003,9634744509,mixed,0.859093,2293047
friendster,8,sparse,27,0.559335,0.934645,10.0331,9.9963,7817666476,mixed,0.244188,1973687
friendster,8,sparse,28,0.453691,0.876569,10.1982,6.23382,9617468563,mixed,0.283222,1133893
friendster,8,sparse,29,1.13989,0.900882,11.5598,23.6253,5035403215,mixed,0.443496,5793751
friendster,8,sparse,30,1.46989,0.885859,10.9234,39.4645,5402895859,mixed,0.711467,5949355
friendster,8,sparse,31,1.36945,0.847636,9.6994,36.0659,9017203579,mixed,0.511236,2549041
friendster,8,sparse,32,3.93983,0.90395,18.5519,111.414,3290066466,mixed,3.55065,18009249
friendster,8,sparse,33,0.308522,0.984529,5.03788,4.17749,11498330873,mixed,0.125401,790814
friendster,8,sparse,34,0.226471,0.927949,4.59175,2.5549,38012840306,mixed,0.0896752,508186
friendster,8,sparse,35,1.52999,1.07665,10.9758,46.501,272995,mixed,0.797171,7256786
friendster,8,sparse,36,0.459964,0.843456,6.98256,6.31781,22324303230,mixed,0.319976,1239441
friendster,8,sparse,37,0.417244,0.86809,9.64603,5.4874,7867418929,mixed,0.301143,1084380
friendster,8,sparse,38,19.2791,0.876152,13.398,610.391,3350828901,mixed,13.9189,178514888
friendster,8,sparse,39,1.38135,0.869708,11.037,27.846,8532680630,mixed,0.504716,6463654
friendster,8,sparse,40,0.449255,0.882109,6.75878,6.31204,13175656239,mixed,0.208698,1187452
friendster,8,sparse,41,0.328682,1.00887,7.02112,3.67286,124111,mixed,0.246496,634072
friendster,8,sparse,42,4.84548,0.931648,14.4737,149.299,3063615122,mixed,2.22992,19481262
friendster,8,sparse,43,0.564488,1.08558,10.1204,14.187,61209,mixed,0.233235,3119896
friendster,8,sparse,44,2.19554,0.909151,10.3587,33.0844,5465557104,mixed,1.55729,8214698
friendster,8,sparse,45,2.39129,0.961025,11.6754,67.0083,4442951602,mixed,0.922233,15874049
friendster,8,sparse,46,0.447992,1.08655,7.13573,9.35137,61428,mixed,0.109123,1887183
friendster,8,sparse,47,4.34619,0.919748,20.2874,121.025,2513276371,mixed,3.38756,22283662
friendster,8,sparse,48,1.15337,0.857606,11.7562,27.3435,4835655228,mixed,0.596043,4634972
friendster,8,sparse,49,0.191793,0.928087,4.5074,2.47717,34491705158,mixed,0.0667717,514978
friendster,8,sparse,50,0.301888,0.978674,5.33678,4.0292,12625212231,mixed,0.100883,724532
friendster,8,sparse,51,1.36225,0.93811,11.6656,26.4895,9516097247,mixed,0.672164,6598628
friendster,8,sparse,52,1.12489,0.98189,12.8188,25.9291,4269618675,mixed,0.749294,5603636
friendster,8,sparse,53,0.896329,0.877063,8.82302,15.7459,2637304805,mixed,0.372179,3217570
friendster,8,sparse,54,0.323597,1.04182,4.28968,3.96946,42089707105,mixed,0.224512,960079
friendster,8,sparse,55,0.997806,0.911841,13.5972,19.7212,7461837490,mixed,0.439929,5449125
friendster,8,sparse,56,2.47629,0.919325,18.2736,75.3669,106854899,mixed,1.86876,8211209
friendster,8,sparse,57,4.01782,0.955878,18.9132,118.013,2853984172,mixed,3.47429,25796838
friendster,8,sparse,58,1.46914,0.953571,14.517,34.5731,4691884784,mixed,0.959499,6425385
friendster,8,sparse,59,0.214135,0.940345,6.87514,2.99458,345003105,mixed,0.121683,548172
friendster,8,sparse,60,26.6339,1.03382,27.4787,837.932,1279495258,mixed,17.185,139260243
friendster,8,sparse,61,0.398583,0.910449,4.85694,4.89824,13573107915,mixed,0.238303,726189
friendster,8,sparse,62,4.74305,0.94082,12.7621,140.347,2729754499,mixed,3.18711,18141007
friendster,8,sparse,63,1.14931,1.09653,8.61098,31.9777,4106,mixed,0.679056,7784009
friendster,8,sparse,64,0.674748,1.08405,8.19293,15.8211,84508,mixed,0.381923,6820427
friendster,8,sparse,65,0.292536,0.887096,3.75033,3.05051,102326308517,mixed,0.125232,512180
friendster,8,sparse,66,0.404679,0.937504,10.0958,5.43235,8226417643,mixed,0.261873,1094362
friendster,8,sparse,67,0.299326,0.963796,4.78764,3.83321,15740878868,mixed,0.17889,735082
friendster,8,sparse,68,1.57434,0.888554,11.7029,45.2077,3088668564,mixed,0.963932,6030303
friendster,8,sparse,69,0.36524,0.967103,6.21716,5.63054,13344378963,mixed,0.152748,1249763
friendster,8,sparse,70,3.81412,0.874603,20.1797,111.082,2385104873,mixed,2.72231,24234432
friendster,8,sparse,71,0.35312,0.963365,8.65692,5.23417,10175634633,mixed,0.194629,1114405
friendster,8,sparse,72,1.2926,0.966708,11.8158,30.4244,116988793,mixed,0.992862,3212693
friendster,8,sparse,73,1.03669,0.861128,13.6527,22.5616,4543529644,mixed,0.527476,6013222
friendster,8,sparse,74,1.26733,0.95376,11.8718,30.7942,5152885987,mixed,0.698085,4125382
friendster,8,sparse,75,0.837027,0.958083,10.6905,18.2625,3705321004,mixed,0.630607,3866817
friendster,8,sparse,76,0.265819,0.963214,5.07906,3.52581,26917502049,mixed,0.179907,696343
friendster,8,sparse,77,1.29937,0.94065,11.3439,32.9333,5582987401,mixed,0.666532,5555308
friendster,8,sparse,78,0.605814,0.917639,4.91829,7.70649,10934202388,mixed,0.508739,1091533
friendster,8,sparse,79,1.84137,0.924899,7.99358,46.25,5839504920,mixed,1.63348,7289880
friendster,8,sparse,80,0.239327,0.932288,4.37603,2.93818,47373798340,mixed,0.0850661,672525
friendster,8,sparse,81,3.20835,0.973411,20.1271,88.4413,1901870853,mixed,1.92912,19480312
friendster,8,sparse,82,0.480917,0.896336,9.73814,7.47097,9104751287,mixed,0.22754,1634178
friendster,8,sparse,83,1.44224,0.933461,8.0707,30.9672,5351567460,mixed,1.18418,5876238
friendster,8,sparse,84,0.373641,0.977339,6.85021,7.30321,120916,mixed,0.316944,1472803
friendster,8,sparse,85,0.841476,1.02981,8.22645,18.9775,23636,mixed,0.394846,7685066
friendster,8,sparse,86,2.42834,0.932365,12.3723,68.6477,4189923659,mixed,0.988173,17843854
friendster,8,sparse,87,0.823306,0.861739,7.82189,19.3254,9040534307,mixed,0.616081,2320142
friendster,8,sparse,88,1.49415,0.89434,11.145,27.8825,5587252534,mixed,0.985665,6662418
friendster,8,sparse,89,1.14916,1.06164,12.9179,26.1108,32358,mixed,0.555027,12309023
friendster,8,sparse,90,5.28288,0.930232,18.2459,159.48,3079531251,mixed,4.61626,27792362
friendster,8,sparse,91,0.292309,0.89838,3.08478,3.0229,49298072241,mixed,0.175162,467457
friendster,8,sparse,92,5.57528,0.932107,19.2734,169.95,2579431110,mixed,2.43935,38696116
friendster,8,sparse,93,2.93758,0.958073,14.4051,82.9432,3273856106,mixed,1.74509,20365927
friendster,8,sparse,94,2.11892,0.926235,10.4328,50.8975,3419998033,mixed,1.09476,11896423
friendster,8,sparse,95,3.83818,0.952809,7.1658,113.922,10165745945,mixed,2.91407,26862877
friendster,8,sparse,96,1.28697,0.955353,12.2421,35.1703,4014895041,mixed,0.967231,4838704
friendster,8,sparse,97,0.572855,0.874685,4.63073,13.3795,19630885352,mixed,0.357434,3109363
friendster,8,sparse,98,0.387892,0.851038,5.09794,4.35395,26975529015,mixed,0.226012,700168
friendster,8,sparse,99,3.38115,0.969087,17.5532,94.8531,1363293488,mixed,2.62425,21586901
friendster,8,sparse,100,0.727885,0.899082,7.2141,10.3801,16997377720,mixed,0.652933,1361993
