dataset,query_size,query_mode,query_index,elapsed_execution_time,filter_time,plan_time,enumerate_time,n_embeddings,order,max_task_time,n_intersections
friendster,12,dense,1,0.937392,4.84597,17.0907,21.305,1201796955,mixed,0.878529,1288571
friendster,12,dense,2,0.950658,5.31879,15.3304,21.9025,178866503,mixed,0.623432,729990
friendster,12,dense,3,0.895116,5.2993,29.7903,14.3646,82104021,mixed,0.447792,780221
friendster,12,dense,4,0.741592,5.36729,9.91866,17.853,5443641,mixed,0.342982,583219
friendster,12,dense,5,0.452493,5.49581,25.1462,9.99452,1065135,mixed,0.3929,587175
friendster,12,dense,6,0.502963,5.63926,14.9193,11.6882,165252,mixed,0.139799,838927
friendster,12,dense,7,0.342896,5.12305,30.8714,7.2657,55078500,mixed,0.113858,573422
friendster,12,dense,8,0.769518,5.26316,16.6801,17.8248,111677110,mixed,0.267623,314616
friendster,12,dense,9,0.744649,6.15729,13.8048,18.7281,2,mixed,0.404586,453262
friendster,12,dense,10,1.07339,5.41079,12.0938,25.6311,1653356,mixed,0.176617,223126
friendster,12,dense,11,0.347641,4.97626,20.1533,7.59117,691886668,mixed,0.180675,292191
friendster,12,dense,12,1.14761,5.03687,9.46844,27.2044,377624814,mixed,0.335967,412402
friendster,12,dense,13,0.217105,4.90875,13.1686,4.70608,22986648304,mixed,0.1393,209268
friendster,12,dense,14,0.777003,5.56336,8.20057,17.923,166026,mixed,0.235885,441212
friendster,12,dense,15,0.225565,5.11029,10.928,4.60063,80321957,mixed,0.179132,253212
friendster,12,dense,16,1.75642,4.93826,7.83538,40.1412,7860714736,mixed,0.142537,306883
friendster,12,dense,17,0.448015,5.72894,15.2493,10.2157,64074,mixed,0.27972,953182
friendster,12,dense,18,0.922046,5.41965,9.91064,22.1756,17668434,mixed,0.463661,399888
friendster,12,dense,19,0.651199,5.38234,17.0746,15.4299,14951780,mixed,0.343128,620311
friendster,12,dense,20,0.645167,4.901,16.3002,15.0783,1362884726,mixed,0.451618,415740
friendster,12,dense,21,0.651479,5.69967,21.0889,16.3475,99889,mixed,0.344374,741379
friendster,12,dense,22,0.681626,5.0675,11.9634,16.101,2005082024,mixed,0.41365,535389
friendster,12,dense,23,0.385296,4.96532,24.8377,7.58685,499817201,mixed,0.343332,560260
friendster,12,dense,24,0.294159,4.72001,11.3164,6.68422,12704206914,mixed,0.176232,224437
friendster,12,dense,25,0.662984,5.24899,9.19438,15.2666,83136659,mixed,0.394345,495969
friendster,12,dense,26,2.09571,5.27612,24.1454,46.233,75574560,mixed,0.509687,986892
friendster,12,dense,27,0.468755,6.04921,18.8748,10.9915,531,mixed,0.313022,616806
friendster,12,dense,28,0.795286,5.55374,20.1688,19.4278,406193,mixed,0.448362,464723
friendster,12,dense,29,0.377941,5.20478,20.1116,8.26823,119844516,mixed,0.314377,445903
friendster,12,dense,30,1.40762,5.78167,10.2257,34.3364,33247,mixed,0.447655,536555
friendster,12,dense,31,0.697931,5.81985,14.6898,17.287,1327995,mixed,0.262898,349931
friendster,12,dense,32,1.2143,5.04267,45.8375,26.3576,1420306277,mixed,0.844102,1341740
friendster,12,dense,33,0.579561,5.02016,13.1331,13.2892,843495648,mixed,0.536477,620509
friendster,12,dense,34,1.31354,4.81546,13.9173,30.7161,19460932772,mixed,0.301683,247556
friendster,12,dense,35,0.727546,4.92288,7.32301,16.1536,32301699,mixed,0.302938,484029
friendster,12,dense,36,0.553374,5.16262,27.6736,13.0466,190281744,mixed,0.294539,883498
friendster,12,dense,37,0.18619,5.26422,15.1881,3.72967,355733698,mixed,0.146704,211978
friendster,12,dense,38,0.327994,6.43175,19.3203,6.39074,2,mixed,0.224507,268845
friendster,12,dense,39,0.671289,4.96172,11.3807,15.5216,83950050,mixed,0.344928,456850
friendster,12,dense,40,0.694984,5.27857,34.8622,15.0586,231018778,mixed,0.410452,982978
friendster,12,dense,41,0.412502,4.83395,10.8977,9.23441,6014903810,mixed,0.0922338,227769
friendster,12,dense,42,0.80449,4.87256,11.2728,17.4098,3643919418,mixed,0.720521,645916
friendster,12,dense,43,0.841006,4.77551,21.4529,19.7956,379533496,mixed,0.252772,300026
friendster,12,dense,44,0.135299,4.68372,7.68383,2.45707,39179760,mixed,0.0863409,172878
friendster,12,dense,45,1.15458,5.33971,21.065,27.5213,3055036,mixed,0.387157,583618
friendster,12,dense,46,0.227499,5.05543,9.0805,5.13943,11318581,mixed,0.106281,159984
friendster,12,dense,47,0.924024,5.38905,10.4961,22.5769,6850314,mixed,0.327254,357540
friendster,12,dense,48,0.811952,4.801,13.2169,18.813,2272093861,mixed,0.559441,452207
friendster,12,dense,49,0.739953,5.32135,20.4559,17.8427,14497751,mixed,0.649146,844975
friendster,12,dense,50,0.801658,4.82533,11.7991,18.474,1624828797,mixed,0.240929,467801
friendster,12,dense,51,0.732051,5.16397,11.6537,17.2338,1394629059,mixed,0.343036,502825
friendster,12,dense,52,0.499779,5.40925,19.464,10.0148,4187206,mixed,0.280476,463353
friendster,12,dense,53,0.706008,5.20988,23.6974,17.0237,143893715,mixed,0.672178,819520
friendster,12,dense,54,0.748086,5.16885,27.3305,18.5757,2442584211,mixed,0.601954,1574466
friendster,12,dense,55,0.196247,5.21497,21.4704,3.89043,23509459,mixed,0.154844,217529
friendster,12,dense,56,0.440711,4.78235,11.6963,10.1714,69101584,mixed,0.0605827,159351
friendster,12,dense,57,0.945595,4.82874,13.5476,23.1855,125578888,mixed,0.372454,531449
friendster,12,dense,58,0.512307,5.20484,22.9593,11.5325,4760401,mixed,0.307234,734073
friendster,12,dense,59,0.324326,5.14353,13.411,7.16955,54745667,mixed,0.136295,192553
friendster,12,dense,60,1.30656,4.88595,12.8964,31.3452,2174061857,mixed,0.513528,765466
friendster,12,dense,61,0.929005,5.18227,19.641,23.0331,19334503,mixed,0.308074,230616
friendster,12,dense,62,0.432477,5.16729,12.3647,9.40085,89917148,mixed,0.101766,222575
friendster,12,dense,63,0.368731,5.52778,19.0273,8.69195,243529,mixed,0.0322324,157607
friendster,12,dense,64,1.2648,5.46188,14.2546,31.3359,1405508,mixed,0.546386,740481
friendster,12,dense,65,0.32606,5.48163,13.6461,4.82545,585231,mixed,0.231413,278169
friendster,12,dense,66,0.826581,4.68054,15.5473,19.7272,904006655,mixed,0.327242,547798
friendster,12,dense,67,0.289288,5.10642,11.675,6.45036,2165991,mixed,0.237021,234862
friendster,12,dense,68,0.886071,4.95034,11.0275,21.7834,2336148338,mixed,0.304895,267961
friendster,12,dense,69,0.801151,5.32708,18.6018,19.232,21064107,mixed,0.644811,704540
friendster,12,dense,70,1.41996,5.11874,20.1002,35.577,208450468,mixed,0.659949,968758
friendster,12,dense,71,0.728337,5.04478,12.3195,17.622,9482993,mixed,0.272892,410166
friendster,12,dense,72,0.898871,5.22924,17.1854,21.628,14765130,mixed,0.40673,555848
friendster,12,dense,73,0.435919,4.98568,12.7335,8.76626,159275358,mixed,0.382491,366846
friendster,12,dense,74,0.948262,5.5875,17.5972,24.3439,161468,mixed,0.347308,563758
friendster,12,dense,75,1.14373,4.82715,9.61443,26.131,528949597,mixed,0.241108,221146
friendster,12,dense,76,0.541876,5.41704,30.2774,12.5883,499100,mixed,0.459807,759964
friendster,12,dense,77,0.221767,5.5943,12.7399,5.0395,308843,mixed,0.11654,164418
friendster,12,dense,78,0.823496,5.94886,12.1948,20.0509,16302,mixed,0.236695,400155
friendster,12,dense,79,0.683661,5.61273,20.3509,16.0637,380488,mixed,0.445446,638573
friendster,12,dense,80,0.890129,5.53478,10.3537,21.375,22314645,mixed,0.326915,475387
friendster,12,dense,81,1.02946,5.0642,20.0286,25.8843,1392539085,mixed,0.396105,617243
friendster,12,dense,82,1.48584,4.71188,7.17617,35.2193,1968323765,mixed,0.497472,502097
friendster,12,dense,83,1.26856,4.86498,11.7131,29.7481,66646401,mixed,0.560592,744773
friendster,12,dense,84,0.960357,6.00442,5.93901,22.1705,1732,mixed,0.248776,239369
friendster,12,dense,85,0.911066,5.36254,10.1485,22.657,4682132,mixed,0.39828,391377
friendster,12,dense,86,0.81799,5.04655,15.0802,19.6627,5201544924,mixed,0.7782,1043923
friendster,12,dense,87,0.707731,5.34858,19.2367,16.9766,3795950,mixed,0.210568,272863
friendster,12,dense,88,1.28251,4.78963,9.59107,30.5806,1535399192,mixed,0.508512,593969
friendster,12,dense,89,0.472697,5.41498,12.2455,10.6352,225165,mixed,0.379219,606512
friendster,12,dense,90,1.176,5.30934,20.9591,28.9249,2752510,mixed,0.697763,888698
friendster,12,dense,91,1.2959,4.93877,20.932,32.0309,1848127880,mixed,0.631939,771290
friendster,12,dense,92,1.31949,4.95014,15.0352,28.7128,653819406,mixed,0.850394,1602029
friendster,12,dense,93,1.03574,4.91809,18.5959,24.9591,2774623452,mixed,0.400304,651193
friendster,12,dense,94,0.488373,5.00657,12.588,10.7146,10007790,mixed,0.319122,250872
friendster,12,dense,95,1.47128,5.50349,13.8128,41.6015,2189456,mixed,0.792112,7958934
friendster,12,dense,96,1.00534,5.01576,11.2293,23.3196,324445202,mixed,0.31163,433127
friendster,12,dense,97,0.550926,6.24435,13.6482,13.4883,122,mixed,0.486491,746557
friendster,12,dense,98,0.97414,4.80741,18.6479,22.1098,131068352,mixed,0.570964,2087268
friendster,12,dense,99,0.259522,5.9675,17.1002,6.00959,69701285,mixed,0.169576,178948
friendster,12,dense,100,0.514669,5.13418,12.9471,11.7501,2872005029,mixed,0.302049,312651
friendster,12,sparse,1,0.270429,5.03954,16.4302,5.73697,133492268,mixed,0.223098,1078812
friendster,12,sparse,2,0.443643,5.15552,19.7194,9.83802,14624164,mixed,0.124821,326996
friendster,12,sparse,3,0.166511,5.01872,23.4927,2.96449,325661127,mixed,0.103995,298739
friendster,12,sparse,4,0.803978,5.73471,14.6957,15.6095,4627,mixed,0.0268376,410925
friendster,12,sparse,5,0.882597,5.53164,16.9167,20.9295,1778302,mixed,0.454065,801518
friendster,12,sparse,6,0.420547,5.21099,22.8743,8.65156,28302789,mixed,0.310672,852423
friendster,12,sparse,7,1.05426,4.52542,6.3709,23.9614,7102894569,mixed,0.339043,282597
friendster,12,sparse,8,0.331112,4.98156,16.5019,7.3718,7585550,mixed,0.172098,245692
friendster,12,sparse,9,0.635134,5.09231,22.9571,13.4744,12657408,mixed,0.487122,710877
friendster,12,sparse,10,0.728827,4.94279,26.0434,16.5679,130291715,mixed,0.378417,386024
friendster,12,sparse,11,0.457202,5.10403,15.4149,10.597,30933414,mixed,0.0439283,243781
friendster,12,sparse,12,0.368655,4.82312,15.4597,6.90112,997544845,mixed,0.0964519,501992
friendster,12,sparse,13,0.936013,5.63409,13.6185,23.2009,15633,mixed,0.36814,383943
friendster,12,sparse,14,0.18101,5.99906,23.6907,3.89751,27836,mixed,0.0581984,188175
friendster,12,sparse,15,0.489015,5.87409,28.5008,9.78913,60547,mixed,0.22621,327152
friendster,12,sparse,16,0.387736,4.75728,14.5194,6.80185,205651317,mixed,0.196942,315406
friendster,12,sparse,17,0.296464,5.11561,32.1801,6.62605,16824937,mixed,0.253138,639579
friendster,12,sparse,18,0.255913,5.10011,14.9932,5.34602,30841145,mixed,0.206648,423503
friendster,12,sparse,19,0.897947,5.06824,12.7634,21.6288,12943284,mixed,0.223623,243391
friendster,12,sparse,20,0.474574,5.13543,26.9963,9.83168,22622602,mixed,0.36144,2916520
friendster,12,sparse,21,1.31937,4.92429,12.7571,29.7992,850546134,mixed,0.472919,708689
friendster,12,sparse,22,0.53754,5.0965,19.0429,12.2578,519545438,mixed,0.361375,467600
friendster,12,sparse,23,0.433263,5.1942,18.8397,8.22075,159613601,mixed,0.0794059,660045
friendster,12,sparse,24,0.999145,5.08375,39.7147,24.3667,73602698,mixed,0.687739,1042008
friendster,12,sparse,25,0.204173,4.59373,9.02618,4.30251,7619024153,mixed,0.147284,214515
friendster,12,sparse,26,0.339476,5.04836,20.2311,7.54309,12169554,mixed,0.23811,299382
friendster,12,sparse,27,0.626311,5.12489,11.4892,14.2858,329049889,mixed,0.0958122,195119
friendster,12,sparse,28,0.26284,4.95085,13.3128,5.7744,2080813533,mixed,0.20635,275579
friendster,12,sparse,29,0.394588,5.42347,7.61681,8.82076,271391,mixed,0.181372,174756
friendster,12,sparse,30,0.886975,5.00302,22.4118,21.2985,160192246,mixed,0.657335,622068
friendster,12,sparse,31,0.322643,4.55283,7.81919,7.26232,2985049998,mixed,0.141095,201388
friendster,12,sparse,32,1.01308,5.1392,24.5454,24.2131,167960995,mixed,0.808119,974482
friendster,12,sparse,33,1.06639,4.939,10.1988,25.3991,18855791,mixed,0.334071,326697
friendster,12,sparse,34,0.254885,5.01796,19.1174,5.22832,55081756,mixed,0.134578,194189
friendster,12,sparse,35,1.87423,5.22865,29.6883,36.8288,4839869,mixed,0.686995,10859594
friendster,12,sparse,36,0.217372,5.01291,14.6761,3.78698,41236756,mixed,0.133793,217122
friendster,12,sparse,37,0.263839,4.9878,13.6621,5.89196,8808483,mixed,0.127909,203172
friendster,12,sparse,38,0.750103,4.54434,7.36675,17.28,107804607,mixed,0.3679,564169
friendster,12,sparse,39,0.362953,4.70257,9.30436,7.65585,5184186132,mixed,0.307772,210973
friendster,12,sparse,40,0.17981,4.95801,22.1192,3.27081,59517995,mixed,0.106949,335704
friendster,12,sparse,41,0.311148,4.84488,19.5016,6.95569,514124525,mixed,0.166353,294756
friendster,12,sparse,42,0.334009,5.28085,17.0296,6.57159,149150,mixed,0.139095,290971
friendster,12,sparse,43,0.330979,4.98903,21.1944,6.81509,33614983,mixed,0.273936,443667
friendster,12,sparse,44,0.574135,5.42818,11.0475,8.70825,6402029,mixed,0.0643715,1577280
friendster,12,sparse,45,1.4306,5.07018,41.4843,34.5225,297146274,mixed,0.64533,6357679
friendster,12,sparse,46,0.310626,4.96616,19.1861,7.10498,612565243,mixed,0.185294,283507
friendster,12,sparse,47,0.295409,4.78042,20.6534,6.52827,144602646,mixed,0.174427,246689
friendster,12,sparse,48,0.184991,4.94209,13.5069,3.32851,3892797154,mixed,0.122605,245880
friendster,12,sparse,49,0.945579,5.35489,30.49,19.8371,665040,mixed,0.831941,906634
friendster,12,sparse,50,0.860163,4.95318,9.78736,20.5221,198278865,mixed,0.275705,228187
friendster,12,sparse,51,0.936123,5.02924,9.21673,21.0703,8293318,mixed,0.270919,251594
friendster,12,sparse,52,1.12639,4.83813,11.2858,25.689,130232956,mixed,0.333035,606263
friendster,12,sparse,53,0.586317,4.96929,20.5912,13.5818,2024528457,mixed,0.502347,964157
friendster,12,sparse,54,0.233213,4.84522,9.25384,4.73927,1018151108,mixed,0.112559,315141
friendster,12,sparse,55,0.220305,4.86123,8.41923,4.62669,15349154785,mixed,0.166404,232744
friendster,12,sparse,56,1.04101,5.96297,21.3706,18.7015,20757,mixed,0.54367,3357458
friendster,12,sparse,57,1.21915,4.78155,15.2113,28.5518,6961814801,mixed,0.403286,535163
friendster,12,sparse,58,0.498275,4.96707,15.2534,11.2599,321617495,mixed,0.230965,397309
friendster,12,sparse,59,0.346858,5.08785,18.5462,1.48445,78211110,mixed,0.318793,403200
friendster,12,sparse,60,1.01039,5.0664,13.2677,21.104,47796934,mixed,0.274984,335509
friendster,12,sparse,61,0.587206,4.90645,17.521,3.23309,425345637,mixed,0.556848,862563
friendster,12,sparse,62,0.129328,5.16199,13.4092,0.542244,27847112,mixed,0.101651,189826
friendster,12,sparse,63,0.221142,4.94405,16.3217,0.818804,119802110,mixed,0.19522,308478
friendster,12,sparse,64,1.51773,5.09043,28.1855,13.2237,10928070,mixed,1.49398,3494520
friendster,12,sparse,65,0.358553,5.12731,17.1738,2.52957,23246992,mixed,0.332034,437427
friendster,12,sparse,66,0.148659,4.7782,12.7494,0.606438,615673265,mixed,0.124696,206137
friendster,12,sparse,67,0.675321,4.93445,20.9525,3.49078,977855426,mixed,0.641448,898312
friendster,12,sparse,68,0.429779,5.31811,19.9001,3.69003,863525,mixed,0.408673,594768
friendster,12,sparse,69,0.363418,4.98941,25.4909,2.67838,31307247,mixed,0.334065,562033
friendster,12,sparse,70,0.706257,4.97802,24.3886,4.13039,29388687,mixed,0.6743,1016677
friendster,12,sparse,71,0.52782,4.79251,10.9718,3.15902,172711862,mixed,0.499366,762272
friendster,12,sparse,72,0.122799,5.13172,22.4428,1.0403,3028629,mixed,0.100118,270111
friendster,12,sparse,73,0.147813,4.73925,9.92324,0.707724,960303075,mixed,0.122343,236325
friendster,12,sparse,74,0.576299,4.93277,29.1167,4.51213,367841072,mixed,0.544872,945147
friendster,12,sparse,75,0.131921,4.77338,17.0478,0.936141,654309734,mixed,0.106084,224575
friendster,12,sparse,76,0.657433,5.06971,14.3193,11.9213,2184939,mixed,0.355738,612507
friendster,12,sparse,77,0.397951,4.93881,16.8164,3.87016,230803582,mixed,0.367728,590792
friendster,12,sparse,78,0.260153,4.94777,11.5663,1.04432,59744226,mixed,0.233575,363430
friendster,12,sparse,79,0.24159,5.20581,16.8528,1.14152,96481170,mixed,0.216307,257151
friendster,12,sparse,80,1.08795,5.22923,24.3311,10.8796,14050159,mixed,1.05688,2059229
friendster,12,sparse,81,0.156718,4.85365,19.375,0.769919,156680959,mixed,0.130262,296326
friendster,12,sparse,82,0.408914,5.07734,24.4295,3.38165,7164797379,mixed,0.380577,809764
friendster,12,sparse,83,0.283031,4.65966,14.495,1.20419,1678035170,mixed,0.254628,316118
friendster,12,sparse,84,2.5389,5.1732,24.2089,20.4574,9086978,mixed,2.51382,8571136
friendster,12,sparse,85,0.13885,4.96388,25.6005,1.24513,9300171,mixed,0.113624,307854
friendster,12,sparse,86,0.190663,5.25603,17.2404,1.96196,8413769,mixed,0.105399,236053
friendster,12,sparse,87,0.750124,4.86087,16.6077,13.6319,260648082,mixed,0.297936,305916
friendster,12,sparse,88,0.378173,4.95521,18.421,4.38044,17676817700,mixed,0.346892,924609
friendster,12,sparse,89,0.130621,4.86149,22.8406,1.06265,447439645,mixed,0.105735,241553
friendster,12,sparse,90,1.47438,5.40941,47.5742,11.9412,4573676,mixed,1.44762,2654642
friendster,12,sparse,91,0.95274,5.05083,21.7299,8.97585,30166278,mixed,0.924779,2037818
friendster,12,sparse,92,0.123802,5.24238,30.185,1.14643,3316006,mixed,0.0988541,280658
friendster,12,sparse,93,0.83504,5.05583,10.4327,10.5205,30358841,mixed,0.394549,369050
friendster,12,sparse,94,0.301811,4.87438,10.4411,0.978176,1184470211,mixed,0.278707,283998
friendster,12,sparse,95,0.670762,5.10829,19.3516,6.58409,11642910,mixed,0.638488,618442
friendster,12,sparse,96,0.37941,5.23777,11.2175,3.81599,4181941,mixed,0.253434,376050
friendster,12,sparse,97,0.522455,5.16058,16.7418,5.58512,33543847,mixed,0.499398,616089
friendster,12,sparse,98,0.146007,4.79603,21.8704,1.36295,371205485,mixed,0.123599,318742
friendster,12,sparse,99,1.29479,5.00948,25.433,15.8488,31474750,mixed,1.26524,1939224
friendster,12,sparse,100,0.387892,5.04761,12.7777,2.54507,111555916,mixed,0.359239,604433
