dataset,query_size,query_mode,query_index,elapsed_execution_time,filter_time,plan_time,enumerate_time,n_embeddings,order,max_task_time,n_intersections
youtube2007,12,dense,1,710.595,0.307069,4.2217,18097.4,1077369785665,mixed,659.992,3636732956
youtube2007,12,dense,3,4.13218,0.238878,0.569764,99.4184,11404505557,mixed,2.34766,44545965
youtube2007,12,dense,4,0.475647,0.125005,0.0446565,0.915426,55120515,mixed,0.420318,345140
youtube2007,12,dense,6,32.7598,0.423878,6.08728,861.4,278457777990,mixed,20.0009,242236191
youtube2007,12,dense,7,2.89577,0.152261,0.221053,68.4791,2545912333,mixed,1.34912,41696932
youtube2007,12,dense,9,0.420568,0.136102,0.202524,2.73002,19129765,mixed,0.213817,1976196
youtube2007,12,dense,10,0.102453,0.213385,0.16778,0.469029,123680567,mixed,0.100519,350076
youtube2007,12,dense,11,257.78,0.47442,2.0944,7146.55,6883089195451,mixed,142.831,77236260
youtube2007,12,dense,14,0.00144881,0.101608,0.00245233,0.00119961,19773,5 3 2 8 6 7 9 1 0 4 10 11 ,0.00119961,491
youtube2007,12,dense,15,0.00907043,0.0615017,0.00496977,0.00988445,1900800,mixed,0.00891453,6029
youtube2007,12,dense,18,2.52071,0.198805,0.217864,64.4377,11585127534,mixed,2.10417,10577341
youtube2007,12,dense,20,139.624,0.174012,1.61544,3199.69,2014335185181,mixed,109.23,1229305290
youtube2007,12,dense,22,0.000807582,0.133529,0.00179857,0.000484681,90,10 9 3 6 7 8 5 1 0 4 11 2 ,0.000484681,47
youtube2007,12,dense,24,0.63681,0.0971825,0.0441431,1.77203,32987174,mixed,0.408717,961430
youtube2007,12,dense,27,0.0010426,0.102516,0.00453836,0.000818821,600,1 4 5 6 7 2 9 8 0 3 10 11 ,0.000818821,297
youtube2007,12,dense,28,0.314365,0.124386,0.0219297,0.532976,3860614,mixed,0.314074,289147
youtube2007,12,dense,29,0.00118644,0.116506,0.0115558,0.00191975,810,mixed,0.000680475,279
youtube2007,12,dense,30,0.442559,0.177844,0.16515,2.42916,18957101,mixed,0.243298,610959
youtube2007,12,dense,32,0.000795545,0.106406,0.0020714,0.000559968,108,1 3 5 2 4 8 9 0 7 6 10 11 ,0.000559968,55
youtube2007,12,dense,33,124.495,0.14169,0.337848,3779.51,239406878031,mixed,79.4552,18700776
youtube2007,12,dense,34,65.4351,0.0917409,0.30628,1947.96,103752717461,mixed,49.9325,741797611
youtube2007,12,dense,36,2.91827,0.339445,1.56277,71.3268,15614261899,mixed,1.70249,33272471
youtube2007,12,dense,38,75.8229,0.132558,1.16802,1885.6,867952961133,mixed,69.7112,1297250659
youtube2007,12,dense,39,3.14789,0.1092,0.522548,84.3126,1505392123,mixed,2.20957,12043217
youtube2007,12,dense,40,2.4185,0.154728,0.787321,42.9537,84674603220,mixed,1.19024,29590057
youtube2007,12,dense,42,40.5509,0.476997,3.16103,1060.2,264913885484,mixed,29.5173,510618524
youtube2007,12,dense,47,0.0638931,0.153285,0.07601,0.348416,31755754,mixed,0.0617627,168253
youtube2007,12,dense,48,19.8422,0.165256,1.24778,606.991,157454094524,mixed,15.6363,248286302
youtube2007,12,dense,51,0.167089,0.177356,0.0798295,0.334072,110609,mixed,0.166246,177421
youtube2007,12,dense,52,0.0131098,0.182156,0.0935479,0.229013,6081,mixed,0.0124803,19103
youtube2007,12,dense,53,229.716,0.148631,2.9652,6571.48,9204090830327,mixed,200.55,2612083858
youtube2007,12,dense,54,2.69438,0.216767,0.942687,63.5964,9811535971,mixed,2.04612,22103034
youtube2007,12,dense,56,0.705152,0.150543,0.574189,13.487,509545688124,mixed,0.673996,5430619
youtube2007,12,dense,58,132.783,0.197172,3.82815,3532.63,64389808277,mixed,92.6497,1483276202
youtube2007,12,dense,61,29.516,0.220599,0.436488,787.548,64893882097,mixed,10.1137,42161397
youtube2007,12,dense,62,1.04208,0.126439,0.0322941,17.1855,1416231241267,mixed,0.713763,7658269
youtube2007,12,dense,66,0.00165431,0.0831582,0.00434465,0.00146939,1030477,mixed,0.0014645,981
youtube2007,12,dense,67,0.0571814,0.157518,0.0925308,0.277787,190052,mixed,0.0567749,104717
youtube2007,12,dense,68,0.364415,0.1553,0.16863,2.00081,41163873,mixed,0.212912,1404654
youtube2007,12,dense,69,3.42801,0.194796,0.163385,80.0612,4159859994,mixed,1.98187,36713735
youtube2007,12,dense,71,1411.5,0.731021,18.7687,41446.0,9703576678406,mixed,1084.44,21580749272
youtube2007,12,dense,72,0.0766897,0.116378,0.0488261,0.195534,2931261,mixed,0.0757513,206183
youtube2007,12,dense,75,2.87534,0.234202,1.5689,66.8746,364484154,mixed,1.7442,39707567
youtube2007,12,dense,82,0.232098,0.13157,0.224003,1.27163,116266260,mixed,0.211481,857070
youtube2007,12,dense,87,12.9194,0.112964,0.316789,339.728,613361939205,mixed,7.79352,124651166
youtube2007,12,dense,88,6.07095,0.203935,0.0260205,175.509,6592303776,mixed,5.59496,12928812
youtube2007,12,dense,89,0.0420663,0.105156,0.0471197,0.0563321,300186,mixed,0.0415891,82286
youtube2007,12,dense,90,0.0505259,0.160321,0.0816038,0.12266,4149928,mixed,0.0499424,81632
youtube2007,12,dense,93,16.7454,0.175378,0.565498,470.815,46894768211,mixed,11.2472,356386275
youtube2007,12,dense,98,67.183,0.484279,7.8633,1562.31,122423397072,mixed,41.9064,484375871
youtube2007,12,dense,100,0.0049484,0.103211,0.0026145,0.00468419,181344,3 10 4 5 6 1 2 0 8 7 11 9 ,0.00468419,5939
youtube2007,12,sparse,1,0.0508151,0.148025,0.0795824,0.177494,13714975,mixed,0.0489986,108763
youtube2007,12,sparse,2,197.793,0.492758,5.75811,5066.26,158482373756719,mixed,171.384,1460863901
youtube2007,12,sparse,3,0.751992,0.147931,0.547613,15.281,2460235982,mixed,0.608212,4181729
youtube2007,12,sparse,4,0.000613648,0.0761256,0.00208174,0.000483295,0,4 3 1 7 11 6 2 0 5 10 9 8 ,0.000483295,3
youtube2007,12,sparse,7,27.3181,0.347637,6.77746,758.446,975295834234,mixed,15.0008,211355458
youtube2007,12,sparse,8,19.2517,0.249127,3.47502,600.467,13557552905479,mixed,14.753,219467955
youtube2007,12,sparse,9,0.0810218,0.175931,0.168806,0.181165,3328210,mixed,0.075921,121297
youtube2007,12,sparse,10,0.0318444,0.163068,0.0397672,0.0599829,4526967,mixed,0.0312796,68299
youtube2007,12,sparse,11,0.308582,0.0493146,0.00563099,0.311365,2570400,mixed,0.308384,276683
youtube2007,12,sparse,13,783.812,0.233232,3.53385,19609.1,2205366019593,mixed,515.108,6973796593
youtube2007,12,sparse,14,0.00276881,0.131803,0.0105746,0.00975211,93744,mixed,0.00235629,1336
youtube2007,12,sparse,18,0.0372323,0.206655,0.0854906,0.10283,4450907,mixed,0.0357626,92944
youtube2007,12,sparse,20,5.73194,0.433618,3.69007,171.497,72397121361,mixed,3.88527,54565855
youtube2007,12,sparse,22,0.174524,0.076377,0.0104124,0.371458,75889924,7 0 2 1 5 4 3 8 10 9 6 11 ,0.174108,170619
youtube2007,12,sparse,25,0.285136,0.155318,0.387391,1.39884,66315571,mixed,0.279518,751138
youtube2007,12,sparse,26,0.0467212,0.116802,0.057862,0.0793231,2039836,mixed,0.0463054,66239
youtube2007,12,sparse,27,0.0019652,0.0981164,0.00835564,0.00581242,1664,mixed,0.00180103,789
youtube2007,12,sparse,29,0.0019344,0.0869763,0.0050647,0.0023148,372064,mixed,0.00153941,789
youtube2007,12,sparse,31,1417.23,0.208617,4.60222,29949.9,12808977339657,mixed,888.318,1529597558
youtube2007,12,sparse,32,10.0455,0.114162,0.0115645,10.1967,1127664096,mixed,10.0452,27277
youtube2007,12,sparse,35,0.36959,0.129865,0.118406,2.36237,31139202,mixed,0.367815,813847
youtube2007,12,sparse,36,14.3014,0.190951,1.80813,440.747,284959837902,mixed,10.2308,164004818
youtube2007,12,sparse,37,23.4244,0.180669,1.74023,621.313,46850394612,mixed,13.4376,251422072
youtube2007,12,sparse,38,808.485,0.0880761,0.985997,23659.1,866345872650,mixed,734.556,328735881
youtube2007,12,sparse,40,2.76754,0.182201,1.04892,67.7937,10514324563,mixed,1.87804,35406878
youtube2007,12,sparse,41,10.6469,0.15021,1.73262,261.247,118890186178,mixed,8.24533,21904914
youtube2007,12,sparse,43,0.00170653,0.0698197,0.00424047,0.00214375,208352,mixed,0.00135447,646
youtube2007,12,sparse,44,0.00107631,0.098881,0.00474887,0.00162649,2,mixed,0.000860791,106
youtube2007,12,sparse,45,94.2866,0.304058,2.84884,2944.63,240755337509,mixed,91.464,148685388
youtube2007,12,sparse,46,1366.84,0.625884,23.9373,42174.8,2885302888016,mixed,587.768,16282729713
youtube2007,12,sparse,47,1633.33,0.473113,0.560237,43226.4,5951534207078,mixed,965.81,47615811
youtube2007,12,sparse,48,2.29543,0.205991,1.45878,31.245,5248650708,mixed,1.97798,2969938
youtube2007,12,sparse,49,826.208,0.603533,35.9485,25174.6,3642990098837,mixed,453.206,9410548677
youtube2007,12,sparse,52,0.653012,0.287443,1.42659,6.93991,1419130283,mixed,0.540204,2769652
youtube2007,12,sparse,54,0.509886,0.284071,2.16842,9.0283,669952142,mixed,0.44451,3881611
youtube2007,12,sparse,55,1129.88,0.443481,9.55988,29446.2,3037757573292,mixed,1059.96,2438186680
youtube2007,12,sparse,59,15.708,0.454125,5.37524,439.308,762815377418,mixed,10.923,160157597
youtube2007,12,sparse,62,1.41703,0.175652,0.848405,29.3517,189506383429,mixed,0.893634,14340174
youtube2007,12,sparse,63,232.41,0.53804,18.1323,7065.21,386503894921,mixed,189.113,3083469745
youtube2007,12,sparse,65,86.8732,0.417967,10.6086,2305.38,144176551129,mixed,61.8973,560177763
youtube2007,12,sparse,66,0.0531389,0.0680568,0.0294375,0.0816694,13459718,mixed,0.0527457,105745
youtube2007,12,sparse,68,1295.22,0.217513,7.76907,37940.2,523186023420306,mixed,996.677,15267735612
youtube2007,12,sparse,69,949.878,0.197112,5.86068,30334.0,23980264457687,mixed,912.546,7220056444
youtube2007,12,sparse,70,10.7305,0.361669,4.48983,312.9,29555453878,mixed,8.22221,104702411
youtube2007,12,sparse,72,26.9656,0.0817437,0.295505,604.886,94862458453,mixed,24.5749,113513309
youtube2007,12,sparse,74,0.59816,0.0849834,0.0415938,5.03142,15737177656,mixed,0.36777,1341041
youtube2007,12,sparse,76,367.856,0.200611,1.94821,9440.84,723379700777,mixed,219.968,690773069
youtube2007,12,sparse,79,17.0096,0.08496,0.247425,456.012,37690482509,mixed,15.0422,33227935
youtube2007,12,sparse,80,204.402,0.256125,3.40418,5210.24,30094985052585,mixed,179.588,1255733677
youtube2007,12,sparse,81,836.987,0.632211,12.3832,26772.3,51633615294671,mixed,481.645,7127705764
youtube2007,12,sparse,82,1.04843,0.252796,0.803581,21.0315,22162007234,mixed,0.735391,6037208
youtube2007,12,sparse,83,38.3155,0.272401,5.60271,935.526,85581877827,mixed,26.9628,281794017
youtube2007,12,sparse,85,0.296663,0.104609,0.0693755,0.839652,817317851,mixed,0.225255,223947
youtube2007,12,sparse,88,0.132516,0.0918915,0.0272121,0.142148,15820437,mixed,0.132215,86624
youtube2007,12,sparse,90,232.652,0.0778136,0.250864,5821.95,705804569530,mixed,208.681,181932027
youtube2007,12,sparse,93,0.339591,0.297543,0.620537,2.63352,334168173815,mixed,0.213312,1127114
youtube2007,12,sparse,94,0.395428,0.259559,0.177017,2.07322,26651084,mixed,0.211883,857992
youtube2007,12,sparse,100,0.523414,0.175384,0.669359,5.90797,294240712,mixed,0.300419,3290044
