dataset,query_size,query_mode,query_index,elapsed_execution_time,filter_time,plan_time,enumerate_time,n_embeddings,order,max_task_time,n_intersections
friendster,8,dense,1,0.823816,3.30599,6.86082,20.077,1594165,mixed,0.591642,495902
friendster,8,dense,2,0.504111,3.4294,6.02981,7.89642,286105,mixed,0.455507,590052
friendster,8,dense,3,0.49319,3.83608,7.90634,8.55333,32461,mixed,0.413481,788360
friendster,8,dense,4,0.403976,3.31537,3.58447,5.58208,1749560,mixed,0.342877,554690
friendster,8,dense,5,0.535863,3.34859,5.2773,9.10851,462068,mixed,0.46031,751381
friendster,8,dense,6,0.699482,3.33303,8.45007,12.5583,1365246,mixed,0.601477,968771
friendster,8,dense,7,0.44981,3.39913,8.38862,6.01771,171972,mixed,0.361584,457006
friendster,8,dense,8,0.327935,3.71228,5.9574,3.76653,5694,mixed,0.223578,913396
friendster,8,dense,9,0.549666,3.38694,7.07321,8.64046,1207804,mixed,0.463394,626048
friendster,8,dense,10,0.725977,3.50411,6.2966,12.5273,370374,mixed,0.534373,2131607
friendster,8,dense,11,0.227327,3.52426,8.66863,2.24253,273913,mixed,0.0944434,291358
friendster,8,dense,12,0.236801,3.19089,4.61674,2.10398,3430026,mixed,0.112169,266341
friendster,8,dense,13,0.189734,3.36424,6.87954,1.87508,368405,mixed,0.109837,272861
friendster,8,dense,14,0.862637,3.55107,10.3613,15.1214,49677,mixed,0.708137,2616573
friendster,8,dense,15,0.443545,3.30771,6.58604,5.38277,971412,mixed,0.382684,825167
friendster,8,dense,16,0.767652,3.25052,7.54699,6.22669,1659526,mixed,0.283071,575787
friendster,8,dense,17,0.508923,3.62002,8.7216,5.08267,108009,mixed,0.354404,403001
friendster,8,dense,18,0.28653,3.40463,4.83293,2.67466,28082863,mixed,0.176214,270684
friendster,8,dense,19,0.242189,3.74955,4.67245,2.23372,15638,mixed,0.137155,316874
friendster,8,dense,20,0.40875,3.3861,6.14763,7.20499,247940,mixed,0.196617,833381
friendster,8,dense,21,0.226695,3.57537,8.44551,2.08324,285552,mixed,0.140165,323063
friendster,8,dense,22,0.809542,3.61746,9.52335,22.0384,91967,mixed,0.722236,1335463
friendster,8,dense,23,0.184947,3.50717,5.59298,1.84894,228502,mixed,0.110819,251899
friendster,8,dense,24,0.468977,3.47675,6.5825,5.04912,139149,mixed,0.371618,493838
friendster,8,dense,25,0.553171,3.42711,7.70033,5.77591,300793,mixed,0.293925,566488
friendster,8,dense,26,0.126515,3.439,6.21805,1.55256,282658,mixed,0.0577097,251133
friendster,8,dense,27,0.375405,3.54222,7.12975,3.85944,103681,mixed,0.32327,582430
friendster,8,dense,28,0.222677,3.51157,9.53008,1.98903,1023576,mixed,0.0902621,271373
friendster,8,dense,29,0.674066,3.58983,7.34339,10.6315,49159,mixed,0.60389,1782867
friendster,8,dense,30,0.149009,3.40028,7.21969,1.91226,259296,mixed,0.0651592,348172
friendster,8,dense,31,0.564012,3.50708,10.0037,7.81096,1027133,mixed,0.430256,854579
friendster,8,dense,32,0.147554,3.49233,10.7091,1.96778,275009,mixed,0.0789301,334701
friendster,8,dense,33,0.401145,3.57546,7.35264,4.62596,416496,mixed,0.319051,446947
friendster,8,dense,34,0.438593,3.70924,5.5353,4.38723,21142,mixed,0.295525,750177
friendster,8,dense,35,0.31352,3.57821,6.24396,4.692,147533,mixed,0.144389,646577
friendster,8,dense,36,0.223086,3.51104,5.69399,2.58813,202011,mixed,0.163579,369905
friendster,8,dense,37,0.199995,3.41566,4.77209,1.98372,870623,mixed,0.149494,282100
friendster,8,dense,38,0.461043,3.54951,7.6131,5.29773,30002,mixed,0.305882,677203
friendster,8,dense,39,0.377857,3.38097,4.78849,3.38106,11951630,mixed,0.298481,354237
friendster,8,dense,40,0.477919,3.41834,4.53782,6.62304,185275,mixed,0.422216,773824
friendster,8,dense,41,0.182621,3.43599,5.88957,1.98732,461608,mixed,0.140959,276485
friendster,8,dense,42,0.555538,3.39939,4.36455,6.37291,1230616,mixed,0.466235,714126
friendster,8,dense,43,0.743648,3.59815,7.68223,10.5609,243646,mixed,0.585133,953531
friendster,8,dense,44,0.403473,3.55674,6.09674,4.65561,84836,mixed,0.305255,567159
friendster,8,dense,45,0.392811,3.41351,6.97164,3.99654,1196527,mixed,0.337818,460220
friendster,8,dense,46,0.545572,3.50643,6.54427,5.25994,1300737,mixed,0.319001,562860
friendster,8,dense,47,0.233328,3.45581,9.80436,2.08941,403398,mixed,0.0850649,287488
friendster,8,dense,48,0.339394,3.42784,11.5115,2.67621,290120,mixed,0.189802,320986
friendster,8,dense,49,0.441731,3.55721,6.52117,5.65302,2287132,mixed,0.356491,427175
friendster,8,dense,50,0.439485,3.70677,5.70218,5.04467,106245,mixed,0.381071,510507
friendster,8,dense,51,0.44464,3.36911,5.14118,3.04611,1752169,mixed,0.368467,321879
friendster,8,dense,52,0.335898,3.41446,4.6304,2.70439,185575,mixed,0.142361,331250
friendster,8,dense,53,0.219163,3.40874,6.86576,1.95544,1151603,mixed,0.101054,285507
friendster,8,dense,54,0.394677,3.49682,7.05113,5.10466,26606,mixed,0.31389,750558
friendster,8,dense,55,0.240269,3.37344,4.99845,2.21118,331782,mixed,0.0716663,375820
friendster,8,dense,56,0.259388,3.52445,5.49139,2.32903,152054,mixed,0.195648,382171
friendster,8,dense,57,0.182946,3.40687,7.12687,1.66182,351401,mixed,0.122498,276629
friendster,8,dense,58,0.230522,3.45674,5.07886,2.67375,82161,mixed,0.183171,404427
friendster,8,dense,59,0.491901,3.63421,3.84789,5.15576,49526,mixed,0.429845,711490
friendster,8,dense,60,0.170814,3.38872,7.61676,1.84343,290072,mixed,0.124577,273400
friendster,8,dense,61,0.192423,3.85928,8.48389,1.74867,8652,mixed,0.0872766,241897
friendster,8,dense,62,0.441343,3.81198,5.4913,3.73041,38856,mixed,0.258451,403133
friendster,8,dense,63,0.328557,3.47259,5.10806,4.99398,307528,mixed,0.132814,464606
friendster,8,dense,64,0.565245,3.6617,9.34063,7.36877,8902,mixed,0.324885,1736662
friendster,8,dense,65,0.151816,3.66591,6.36238,1.87052,78781,mixed,0.102766,268292
friendster,8,dense,66,0.172674,3.33626,6.47319,1.79819,374813,mixed,0.100582,283587
friendster,8,dense,67,0.196646,3.54918,7.79901,2.01891,18646,mixed,0.0914401,253748
friendster,8,dense,68,0.177778,3.44575,7.72174,2.0288,743362,mixed,0.123364,279959
friendster,8,dense,69,0.45622,3.37567,4.91195,4.71076,959877,mixed,0.341883,628433
friendster,8,dense,70,0.213942,3.6681,6.92598,1.83543,92345,mixed,0.0764909,253302
friendster,8,dense,71,0.180163,3.34568,4.78638,1.75504,345032,mixed,0.115205,277244
friendster,8,dense,72,0.373239,3.44388,6.03287,4.66353,714325,mixed,0.277566,560092
friendster,8,dense,73,0.163092,3.46546,8.30883,2.14092,270675,mixed,0.10602,386455
friendster,8,dense,74,0.446127,3.76615,4.59596,3.61596,69500,mixed,0.293321,377932
friendster,8,dense,75,0.436114,3.49526,6.26261,6.29348,415280,mixed,0.38677,741301
friendster,8,dense,76,0.192113,3.55205,8.50625,2.34301,673049,mixed,0.133375,382676
friendster,8,dense,77,0.298562,3.49707,6.79391,2.19406,349246,mixed,0.0944066,261710
friendster,8,dense,78,0.126731,3.3777,6.36962,1.55301,741278,mixed,0.0508223,283821
friendster,8,dense,79,0.222146,3.54666,4.50805,2.0714,86893,mixed,0.096363,319169
friendster,8,dense,80,0.243994,3.43044,6.15634,2.02888,278432,mixed,0.0865007,280340
friendster,8,dense,81,0.442225,3.53599,6.34633,5.05412,220490,mixed,0.368845,876821
friendster,8,dense,82,0.197415,3.36951,8.39249,2.01481,413180,mixed,0.112967,284548
friendster,8,dense,83,0.225662,3.46453,7.61845,2.10634,504928,mixed,0.143401,303029
friendster,8,dense,84,0.18326,3.36812,4.37792,1.96594,3086807,mixed,0.119974,268617
friendster,8,dense,85,0.477119,3.48638,8.24011,9.98216,71443,mixed,0.158035,1667324
friendster,8,dense,86,0.338572,3.46415,8.22813,2.74422,1114967,mixed,0.163344,317418
friendster,8,dense,87,0.386022,3.38562,6.60736,4.81414,379846,mixed,0.323351,675363
friendster,8,dense,88,0.466666,3.61536,4.88554,5.10799,254939,mixed,0.414062,530726
friendster,8,dense,89,0.20129,3.72762,5.89998,1.89549,309939,mixed,0.157271,250050
friendster,8,dense,90,0.532106,3.51365,5.09397,6.1348,358344,mixed,0.446696,621841
friendster,8,dense,91,0.447793,3.72037,9.26777,4.55167,9806,mixed,0.281888,695064
friendster,8,dense,92,0.520137,3.52113,6.98283,4.42541,1071882,mixed,0.293658,538787
friendster,8,dense,93,0.435048,3.52932,5.18764,5.24948,325753,mixed,0.274525,520986
friendster,8,dense,94,0.458666,3.6713,8.47434,5.89198,289111,mixed,0.329976,704745
friendster,8,dense,95,0.61001,3.39978,7.22218,8.50942,219036,mixed,0.460165,1008862
friendster,8,dense,96,0.146863,3.48951,6.3256,1.8844,59949,mixed,0.103673,266424
friendster,8,dense,97,0.546545,3.48368,5.45158,9.92074,19775,mixed,0.296248,2884007
friendster,8,dense,98,0.357647,3.54693,5.13429,3.91149,121073,mixed,0.299124,506451
friendster,8,dense,99,0.382144,3.31583,3.99412,4.00829,131968,mixed,0.310905,339031
friendster,8,dense,100,0.372584,3.36038,5.10417,3.43491,2211249,mixed,0.326156,490756
friendster,8,sparse,1,0.387691,2.79703,7.32899,6.1573,8305487305,mixed,0.199393,1533302
friendster,8,sparse,2,1.82026,2.91293,9.91928,46.9666,6297510782,mixed,0.736071,6791307
friendster,8,sparse,3,4.3806,2.82191,8.5572,103.954,7232393137,mixed,3.31801,25429776
friendster,8,sparse,4,0.510816,3.58386,9.76822,7.07162,10758,mixed,0.413184,779281
friendster,8,sparse,5,1.22888,2.7815,10.9624,23.6411,4895401545,mixed,0.632029,6265800
friendster,8,sparse,6,1.42797,2.88156,10.3011,29.466,5920402403,mixed,0.862189,7260957
friendster,8,sparse,7,0.585065,2.83847,5.14311,9.06979,9894027731,mixed,0.14603,2242923
friendster,8,sparse,8,0.182751,3.44962,5.62498,2.11124,172298,mixed,0.0896599,374312
friendster,8,sparse,9,0.360755,2.6638,5.0293,3.64382,20091400655,mixed,0.215696,981153
friendster,8,sparse,10,0.408553,2.71397,7.03207,6.01945,9679643562,mixed,0.1255,1917030
friendster,8,sparse,11,0.679336,2.76696,7.46144,10.927,3567336283,mixed,0.355628,2887559
friendster,8,sparse,12,1.12095,3.64412,10.0558,19.4215,29443,mixed,0.815136,4198268
friendster,8,sparse,13,0.273781,2.73679,3.63894,3.31864,28176847450,mixed,0.0995806,845785
friendster,8,sparse,14,0.147809,3.44169,5.07214,2.21584,158121,mixed,0.0805481,435252
friendster,8,sparse,15,0.536172,2.80163,11.6824,9.45213,2761583193,mixed,0.309792,2801028
friendster,8,sparse,16,6.39863,2.93816,14.6422,188.504,3047156636,mixed,2.80201,36927172
friendster,8,sparse,17,5.11967,2.82443,18.3084,148.276,2295417796,mixed,3.91076,38451662
friendster,8,sparse,18,0.76451,2.8474,7.30726,10.0203,14590264428,mixed,0.546712,1437558
friendster,8,sparse,19,2.44325,2.77638,12.2003,66.815,3931724398,mixed,1.4874,9541764
friendster,8,sparse,20,1.16304,2.80987,11.3206,22.753,4578759693,mixed,0.838037,6060672
friendster,8,sparse,21,18.5334,2.82609,12.4959,558.898,3650217124,mixed,16.4298,189790842
friendster,8,sparse,22,0.164305,3.46678,4.01137,1.93045,189634,mixed,0.114969,325241
friendster,8,sparse,23,2.39925,2.85615,4.4778,70.0948,19115475317,mixed,0.976794,12741970
friendster,8,sparse,24,0.329771,2.74245,6.43692,4.31878,7023190137,mixed,0.173585,1026982
friendster,8,sparse,25,0.478232,3.39446,6.86669,3.66447,79400,mixed,0.369682,555642
friendster,8,sparse,26,1.33715,2.80374,8.44417,34.4185,9634744509,mixed,0.777549,5291884
friendster,8,sparse,27,0.345991,2.82287,7.27783,4.50132,7817666476,mixed,0.171431,1042539
friendster,8,sparse,28,0.359252,2.75635,7.82348,5.07747,9617468563,mixed,0.116328,1661969
friendster,8,sparse,29,1.12548,2.89647,11.6407,23.1807,5035403215,mixed,0.607817,6013266
friendster,8,sparse,30,1.49952,2.80797,10.6514,42.8114,5402895859,mixed,0.79188,6295066
friendster,8,sparse,31,0.971746,2.79326,6.38274,26.3749,9017203579,mixed,0.681694,2532575
friendster,8,sparse,32,4.06665,2.82722,17.4904,120.332,3290066466,mixed,3.7146,20272090
friendster,8,sparse,33,0.402864,2.82762,5.30023,4.31237,11498330873,mixed,0.0834877,994529
friendster,8,sparse,34,0.27173,2.71878,4.02583,3.35725,38012840306,mixed,0.135861,942750
friendster,8,sparse,35,0.379457,3.4904,9.96875,3.42358,272995,mixed,0.253325,585510
friendster,8,sparse,36,0.340857,2.77733,5.094,4.14103,22324303230,mixed,0.202898,990789
friendster,8,sparse,37,0.347935,2.78859,7.28659,4.2279,7867418929,mixed,0.191061,1053092
friendster,8,sparse,38,20.2519,2.80336,13.869,625.193,3350828901,mixed,16.6716,181775006
friendster,8,sparse,39,1.25695,2.75852,12.7073,26.8359,8532680630,mixed,0.824436,6492963
friendster,8,sparse,40,0.320468,2.78291,7.07313,4.69715,13175656239,mixed,0.10937,1110548
friendster,8,sparse,41,0.215171,3.40797,4.8093,2.19756,124111,mixed,0.186919,464014
friendster,8,sparse,42,4.64491,2.75697,14.7762,138.271,3063615122,mixed,4.03022,18638438
friendster,8,sparse,43,0.910959,3.6785,6.96371,15.6964,61209,mixed,0.680674,3061330
friendster,8,sparse,44,3.06087,2.7836,10.2868,62.5066,5465557104,mixed,1.68587,14647310
friendster,8,sparse,45,2.47462,2.87526,9.87476,32.7985,4442951602,mixed,1.66709,8210869
friendster,8,sparse,46,0.156646,3.55921,5.14452,2.01112,61428,mixed,0.0918329,396544
friendster,8,sparse,47,5.70849,2.92016,18.41,170.579,2513276371,mixed,3.71267,38192240
friendster,8,sparse,48,1.10429,2.78094,12.8289,27.0072,4835655228,mixed,0.947301,4535007
friendster,8,sparse,49,0.347533,2.7577,3.64853,3.41096,34491705158,mixed,0.290258,822072
friendster,8,sparse,50,0.307362,2.85299,5.29523,4.13071,12625212231,mixed,0.0913172,986661
friendster,8,sparse,51,1.12679,2.76039,12.5435,24.3068,9516097247,mixed,0.534775,6499199
friendster,8,sparse,52,0.639883,2.90945,10.8039,11.1959,4269618675,mixed,0.306258,3178086
friendster,8,sparse,53,1.23032,2.75633,10.6108,29.495,2637304805,mixed,0.710738,13467504
friendster,8,sparse,54,0.307418,2.6467,3.59435,3.32331,42089707105,mixed,0.0896314,956490
friendster,8,sparse,55,1.22518,2.80823,9.73013,27.8229,7461837490,mixed,0.733564,2067140
friendster,8,sparse,56,2.60231,3.03937,18.0988,78.2087,106854899,mixed,1.05091,8202364
friendster,8,sparse,57,8.14792,2.93764,13.6139,193.549,2853984172,mixed,4.81238,43286840
friendster,8,sparse,58,1.9246,2.82621,8.5956,54.5782,4691884784,mixed,0.848334,15752305
friendster,8,sparse,59,0.223444,3.05643,5.8896,2.56414,345003105,mixed,0.107966,546647
friendster,8,sparse,60,26.3454,3.0004,30.3524,829.836,1279495258,mixed,18.8728,140328599
friendster,8,sparse,61,0.326106,2.77087,5.06668,3.79502,13573107915,mixed,0.111027,994170
friendster,8,sparse,62,4.86297,2.81956,12.6747,147.427,2729754499,mixed,2.3316,27509935
friendster,8,sparse,63,1.29266,3.71243,10.0994,22.7339,4106,mixed,0.965503,5397914
friendster,8,sparse,64,0.223561,3.48025,5.62433,2.27382,84508,mixed,0.1501,342147
friendster,8,sparse,65,0.200127,2.62526,4.08068,2.41657,102326308517,mixed,0.121509,513107
friendster,8,sparse,66,0.365216,2.8033,7.35411,5.41681,8226417643,mixed,0.214093,2194705
friendster,8,sparse,67,0.342747,2.80274,5.69468,4.06424,15740878868,mixed,0.0803145,997538
friendster,8,sparse,68,1.47927,2.90609,12.3104,43.3455,3088668564,mixed,0.785162,4703862
friendster,8,sparse,69,0.360163,2.85041,6.36687,5.62019,13344378963,mixed,0.148665,1381055
friendster,8,sparse,70,4.81036,2.88794,17.9418,138.403,2385104873,mixed,3.97032,32490920
friendster,8,sparse,71,0.390499,2.84615,6.71823,5.31155,10175634633,mixed,0.261034,1866449
friendster,8,sparse,72,0.79318,3.07475,10.4983,20.3592,116988793,mixed,0.673455,2539264
friendster,8,sparse,73,1.96704,2.86342,13.5387,46.9553,4543529644,mixed,1.27219,6509359
friendster,8,sparse,74,1.93193,2.72303,11.9896,49.3256,5152885987,mixed,1.3116,5375404
friendster,8,sparse,75,0.628571,2.89583,7.78645,10.5655,3705321004,mixed,0.275894,2949174
friendster,8,sparse,76,0.318557,2.78419,5.90558,3.58461,26917502049,mixed,0.161679,695859
friendster,8,sparse,77,1.72539,2.84856,9.87225,46.6011,5582987401,mixed,1.39605,6970975
friendster,8,sparse,78,0.341889,2.77297,4.95082,4.2234,10934202388,mixed,0.23992,778467
friendster,8,sparse,79,1.89955,2.94168,11.1516,52.7744,5839504920,mixed,0.796023,8494788
friendster,8,sparse,80,0.287422,2.74157,4.5503,3.31598,47373798340,mixed,0.190589,957103
friendster,8,sparse,81,3.1477,2.92447,21.6688,92.3228,1901870853,mixed,2.25159,19459195
friendster,8,sparse,82,0.386589,2.76232,7.28156,4.33085,9104751287,mixed,0.0921842,1066151
friendster,8,sparse,83,1.55241,2.87226,9.14496,40.3856,5351567460,mixed,1.10554,15064821
friendster,8,sparse,84,0.58035,3.46146,6.4024,11.7737,120916,mixed,0.228026,2374771
friendster,8,sparse,85,0.270605,3.4988,9.32748,2.48139,23636,mixed,0.106069,337925
friendster,8,sparse,86,1.72511,2.91797,10.9691,29.6659,4189923659,mixed,1.13172,6078041
friendster,8,sparse,87,1.47695,2.82236,7.88526,40.2989,9040534307,mixed,1.32895,7177029
friendster,8,sparse,88,1.28247,2.8031,11.2155,24.4381,5587252534,mixed,0.432109,6414820
friendster,8,sparse,89,0.266239,3.50859,7.32324,2.73561,32358,mixed,0.158274,459465
friendster,8,sparse,90,7.16786,2.92337,11.5628,202.982,3079531251,mixed,5.18988,40075369
friendster,8,sparse,91,0.234148,2.55287,2.82401,2.2719,49298072241,mixed,0.0579969,466778
friendster,8,sparse,92,7.46621,2.89877,15.9796,205.812,2579431110,mixed,6.46,49468228
friendster,8,sparse,93,2.17738,2.85528,9.08526,51.7179,3273856106,mixed,1.9024,11075123
friendster,8,sparse,94,0.796034,2.93804,7.36951,14.8684,3419998033,mixed,0.462294,3519366
friendster,8,sparse,95,4.44553,2.83009,7.13002,123.685,10165745945,mixed,2.93557,28855589
friendster,8,sparse,96,1.22424,2.83357,12.098,33.8537,4014895041,mixed,0.943265,4851669
friendster,8,sparse,97,0.521431,2.69623,4.77787,7.23289,19630885352,mixed,0.309446,2013923
friendster,8,sparse,98,0.400151,2.7253,6.72878,3.99399,26975529015,mixed,0.117067,699480
friendster,8,sparse,99,2.99466,2.84465,13.2594,77.5437,1363293488,mixed,1.72667,20519372
friendster,8,sparse,100,0.65856,2.69995,4.06828,7.00977,16997377720,mixed,0.448824,1119535
