dataset,query_size,query_mode,query_index,elapsed_execution_time,filter_time,plan_time,enumerate_time,n_embeddings,order,max_task_time,n_intersections
orkut,8,dense,1,0.119863,0.859958,0.738871,2.26277,718319,mixed,0.0654981,218041
orkut,8,dense,2,0.212306,0.840435,1.25059,4.82051,2122314,mixed,0.0971168,278569
orkut,8,dense,3,0.191896,0.912685,1.11488,2.30221,4243645,mixed,0.079017,209393
orkut,8,dense,4,0.518827,0.924629,1.44918,11.5723,447770,mixed,0.280917,716095
orkut,8,dense,5,0.0962881,0.881303,1.00403,0.758353,1867295,mixed,0.0693221,330695
orkut,8,dense,6,0.321622,0.874088,1.36594,4.78132,1517097,mixed,0.140604,303890
orkut,8,dense,7,0.14365,0.873495,0.897682,0.807639,86953,mixed,0.0877974,326602
orkut,8,dense,8,0.199376,0.795209,0.783542,2.1131,832973,mixed,0.05102,222588
orkut,8,dense,9,0.0647965,0.847968,0.892411,0.568323,878643,mixed,0.0432113,284806
orkut,8,dense,10,0.197709,0.89544,0.712821,1.45836,336581,mixed,0.118066,271504
orkut,8,dense,11,0.195352,0.8761,1.13081,1.60041,3409886,mixed,0.123527,453961
orkut,8,dense,12,0.217244,0.967466,0.952627,1.74816,41893,mixed,0.0720386,235342
orkut,8,dense,13,0.16542,0.899359,1.13416,1.22544,13113350,mixed,0.132639,277358
orkut,8,dense,14,0.148995,0.834105,0.930233,0.852662,473717,mixed,0.0450658,200304
orkut,8,dense,15,0.189569,0.892798,1.13132,1.25533,477307,mixed,0.0587636,601593
orkut,8,dense,16,0.327821,0.964515,1.52017,4.80552,52467,mixed,0.0732807,269999
orkut,8,dense,17,0.361854,0.840008,1.38592,5.66872,480851,mixed,0.164124,439880
orkut,8,dense,18,0.196342,0.992365,0.876267,1.267,101888,mixed,0.0371852,316857
orkut,8,dense,19,0.394041,0.878418,1.29123,5.78502,664630,mixed,0.345563,632945
orkut,8,dense,20,0.112745,0.893357,0.815983,0.712007,29231796,mixed,0.0840257,247407
orkut,8,dense,21,0.183416,0.957378,1.19915,2.08096,80712,mixed,0.117607,1706532
orkut,8,dense,22,0.150188,0.835659,1.11164,1.24621,283362,mixed,0.0956777,513802
orkut,8,dense,23,0.190401,0.879804,1.36232,0.993397,3446020,mixed,0.0430145,229722
orkut,8,dense,24,0.242028,0.927422,1.05086,1.47849,2129524,mixed,0.0977212,277232
orkut,8,dense,25,0.108461,0.871831,1.07064,0.793159,3545761,mixed,0.0495211,313369
orkut,8,dense,26,0.0594544,0.864961,0.96845,0.585327,244040,mixed,0.0501697,348412
orkut,8,dense,27,0.211576,0.92404,1.01293,1.48538,48329,mixed,0.163579,673751
orkut,8,dense,28,0.208261,0.917488,1.46884,1.50045,19729269,mixed,0.150403,428142
orkut,8,dense,29,0.0891919,0.865881,0.940878,0.594576,549592,mixed,0.0542762,219313
orkut,8,dense,30,0.146408,0.75445,0.60829,0.744018,1993588,mixed,0.0290502,178720
orkut,8,dense,31,0.131773,0.815057,0.999142,0.854458,797987,mixed,0.0634265,254799
orkut,8,dense,32,0.198646,0.983501,1.13996,1.11017,71261,mixed,0.0336628,303813
orkut,8,dense,33,0.0649085,0.90658,1.05302,0.487913,2052619,mixed,0.0459037,211055
orkut,8,dense,34,0.0908512,0.967078,0.908029,0.460534,784928,mixed,0.0224028,204394
orkut,8,dense,35,0.0781834,0.878159,1.11268,0.617424,4389398,mixed,0.0476389,256767
orkut,8,dense,36,0.13779,0.837653,1.15062,0.777652,1200655,mixed,0.0736736,243931
orkut,8,dense,37,0.123338,0.866735,1.02162,0.874089,187779,mixed,0.0757547,502119
orkut,8,dense,38,0.0743372,0.835227,0.709842,0.685287,755522,mixed,0.0497799,416361
orkut,8,dense,39,0.16279,0.891009,1.01622,1.42131,166599,mixed,0.064569,656333
orkut,8,dense,40,0.163264,0.866632,0.903152,0.830943,5899798,mixed,0.0762564,221212
orkut,8,dense,41,0.107844,0.84171,1.16797,0.739441,230916,mixed,0.0546443,231879
orkut,8,dense,42,0.116889,0.930538,1.02846,0.651558,829116,mixed,0.0618039,212816
orkut,8,dense,43,0.233071,0.927927,1.10292,1.68188,106850,mixed,0.161225,329301
orkut,8,dense,44,0.17007,0.904228,0.907199,1.05196,2426282,mixed,0.0835463,226224
orkut,8,dense,45,0.151106,0.840197,1.12636,0.859293,6229287,mixed,0.0852513,244124
orkut,8,dense,46,0.264387,0.987053,1.07658,2.37297,62796,mixed,0.122198,1475155
orkut,8,dense,47,0.254402,0.872796,1.39373,1.95821,60414,mixed,0.135303,474011
orkut,8,dense,48,0.067562,1.02419,0.603935,0.405544,122226,mixed,0.0383746,201666
orkut,8,dense,49,0.121671,0.93607,0.964903,0.807445,1109043,mixed,0.0825757,292827
orkut,8,dense,50,0.53053,0.862775,1.34381,9.5583,432792,mixed,0.470585,1702759
orkut,8,dense,51,0.107262,0.825943,1.35518,0.647037,2917114,mixed,0.063344,279402
orkut,8,dense,52,0.183823,0.856513,1.2285,1.31631,2651687,mixed,0.133945,598025
orkut,8,dense,53,0.0791835,0.819089,0.798711,0.543533,7400846,mixed,0.0413721,202377
orkut,8,dense,54,0.154608,0.902034,1.05077,1.06752,86643,mixed,0.133209,388703
orkut,8,dense,55,0.16378,0.901226,0.785328,0.992957,466090,mixed,0.114392,251548
orkut,8,dense,56,0.193412,0.916804,1.57812,1.2973,2180718,mixed,0.156984,392160
orkut,8,dense,57,0.175659,0.877326,1.31845,1.19473,242474,mixed,0.122607,341493
orkut,8,dense,58,0.106573,0.946311,0.948833,0.588797,1704610,mixed,0.0510099,228149
orkut,8,dense,59,0.0946721,0.847171,0.967665,0.659486,496773,mixed,0.0512335,242167
orkut,8,dense,60,0.210923,0.900625,0.962593,1.04606,44102,mixed,0.038692,234120
orkut,8,dense,61,0.100807,0.886992,0.699373,0.577859,26973759,mixed,0.0517426,218912
orkut,8,dense,62,0.19745,0.894081,1.07887,1.37491,1344853,mixed,0.131928,1053816
orkut,8,dense,63,0.100671,0.812884,0.724584,0.570572,2370397,mixed,0.058602,205587
orkut,8,dense,64,0.0980992,0.818448,0.790293,0.536338,3439603,mixed,0.0265918,209866
orkut,8,dense,65,0.122442,0.896378,1.01112,0.80686,276528,mixed,0.0957178,294819
orkut,8,dense,66,0.457894,0.836219,2.33097,7.47366,98319,mixed,0.402746,2128689
orkut,8,dense,67,0.190671,0.896039,0.935001,1.13603,3174636,mixed,0.0387046,223708
orkut,8,dense,68,0.185537,0.875556,0.728415,0.898628,470383,mixed,0.144337,197540
orkut,8,dense,69,0.0794918,0.944195,0.783163,0.759699,39866,mixed,0.0642,496805
orkut,8,dense,70,0.0815727,0.865038,0.949579,0.491181,445564,mixed,0.0525279,172439
orkut,8,dense,71,0.0927936,0.945892,0.844783,0.642018,1801527,mixed,0.0466109,225340
orkut,8,dense,72,0.12953,0.939646,1.11508,1.02236,4322214,mixed,0.098319,222027
orkut,8,dense,73,0.148819,0.906655,1.04408,0.817607,234693,mixed,0.0810613,268780
orkut,8,dense,74,0.0665845,0.920724,1.09639,0.539177,105581,mixed,0.0427021,252300
orkut,8,dense,75,0.0472988,0.89124,0.901087,0.406399,504596,mixed,0.0385715,210889
orkut,8,dense,76,0.111111,0.782377,1.08117,0.720433,777684,mixed,0.0422163,159169
orkut,8,dense,77,0.0888045,0.865554,0.782452,0.548025,310132,mixed,0.0710147,236601
orkut,8,dense,78,0.0742083,0.916642,1.14406,0.574031,857836,mixed,0.054344,258932
orkut,8,dense,79,0.0936633,0.831366,1.13906,0.729402,3641191,mixed,0.0560516,277135
orkut,8,dense,80,0.156559,0.881813,0.980248,1.79446,20931,mixed,0.0618644,1221219
orkut,8,dense,81,0.0576558,0.973857,1.0626,0.458418,35958,mixed,0.0450858,230162
orkut,8,dense,82,0.196323,0.960417,0.961718,1.20431,82485,mixed,0.0714354,656508
orkut,8,dense,83,0.16689,0.847577,0.724546,0.799039,1745618,mixed,0.0753617,231889
orkut,8,dense,84,0.069937,0.942345,0.932903,0.542683,36608,mixed,0.0437039,243586
orkut,8,dense,85,0.112386,0.939144,0.764128,0.676674,11578532,mixed,0.0607082,220500
orkut,8,dense,86,0.0711559,0.772209,0.486167,0.43477,39979669,mixed,0.0330585,135934
orkut,8,dense,87,0.0659917,0.908314,1.01192,0.528385,222379,mixed,0.0564152,209026
orkut,8,dense,88,0.17864,0.945373,0.7433,1.25652,169083,mixed,0.124209,615036
orkut,8,dense,89,0.0996035,0.856312,1.05185,0.646047,1573170,mixed,0.0343205,265561
orkut,8,dense,90,0.0620954,0.973384,1.03582,0.534522,79559,mixed,0.0453346,221162
orkut,8,dense,91,0.113923,0.953966,0.972197,0.774111,1874277,mixed,0.0645232,245185
orkut,8,dense,92,0.133803,0.959431,1.02014,0.8073,2154545,mixed,0.113563,273961
orkut,8,dense,93,0.341468,0.948898,1.0196,1.42476,86190,mixed,0.0393498,264991
orkut,8,dense,94,0.245523,0.940641,0.725601,1.12222,217955,mixed,0.10772,264644
orkut,8,dense,95,0.308535,0.870989,1.6123,2.53196,129107,mixed,0.0344208,762248
orkut,8,dense,96,0.0793342,0.91488,0.73164,0.741239,49136,mixed,0.0597158,415711
orkut,8,dense,97,0.0740985,0.860419,0.708471,0.660363,169275,mixed,0.0525365,266213
orkut,8,dense,98,0.0684166,0.894394,0.824844,0.585447,6559768,mixed,0.0467857,265061
orkut,8,dense,99,0.0898351,0.795179,0.747217,0.653203,10965512,mixed,0.0610928,241300
orkut,8,dense,100,0.190628,0.899597,0.688628,1.13515,19363130,mixed,0.122311,246803
orkut,8,sparse,1,0.34903,0.734832,1.21823,5.15323,155913823,mixed,0.19714,1555084
orkut,8,sparse,2,0.707607,0.74425,1.3128,14.5062,33553669,mixed,0.538991,12074383
orkut,8,sparse,3,0.529274,0.779297,1.51481,10.3239,1468239,mixed,0.14306,1322262
orkut,8,sparse,4,0.101544,0.702945,1.15728,0.869075,23526117,mixed,0.0702897,442580
orkut,8,sparse,5,0.200915,0.794984,0.865359,1.07362,3042220,mixed,0.0620614,207510
orkut,8,sparse,6,0.190857,0.751497,1.18555,1.82928,1013013448,mixed,0.135044,895515
orkut,8,sparse,7,0.379257,0.744824,1.23566,6.28721,4026379,mixed,0.293456,3390660
orkut,8,sparse,8,0.0659674,0.69802,1.29249,0.676215,651677125,mixed,0.0429651,342771
orkut,8,sparse,9,0.244485,0.717558,1.85905,3.4014,27276848,mixed,0.146958,1724190
orkut,8,sparse,10,0.133703,0.786781,1.20305,0.859375,70935632,mixed,0.0598252,247893
orkut,8,sparse,11,0.223483,0.736616,1.12639,2.38225,41016725,mixed,0.174225,1030746
orkut,8,sparse,12,0.111527,0.727511,0.869462,0.688519,36613295,mixed,0.0684546,204113
orkut,8,sparse,13,1.18625,0.721625,1.2701,27.7692,210204263,mixed,0.635022,12244731
orkut,8,sparse,14,0.24352,0.71892,1.60634,2.76747,16368879,mixed,0.166913,1337299
orkut,8,sparse,15,0.188136,0.744094,1.45176,2.57518,129324939,mixed,0.0932821,781842
orkut,8,sparse,16,0.12477,0.806775,0.832164,0.783973,3491358,mixed,0.0420437,203345
orkut,8,sparse,17,0.12171,0.733874,0.911615,0.885072,7174466252,mixed,0.0892679,238462
orkut,8,sparse,18,0.156915,0.695169,1.17526,1.44744,235463640,mixed,0.115362,828041
orkut,8,sparse,19,0.314287,0.765412,1.32932,4.94225,7035951,mixed,0.223132,3581390
orkut,8,sparse,20,0.204201,0.727829,1.06871,1.91688,68766188,mixed,0.0987694,840650
orkut,8,sparse,21,0.228356,0.764675,1.4603,1.54602,8157848,mixed,0.123004,328910
orkut,8,sparse,22,0.435369,0.733936,1.81542,4.42151,35838711,mixed,0.23194,2106933
orkut,8,sparse,23,0.134711,0.745874,0.716951,1.02532,757901461,mixed,0.100733,244020
orkut,8,sparse,24,0.208588,0.805023,0.841698,1.35453,99195520,mixed,0.107224,218939
orkut,8,sparse,25,0.22668,0.745685,1.09412,2.86867,8203658,mixed,0.129928,964920
orkut,8,sparse,26,0.924926,0.749542,1.57623,18.346,90808455,mixed,0.585258,9008177
orkut,8,sparse,27,0.36268,0.755049,1.47976,3.56399,34188630,mixed,0.217951,974901
orkut,8,sparse,28,0.45459,0.716276,1.39094,5.61461,92861945,mixed,0.417313,1597380
orkut,8,sparse,29,0.193259,0.632398,1.17322,1.10166,159277509,mixed,0.153131,215056
orkut,8,sparse,30,0.166502,0.745031,0.961193,1.086,6936870135,mixed,0.0733633,235093
orkut,8,sparse,31,0.0766744,0.782104,1.21939,0.555906,176310970,mixed,0.0413882,212601
orkut,8,sparse,32,0.254615,0.705616,1.47292,2.09726,184990017,mixed,0.174385,844951
orkut,8,sparse,33,0.374205,0.747079,1.769,3.48404,31596444,mixed,0.169317,1359934
orkut,8,sparse,34,0.12196,0.70213,0.925396,1.03184,417744825,mixed,0.088182,291681
orkut,8,sparse,35,0.401833,0.759904,1.44068,3.92202,2169441,mixed,0.325325,1131039
orkut,8,sparse,36,0.141112,0.830326,1.14452,0.89644,4689733,mixed,0.0476213,302588
orkut,8,sparse,37,0.59559,0.724758,1.39653,7.9126,12514511,mixed,0.349091,3970073
orkut,8,sparse,38,0.0864001,0.792747,1.27059,0.684072,85193202,mixed,0.0631376,299073
orkut,8,sparse,39,0.0938337,0.826589,0.920608,0.733633,231061233,mixed,0.0508741,246626
orkut,8,sparse,40,0.15571,0.727312,0.902863,1.37782,152094953,mixed,0.0908425,780920
orkut,8,sparse,41,0.122009,0.694603,1.31374,1.19118,37304323,mixed,0.0959281,633343
orkut,8,sparse,42,0.195234,0.695342,1.05385,1.7631,52987143,mixed,0.126486,651989
orkut,8,sparse,43,0.391004,0.761573,1.65316,4.24573,18661953,mixed,0.179248,2728138
orkut,8,sparse,44,0.163038,0.721085,1.31056,1.09168,303782321,mixed,0.0977669,279543
orkut,8,sparse,45,0.0684524,0.751482,0.738274,0.51489,358218952,mixed,0.0430125,203545
orkut,8,sparse,46,0.132829,0.781582,1.09648,1.27679,60490894,mixed,0.095187,461628
orkut,8,sparse,47,0.207969,0.706065,1.06458,1.45081,81804683,mixed,0.0332768,550889
orkut,8,sparse,48,0.0807601,0.703703,0.763798,0.641676,20609844401,mixed,0.0516039,233115
orkut,8,sparse,49,0.267015,0.808981,1.41561,3.29963,95526817,mixed,0.106454,1887649
orkut,8,sparse,50,0.118477,0.800881,0.989751,0.816188,1133493399,mixed,0.0922,263219
orkut,8,sparse,51,0.135989,0.816627,1.0407,0.878927,84301806,mixed,0.0458336,218854
orkut,8,sparse,52,0.212369,0.788703,1.08591,1.36947,1417027903,mixed,0.149249,255435
orkut,8,sparse,53,0.160055,0.842952,1.02164,1.3649,9160327,mixed,0.101483,694653
orkut,8,sparse,54,0.156423,0.811348,1.57176,1.27116,3746747,mixed,0.106152,916264
orkut,8,sparse,55,0.231702,0.755621,1.36199,1.7348,167478013,mixed,0.165232,412590
orkut,8,sparse,56,0.329957,0.751476,1.56325,2.46609,15869848,mixed,0.0505481,666756
orkut,8,sparse,57,0.248314,0.669696,0.963641,1.89793,52061678,mixed,0.203855,695286
orkut,8,sparse,58,0.537037,0.801392,1.51641,4.95713,129528378,mixed,0.188988,726012
orkut,8,sparse,59,0.251542,0.709317,1.55046,3.19882,110852721,mixed,0.186512,1019131
orkut,8,sparse,60,0.224012,0.744032,1.16942,1.80907,73035248,mixed,0.169398,487807
orkut,8,sparse,61,0.0942041,0.749511,0.779212,0.59926,163093189278,mixed,0.0466474,220912
orkut,8,sparse,62,0.0795782,0.760981,1.02949,0.547315,6689138,mixed,0.0529468,213945
orkut,8,sparse,63,0.205706,0.776955,1.10009,1.54906,64843996,mixed,0.171704,469148
orkut,8,sparse,64,0.291008,0.714342,1.05482,3.14137,99466641,mixed,0.212262,1389354
orkut,8,sparse,65,0.432413,0.742449,1.44536,4.32741,3923620406,mixed,0.328862,1222856
orkut,8,sparse,66,0.0773652,0.728587,0.792468,0.601611,2267258441,mixed,0.063609,222610
orkut,8,sparse,67,0.651974,0.783646,0.981399,8.03201,344039194,mixed,0.132442,971092
orkut,8,sparse,68,1.03481,0.738045,1.16149,12.4273,273966630,mixed,0.668752,3497448
orkut,8,sparse,69,0.396051,0.722812,0.930446,3.42997,31456870,mixed,0.278525,939017
orkut,8,sparse,70,0.0834142,0.765219,1.60555,0.951673,893084,mixed,0.0446579,485291
orkut,8,sparse,71,0.148759,0.784143,1.36675,1.00141,23907520,mixed,0.0802449,327629
orkut,8,sparse,72,0.614591,0.679021,1.5843,6.44796,18046249,mixed,0.424605,2871061
orkut,8,sparse,73,0.152288,0.758417,0.920428,0.850869,10517516884,mixed,0.0800897,258555
orkut,8,sparse,74,0.357048,0.750212,1.00633,3.29964,766258107,mixed,0.235069,1120711
orkut,8,sparse,75,0.263442,0.786412,1.06652,2.21188,332022566,mixed,0.202477,700274
orkut,8,sparse,76,0.15475,0.699796,1.24572,1.23292,232763274,mixed,0.107667,282039
orkut,8,sparse,77,0.133009,0.785889,1.11969,0.916161,250132390,mixed,0.0798489,283518
orkut,8,sparse,78,0.163602,0.726035,1.17369,1.45861,465241707,mixed,0.104195,610518
orkut,8,sparse,79,0.54683,0.763328,1.53285,9.45431,7008385,mixed,0.438448,5995022
orkut,8,sparse,80,0.0990147,0.801204,0.909884,0.825797,21521647,mixed,0.0654267,307127
orkut,8,sparse,81,0.166573,0.74506,1.23425,1.32991,292122423,mixed,0.114475,537328
orkut,8,sparse,82,0.246088,0.767137,0.730511,1.96515,41304099,mixed,0.191992,450821
orkut,8,sparse,83,0.183331,0.703915,1.02151,1.64094,58158904,mixed,0.10251,538760
orkut,8,sparse,84,0.297619,0.756966,1.12432,2.18896,279170972,mixed,0.0688526,503257
orkut,8,sparse,85,0.310123,0.754327,1.18808,2.33011,4682498,mixed,0.166507,824133
orkut,8,sparse,86,0.338957,0.726319,1.17686,2.92069,50730079,mixed,0.23805,1824186
orkut,8,sparse,87,0.13315,0.744351,1.14878,1.01129,7123295,mixed,0.0963486,309415
orkut,8,sparse,88,0.221518,0.731914,1.23086,1.94225,690115599,mixed,0.166587,1039937
orkut,8,sparse,89,0.291471,0.682481,1.4137,3.14123,52596401,mixed,0.159527,1531103
orkut,8,sparse,90,0.0715189,0.83004,0.931804,0.568338,56605573,mixed,0.0487763,219060
orkut,8,sparse,91,0.131294,0.71644,1.65063,0.908661,228034967,mixed,0.0650919,270709
orkut,8,sparse,92,0.161073,0.743905,1.38322,1.10498,6163576359,mixed,0.106231,242280
orkut,8,sparse,93,0.27441,0.790557,1.36228,1.97653,20232912,mixed,0.133669,547690
orkut,8,sparse,94,0.127441,0.706453,0.748345,0.817044,3797103790,mixed,0.0569033,224612
orkut,8,sparse,95,0.089414,0.832899,0.779536,0.576927,98833927,mixed,0.0458405,204341
orkut,8,sparse,96,0.132533,0.775183,1.28478,1.41476,6030455,mixed,0.0738762,730283
orkut,8,sparse,97,0.254856,0.765913,1.23738,3.1917,41239012,mixed,0.13386,2152927
orkut,8,sparse,98,0.162508,0.73793,0.969455,1.34786,6511010115,mixed,0.105104,288192
orkut,8,sparse,99,0.161601,0.737331,0.954423,1.33723,4673748521,mixed,0.117364,228557
orkut,8,sparse,100,0.190556,0.751616,0.978755,1.54014,43231350,mixed,0.136785,455052
