dataset,query_size,query_mode,query_index,elapsed_execution_time,filter_time,plan_time,enumerate_time,n_embeddings,order,max_task_time,n_intersections
human,8,dense,1,1.00738,0.0011588,0.00221044,18.8943,4104560319,0 1 6 2 3 7 4 5 ,0.662141,3563326
human,8,dense,2,4.98654,0.00116449,0.00752996,123.338,135118306,mixed,3.46284,58816702
human,8,dense,3,0.295357,0.0010173,0.00164983,0.318478,6306706800,2 0 1 3 5 7 4 6 ,0.207438,175804
human,8,dense,4,0.420756,0.000881691,0.00195945,0.976515,91743660,1 0 2 3 4 5 7 6 ,0.214646,424397
human,8,dense,5,18.924,0.000897943,0.00324351,592.545,236133137485,7 1 2 3 4 5 0 6 ,18.4026,96870677
human,8,dense,6,0.0043108,0.000850831,0.00168996,0.00414947,330225,7 2 1 0 3 4 5 6 ,0.00414947,431
human,8,dense,7,0.00130831,0.00095046,0.00138534,0.00113237,68531400,2 5 6 4 0 1 3 7 ,0.00113237,546
human,8,dense,8,251.073,0.00102669,0.00362404,8022.7,23513204524,0 3 4 1 2 5 6 7 ,122.066,2030842101
human,8,dense,9,0.0167647,0.00113717,0.00314691,0.360106,0,1 4 6 0 2 3 5 7 ,0.0101833,7542
human,8,dense,11,1.62181,0.00124217,0.00404167,35.722,5273250577,mixed,1.04971,5638021
human,8,dense,12,1.91241,0.000791076,0.0016233,1.9122,344150688,2 0 1 4 5 6 3 7 ,1.9122,1687
human,8,dense,13,100.295,0.00130345,0.0071957,3199.4,6640508456,0 1 2 3 4 5 6 7 ,68.4844,1252730721
human,8,dense,14,15.1471,0.00112702,0.00225787,35.9413,1899003419,mixed,15.1465,19346172
human,8,dense,15,0.0034827,0.00102951,0.00160372,0.0249219,0,4 6 0 2 7 1 3 5 ,0.00263704,6313
human,8,dense,16,0.000631175,0.000913433,0.00106889,0.000520283,1080,5 2 7 1 0 3 4 6 ,0.000520283,86
human,8,dense,17,9.78106,0.00209284,0.00916918,294.837,324152494091,mixed,7.02614,90943069
human,8,dense,18,145.801,0.000804355,0.00595115,4663.94,241965450371,mixed,21.0319,1691872440
human,8,dense,19,83.8852,0.000946715,0.00391445,2567.22,163255197941,mixed,56.8573,665834
human,8,dense,20,411.035,0.00123295,0.0060337,13145.5,56916340083,0 7 2 3 1 4 5 6 ,256.961,3852558444
human,8,dense,21,1.95515,0.000875918,0.00166068,1.95486,344150688,2 0 1 4 5 6 3 7 ,1.95486,1687
human,8,dense,22,59.7506,0.0013364,0.00392047,1898.88,6245683416,0 5 6 1 2 3 4 7 ,25.7345,466085052
human,8,dense,23,0.949043,0.000897997,0.00162586,0.948895,164388000,3 5 7 0 4 6 1 2 ,0.948895,55460
human,8,dense,24,428.02,0.00132164,0.0078414,13657.0,38562572660,0 7 2 1 3 4 5 6 ,155.054,3097033835
human,8,dense,25,57.805,0.00141739,0.00777117,1698.88,9774626326867,mixed,43.5133,207881082
human,8,dense,26,2.07507,0.00108286,0.00389872,52.1613,22147186974,mixed,1.49941,13877581
human,8,dense,27,0.549839,0.000954704,0.00256214,5.30371,552624748,1 0 5 3 4 2 6 7 ,0.24875,1684110
human,8,dense,28,25.004,0.000851766,0.00148666,25.0038,4711983160,2 0 1 3 4 5 6 7 ,25.0038,4607
human,8,dense,29,0.641785,0.00105183,0.0037498,9.32182,220264654170,mixed,0.346953,2110193
human,8,dense,30,7.98238,0.00130347,0.00304027,246.668,955510248,1 7 0 5 2 3 4 6 ,5.26214,79615622
human,8,dense,31,3.42025,0.000961105,0.00417426,102.992,185098300171,mixed,2.33731,35754518
human,8,dense,32,197.962,0.0013633,0.00438931,6328.61,1865460502530,5 1 3 4 0 2 6 7 ,182.222,1004266014
human,8,dense,33,165.808,0.00135754,0.0050042,4011.31,255329375247,mixed,55.169,771689732
human,8,dense,34,2.16533,0.00113174,0.00233409,60.4925,301180362,1 0 7 2 3 4 5 6 ,1.31313,13760265
human,8,dense,35,24.2914,0.00150707,0.00694154,719.989,31792371302,mixed,11.7563,5155162
human,8,dense,36,184.27,0.000965164,0.00261206,184.27,31114478472,7 4 5 6 3 0 1 2 ,184.27,37835
human,8,dense,37,0.0421078,0.000948082,0.00195881,0.0419965,1884636600,6 4 5 3 0 1 2 7 ,0.0419965,22218
human,8,dense,38,0.0161566,0.00101541,0.00347425,0.336648,0,3 0 6 1 2 4 5 7 ,0.00908747,5710
human,8,dense,39,0.470276,0.0010473,0.00142048,1.59414,872355969,3 1 6 7 4 5 0 2 ,0.250087,962482
human,8,dense,40,0.00719061,0.00104441,0.00137825,0.00703836,36326400,2 0 4 1 3 6 5 7 ,0.00703836,2840
human,8,dense,41,0.12653,0.000867093,0.00208575,0.126228,33420889040,7 1 2 3 0 4 5 6 ,0.126228,42861
human,8,dense,42,0.419839,0.00113101,0.00239651,0.737385,51921828,2 5 6 7 1 0 3 4 ,0.207868,414398
human,8,dense,43,7.79978,0.00107904,0.00291925,10.0418,7688049363,mixed,7.79957,4626219
human,8,dense,44,1.21641,0.00123037,0.0057824,25.3183,744152203,mixed,0.872443,8168648
human,8,dense,45,0.000690929,0.000948151,0.00122143,0.000589976,13500,1 5 6 0 2 3 4 7 ,0.000589976,313
human,8,dense,46,1.01902,0.000878974,0.00143624,1.01883,241741500,6 5 7 1 0 2 3 4 ,1.01883,26782
human,8,dense,47,6.14751,0.0014725,0.00887272,188.185,2496355726,mixed,4.32873,97041379
human,8,dense,48,0.0685534,0.000986871,0.00220835,0.193108,454256,0 2 7 1 3 4 5 6 ,0.0683313,117670
human,8,dense,49,0.0771451,0.000964527,0.00114944,0.0769309,268903008,0 1 2 3 6 7 4 5 ,0.0769309,28718
human,8,dense,50,12.2071,0.00132357,0.00362432,337.623,39301202230,mixed,11.8,108517820
human,8,dense,51,0.361616,0.00122777,0.00308947,0.573247,7037852577,1 0 6 2 4 7 3 5 ,0.215161,293089
human,8,dense,52,25.3402,0.00104411,0.00264966,795.067,136545915289,0 5 6 2 3 4 1 7 ,21.282,196403341
human,8,dense,53,0.192135,0.00127364,0.00463737,2.24161,53669,mixed,0.190841,896621
human,8,dense,54,0.955193,0.00123387,0.00214018,15.9782,10730691346,1 5 2 3 6 0 4 7 ,0.374077,2582540
human,8,dense,55,1.95056,0.000753322,0.00154534,1.95037,344150688,2 0 1 4 5 6 3 7 ,1.95037,1687
human,8,dense,56,8.25682,0.000887878,0.00356545,232.74,21500964608,1 0 2 3 4 5 6 7 ,6.5348,50900973
human,8,dense,57,144.888,0.00125486,0.00568111,4357.35,970854081446,0 3 2 4 5 6 1 7 ,123.646,1267090032
human,8,dense,58,4.57759,0.00123569,0.00209761,131.924,24163956664,3 1 2 6 4 5 7 0 ,4.01627,26841463
human,8,dense,59,110.857,0.00138597,0.00658538,3533.93,14795058895,7 0 1 2 3 4 5 6 ,35.0358,778364901
human,8,dense,60,0.0017186,0.000666115,0.00139771,0.00204938,16,1 0 2 3 4 5 6 7 ,0.0016286,989
human,8,dense,61,0.00136033,0.000980669,0.000980831,0.00118849,133640,3 2 0 1 5 6 7 4 ,0.00118849,645
human,8,dense,62,105.865,0.000974674,0.00649762,3379.8,231558516504,mixed,98.3781,1358558882
human,8,dense,63,1.28013,0.000929749,0.00289107,35.3881,40779579,mixed,0.67348,10372084
human,8,dense,64,0.500157,0.0011101,0.00285621,10.8689,28447253841,0 4 3 5 6 2 1 7 ,0.225943,3777126
human,8,dense,65,28.603,0.000953566,0.00455823,890.924,50483661252,3 7 1 2 4 5 0 6 ,11.6002,191220142
human,8,dense,66,225.78,0.000994455,0.00358506,6947.34,501822808604,mixed,152.971,1307551
human,8,dense,67,0.00869298,0.00116353,0.00131116,0.00854552,55262400,3 4 5 1 2 0 6 7 ,0.00854552,3409
human,8,dense,68,58.3481,0.000869248,0.00641822,58.7244,137731322,mixed,58.3475,52435587
human,8,dense,69,0.00120322,0.000891844,0.00131219,0.00111052,97683360,2 0 3 4 5 6 7 1 ,0.00111052,291
human,8,dense,70,76.0059,0.00133547,0.00536903,2394.07,339501388690,0 2 1 6 3 4 5 7 ,75.2667,481040384
human,8,dense,71,32.3332,0.0012837,0.00460461,1016.63,152636570134,4 7 0 3 1 2 5 6 ,30.7069,286130280
human,8,dense,72,0.00329531,0.000966811,0.00109549,0.00320139,28160,4 2 3 6 5 7 1 0 ,0.00320139,2945
human,8,dense,73,0.541872,0.000976559,0.00199017,4.27856,1888563124,2 4 0 1 3 5 6 7 ,0.214853,1500560
human,8,dense,74,0.302431,0.000937101,0.00243768,0.399298,8221976,mixed,0.302222,318326
human,8,dense,75,0.911516,0.000961266,0.00230068,14.7482,90565683,2 0 1 3 4 5 6 7 ,0.670648,6919656
human,8,dense,76,1.91466,0.000835843,0.00161477,1.91455,344150688,2 0 1 4 5 6 3 7 ,1.91455,1687
human,8,dense,77,7.28084,0.00104417,0.00243022,222.131,1491296268,1 0 3 4 6 7 2 5 ,3.16568,50118113
human,8,dense,78,11.7354,0.00103564,0.00463562,369.014,1262670590871,mixed,3.68511,59290043
human,8,dense,79,11.666,0.00110734,0.0025176,367.949,18576759384,0 6 2 1 3 4 5 7 ,6.06794,146639493
human,8,dense,81,31.2544,0.00116665,0.00363126,989.812,123536200610,1 7 5 6 0 2 3 4 ,26.6492,172203962
human,8,dense,82,0.511802,0.000999681,0.00326241,11.5367,6071234974,2 4 0 1 3 6 7 5 ,0.291276,3557951
human,8,dense,83,18.1387,0.000932479,0.00415245,564.088,4399359599216,6 4 1 0 5 3 2 7 ,14.7094,138794882
human,8,dense,84,12.391,0.00093726,0.00387504,390.233,193080825348,2 6 7 5 1 3 0 4 ,7.03556,66729983
human,8,dense,87,1.91917,0.000761992,0.0016015,1.91889,344150688,2 0 1 4 5 6 3 7 ,1.91889,1687
human,8,dense,88,0.0260606,0.000828496,0.00112121,0.0259057,505341,3 1 5 6 2 4 7 0 ,0.0259057,42745
human,8,dense,89,578.688,0.00103483,0.00254527,578.687,97218668988,7 3 4 5 2 0 1 6 ,578.687,80163
human,8,dense,90,5.68451,0.000843246,0.00241626,167.187,4898475720,mixed,3.38815,79785197
human,8,dense,92,0.0604244,0.000982176,0.00136585,0.0608055,78624,2 7 1 3 4 0 5 6 ,0.0602866,58551
human,8,dense,93,0.175345,0.000984798,0.00141876,0.175123,1142121672,3 4 5 6 0 1 2 7 ,0.175123,78733
human,8,dense,94,0.658978,0.000982776,0.00235006,9.57327,2429050893,mixed,0.276417,3934451
human,8,dense,95,0.00430292,0.000947358,0.00156619,0.00419227,2071842,5 4 1 0 6 7 2 3 ,0.00419227,1080
human,8,dense,96,255.341,0.00124057,0.00480329,8141.63,19557198970,0 7 1 2 3 4 5 6 ,170.846,3012113462
human,8,dense,97,98.4413,0.00163265,0.0125875,2493.93,3873225567,mixed,92.0256,811575704
human,8,dense,98,51.3473,0.00126448,0.00500587,1495.66,284293235732,2 1 3 0 5 4 6 7 ,48.3743,281260930
human,8,dense,99,7.03657,0.00117834,0.00675741,214.991,14702411076,1 2 6 0 3 4 5 7 ,5.31533,63520360
human,8,dense,100,3.20257,0.00116113,0.00215375,89.8295,5042060446,1 0 3 6 4 5 7 2 ,1.62664,28922842
human,8,sparse,1,0.746311,0.00121795,0.00347177,0.746021,96433430217,0 2 7 3 5 1 4 6 ,0.746021,364373
human,8,sparse,3,0.0479292,0.00115233,0.00167679,0.047798,43585007400,2 7 5 6 1 0 3 4 ,0.047798,17858
human,8,sparse,4,0.103044,0.00138319,0.00232313,0.102899,1370571264,0 3 1 6 7 4 2 5 ,0.102899,75948
human,8,sparse,5,18.5461,0.00093449,0.00519661,570.515,48596251770417,0 4 2 3 5 1 6 7 ,10.0102,128331820
human,8,sparse,6,0.121053,0.000831506,0.00165942,0.120828,242424000,5 6 7 1 3 0 2 4 ,0.120828,44367
human,8,sparse,7,0.00155025,0.00107403,0.000954959,0.00139026,460139400,5 6 4 1 2 3 0 7 ,0.00139026,308
human,8,sparse,8,0.974355,0.0011287,0.0040102,18.1375,7035981381852,4 3 7 1 0 2 5 6 ,0.711956,2480110
human,8,sparse,9,1.37447,0.0012376,0.00245515,31.853,931926099006,4 3 6 5 1 2 7 0 ,0.487026,5222724
human,8,sparse,11,1.76804,0.00118699,0.00482029,36.0532,373472838376,mixed,1.07774,4791000
human,8,sparse,12,0.142056,0.000816168,0.00148225,0.141958,29404653576,2 1 4 3 6 0 5 7 ,0.141958,44364
human,8,sparse,14,2.51156,0.00103497,0.00156646,2.5113,59542474371,4 3 6 1 0 5 7 2 ,2.5113,1605317
human,8,sparse,15,0.361511,0.000930568,0.00193895,0.795341,3919024200,4 6 1 5 7 3 0 2 ,0.214474,561814
human,8,sparse,16,0.00071485,0.00100185,0.000904042,0.000622064,246240,1 2 5 0 4 3 7 6 ,0.000622064,162
human,8,sparse,20,0.922904,0.00136938,0.00597711,20.1897,16564338974479,0 7 6 3 5 4 2 1 ,0.528987,3911787
human,8,sparse,21,128.587,0.000815109,0.00170853,128.587,28558234344,7 6 5 2 3 1 0 4 ,128.587,1746
human,8,sparse,22,6.2551,0.00114368,0.00655206,181.873,4027687084037,5 6 3 4 7 2 1 0 ,3.30077,43111347
human,8,sparse,23,0.405281,0.00101195,0.00173506,0.405118,4880538000,3 2 4 7 5 0 6 1 ,0.405118,35732
human,8,sparse,24,1.05773,0.00115509,0.00582742,17.9845,6983275160382,mixed,0.409057,3551833
human,8,sparse,25,158.249,0.00134296,0.00944157,3364.13,82990553280456,mixed,117.308,308521316
human,8,sparse,26,0.544945,0.00127464,0.00471106,4.32482,44730576260,mixed,0.275803,729628
human,8,sparse,27,0.246496,0.00107113,0.00353617,0.246823,2459334751,mixed,0.24639,88607
human,8,sparse,29,2.799,0.00125941,0.00500864,76.4985,390134375499,mixed,1.11918,16334893
human,8,sparse,30,3.51673,0.00098148,0.00564024,102.603,46866169392,1 6 0 2 4 5 3 7 ,2.73722,32388111
human,8,sparse,32,2.32938,0.00128747,0.00516567,54.5022,10168236660597,5 1 3 6 2 0 4 7 ,1.41276,12992068
human,8,sparse,34,0.409778,0.000971232,0.00333878,1.36396,22142048608,mixed,0.230085,493004
human,8,sparse,35,260.499,0.00138362,0.0105424,8085.2,499237532813,mixed,210.536,10580251
human,8,sparse,37,0.00832928,0.000877257,0.00196969,0.00816111,16521165000,6 4 5 3 1 0 2 7 ,0.00816111,5817
human,8,sparse,38,2.13638,0.000960669,0.00357959,49.0069,6740868688860,4 6 3 5 0 7 2 1 ,1.44984,6300550
human,8,sparse,39,0.129669,0.000975039,0.00233331,0.129513,3597596128,3 1 0 5 4 2 7 6 ,0.129513,86887
human,8,sparse,40,0.0153026,0.000952604,0.00164251,0.0151138,231666000,2 3 1 6 5 4 0 7 ,0.0151138,7564
human,8,sparse,41,0.49665,0.000953577,0.0016574,0.496357,5208853121472,0 1 2 3 4 5 7 6 ,0.496357,233312
human,8,sparse,42,0.430745,0.00130103,0.00292344,1.13371,1753929210,2 5 4 3 6 1 0 7 ,0.224804,409426
human,8,sparse,43,2.47807,0.00106154,0.00242615,3.80846,120313092044,mixed,2.47793,2810013
human,8,sparse,44,28.992,0.00131361,0.00595967,30.1556,316132611893,mixed,28.9918,7104198
human,8,sparse,45,0.00375189,0.000879894,0.00110183,0.00366304,235800,1 5 0 3 4 2 6 7 ,0.00366304,2412
human,8,sparse,46,12.1286,0.000873931,0.00194329,356.769,23207184000,3 5 1 7 2 0 6 4 ,11.0948,391094
human,8,sparse,47,122.409,0.00143347,0.0092112,3868.92,259946286296,mixed,74.1888,9697689
human,8,sparse,48,0.667835,0.00122704,0.00355314,6.06323,285078962,0 1 2 7 6 4 5 3 ,0.364248,2601865
human,8,sparse,49,0.217802,0.00107213,0.00142952,0.217563,1087834896,0 7 6 2 1 5 4 3 ,0.217563,96240
human,8,sparse,51,1.02017,0.0012932,0.00239653,1.02001,11773023074,1 0 2 4 7 3 6 5 ,1.02001,621995
human,8,sparse,52,1.21227,0.00101015,0.00368093,31.3052,1663708413966,6 5 3 2 4 0 1 7 ,0.682982,8005848
human,8,sparse,53,1.6446,0.00122176,0.00627235,41.6385,1013224592038,mixed,0.543307,9147114
human,8,sparse,54,0.0610878,0.00124842,0.00221788,0.0608655,22691566430,5 2 6 3 1 0 4 7 ,0.0608655,28400
human,8,sparse,55,247.38,0.000913388,0.00160594,247.38,56672424464,0 1 2 6 3 5 7 4 ,247.38,7580
human,8,sparse,56,230.494,0.00092326,0.00341869,7105.45,639553304295,4 0 1 2 3 6 5 7 ,217.485,1375286
human,8,sparse,58,0.512343,0.00121503,0.00316009,3.24784,1336301399640,2 5 7 3 1 4 6 0 ,0.229787,1129219
human,8,sparse,59,0.417016,0.00103867,0.00662842,0.416842,1400719451782,7 0 6 4 1 2 3 5 ,0.416842,91110
human,8,sparse,60,0.0566458,0.000747803,0.00137853,0.0564963,1333440,3 1 4 5 0 2 6 7 ,0.0564963,17807
human,8,sparse,61,0.00139378,0.00104694,0.000867442,0.00129795,318435,3 2 7 0 1 6 5 4 ,0.00129795,445
human,8,sparse,63,447.837,0.000823902,0.00255386,447.855,63349066776,mixed,447.837,288518
human,8,sparse,64,0.46906,0.000836609,0.00280097,1.99553,196871019231,0 3 1 5 6 2 4 7 ,0.231979,534170
human,8,sparse,66,0.740202,0.000944382,0.00364655,0.741118,6503362079220,mixed,0.739926,258690
human,8,sparse,67,0.013022,0.000911554,0.00133932,0.0128838,2463834624,3 5 2 0 1 6 4 7 ,0.0128838,3224
human,8,sparse,68,5.97669,0.000872098,0.0044367,185.067,4640207560076,1 7 4 0 3 2 5 6 ,5.21965,26025990
human,8,sparse,69,0.00114923,0.000798886,0.000985577,0.00100468,681995520,0 3 4 2 7 1 5 6 ,0.00100468,271
human,8,sparse,70,2.8256,0.0013146,0.00888146,81.2101,11299598975920,mixed,1.32418,13731472
human,8,sparse,71,0.509948,0.00120992,0.00816702,5.14229,3266813584887,mixed,0.229981,987692
human,8,sparse,72,0.00211636,0.000996295,0.00117068,0.00191947,341760,5 3 2 6 4 7 1 0 ,0.00191947,1475
human,8,sparse,73,0.0802149,0.00107047,0.00152452,0.079952,24356919012,2 6 3 5 4 1 7 0 ,0.079952,36400
human,8,sparse,74,0.273748,0.000792073,0.00253641,0.324269,1989878990,mixed,0.273591,200870
human,8,sparse,75,1.44647,0.000954107,0.00217734,1.44627,133365084612,2 6 0 1 3 4 7 5 ,1.44627,336699
human,8,sparse,76,226.498,0.000861524,0.00183603,226.498,51896345808,0 2 1 3 5 6 4 7 ,226.498,5250
human,8,sparse,77,0.374949,0.0010112,0.0022144,0.374791,182534345520,1 4 2 6 0 7 3 5 ,0.374791,126507
human,8,sparse,78,3.88476,0.0009045,0.00549018,114.864,32212075544266,mixed,1.81515,25252130
human,8,sparse,82,0.501253,0.000993561,0.00342893,3.09015,778979802850,2 4 1 6 3 5 0 7 ,0.280157,803257
human,8,sparse,84,406.261,0.00102823,0.00338586,12038.1,1153479486972,6 7 3 1 5 0 2 4 ,243.611,638930
human,8,sparse,85,8.16439,0.0013935,0.00598379,241.91,406567787136571,0 6 3 7 2 4 1 5 ,5.51764,17105988
human,8,sparse,86,15.0075,0.00109358,0.00869051,450.852,126623344145783,3 6 1 2 4 7 5 0 ,14.0419,57603002
human,8,sparse,87,0.0289848,0.0008009,0.00185281,0.0288369,49795092672,7 4 6 3 2 1 0 5 ,0.0288369,879
human,8,sparse,88,0.0151374,0.000780694,0.00102374,0.0149894,7167186,3 6 5 1 7 2 4 0 ,0.0149894,9043
human,8,sparse,90,1.24167,0.000857661,0.00337697,21.5683,59364565344,mixed,0.960488,3097796
human,8,sparse,91,34.1688,0.00150977,0.00993909,1035.06,264386553043738,4 2 7 1 3 6 0 5 ,17.9985,160082214
human,8,sparse,92,0.0248425,0.000786994,0.0015783,0.0246989,3855060,0 6 2 3 5 1 4 7 ,0.0246989,13052
human,8,sparse,93,0.0868318,0.000944771,0.00172034,0.0865763,15114669918,4 3 6 7 0 5 1 2 ,0.0865763,33714
human,8,sparse,94,92.3278,0.000898174,0.00322646,92.3594,12305634416,mixed,92.3275,133510
human,8,sparse,95,0.0106441,0.00117865,0.00177719,0.0104813,33295704,5 4 2 1 3 0 6 7 ,0.0104813,3279
human,8,sparse,98,3.18237,0.0012908,0.00724338,89.2294,3159443147572,1 7 4 5 0 6 2 3 ,1.01336,20234048
human,8,sparse,99,3.52076,0.0012975,0.00552476,98.8255,920729454195,2 1 3 0 4 5 6 7 ,2.98196,20524552
human,8,sparse,100,0.240984,0.00121348,0.00288707,0.240872,64575102320,1 7 4 6 5 3 0 2 ,0.240872,133610
