dataset,query_size,query_mode,query_index,elapsed_execution_time,filter_time,plan_time,enumerate_time,n_embeddings,order,max_task_time,n_intersections
friendster,8,dense,1,0.876993,3.3974,0.00929593,19.739,1594165,mixed,0.358926,410888
friendster,8,dense,2,0.636188,3.39264,0.00856133,8.45043,286105,mixed,0.478052,589363
friendster,8,dense,3,0.59833,3.69693,0.00712052,10.7848,32461,mixed,0.475234,1026125
friendster,8,dense,4,0.32832,3.32937,0.0109963,3.30763,1749560,mixed,0.233107,362158
friendster,8,dense,5,0.426022,3.35314,0.00866413,5.27986,462068,mixed,0.354159,418400
friendster,8,dense,6,0.59222,3.41691,0.0069084,8.82327,1365246,mixed,0.364072,964512
friendster,8,dense,7,0.512663,3.46856,0.00734835,5.54003,171972,mixed,0.417744,721550
friendster,8,dense,8,0.238095,3.68266,0.00677063,2.80359,5694,mixed,0.189251,453117
friendster,8,dense,9,0.422108,3.53204,0.00809579,5.24194,1207804,mixed,0.3588,838097
friendster,8,dense,10,0.788296,3.4371,0.00733766,5.27277,370374,mixed,0.380649,695128
friendster,8,dense,11,0.254896,3.4515,0.0084834,2.40748,273913,mixed,0.111627,304580
friendster,8,dense,12,0.155589,3.19662,0.00987131,1.959,3430026,mixed,0.110866,265403
friendster,8,dense,13,0.169569,3.41758,0.00879379,2.08337,368405,mixed,0.12164,273676
friendster,8,dense,14,0.61197,3.57841,0.0067014,3.3609,49677,mixed,0.277695,284065
friendster,8,dense,15,0.613697,3.24422,0.00723352,6.8669,971412,mixed,0.357114,795162
friendster,8,dense,16,0.798369,3.41945,0.00756194,6.69007,1659526,mixed,0.650755,581559
friendster,8,dense,17,0.398693,3.62379,0.00706586,5.81482,108009,mixed,0.348113,360461
friendster,8,dense,18,0.15496,3.29256,0.00822979,1.70285,28082863,mixed,0.0996928,268984
friendster,8,dense,19,0.156828,3.66569,0.00764011,1.74885,15638,mixed,0.0967531,310224
friendster,8,dense,20,0.228171,3.43755,0.00791912,2.27682,247940,mixed,0.0971852,388609
friendster,8,dense,21,0.247774,3.51581,0.00733704,2.16328,285552,mixed,0.197315,302973
friendster,8,dense,22,0.58356,3.6111,0.0069328,10.0102,91967,mixed,0.455954,1192617
friendster,8,dense,23,0.233935,3.63785,0.0076519,1.91974,228502,mixed,0.113917,252643
friendster,8,dense,24,0.602456,3.5059,0.00896469,5.31401,139149,mixed,0.39717,367894
friendster,8,dense,25,0.650155,3.47141,0.00828023,7.1511,300793,mixed,0.372702,433091
friendster,8,dense,26,0.121335,3.55525,0.00787672,1.47147,282658,mixed,0.0799422,249936
friendster,8,dense,27,0.515252,3.54805,0.00743888,6.52611,103681,mixed,0.448809,855530
friendster,8,dense,28,0.198596,3.40041,0.00772389,1.94727,1023576,mixed,0.155073,269451
friendster,8,dense,29,0.77751,3.49568,0.00699269,8.09092,49159,mixed,0.678027,1125099
friendster,8,dense,30,0.233959,3.49969,0.00784377,2.42112,259296,mixed,0.129302,414097
friendster,8,dense,31,0.841359,3.41793,0.00680265,21.3977,1027133,mixed,0.462441,906502
friendster,8,dense,32,0.246302,3.51405,0.00765552,2.25068,275009,mixed,0.18747,279161
friendster,8,dense,33,0.427627,3.52829,0.00887802,5.11379,416496,mixed,0.397797,535376
friendster,8,dense,34,0.368226,3.67968,0.00715796,3.69122,21142,mixed,0.262679,745489
friendster,8,dense,35,0.245352,3.60511,0.00773339,2.55579,147533,mixed,0.209206,393537
friendster,8,dense,36,0.169951,3.50707,0.00834448,2.38941,202011,mixed,0.119243,354943
friendster,8,dense,37,0.145199,3.39575,0.00968943,1.80968,870623,mixed,0.0816745,272138
friendster,8,dense,38,0.534671,3.61842,0.00726767,7.53408,30002,mixed,0.464044,407846
friendster,8,dense,39,0.394527,3.47504,0.00852524,4.11437,11951630,mixed,0.318927,480091
friendster,8,dense,40,0.496892,3.33523,0.00738431,7.33215,185275,mixed,0.276743,772421
friendster,8,dense,41,0.226951,3.38241,0.0087147,2.05053,461608,mixed,0.0909735,275776
friendster,8,dense,42,0.563228,3.38497,0.00874483,5.36944,1230616,mixed,0.460838,881773
friendster,8,dense,43,0.633222,3.58046,0.00836518,17.7551,243646,mixed,0.526873,1055179
friendster,8,dense,44,0.53154,3.56587,0.00785353,6.07889,84836,mixed,0.345984,355806
friendster,8,dense,45,0.564696,3.39337,0.00841097,5.24111,1196527,mixed,0.403794,369273
friendster,8,dense,46,0.350597,3.52491,0.00774896,4.55394,1300737,mixed,0.245633,867771
friendster,8,dense,47,0.245569,3.46868,0.00746724,2.20172,403398,mixed,0.171079,303068
friendster,8,dense,48,0.230261,3.55066,0.00731858,2.27856,290120,mixed,0.174748,312491
friendster,8,dense,49,0.541038,3.3325,0.00797976,5.06256,2287132,mixed,0.421668,484112
friendster,8,dense,50,0.407215,3.68839,0.0076991,4.65852,106245,mixed,0.276258,384943
friendster,8,dense,51,0.338001,3.50696,0.0087697,2.57854,1752169,mixed,0.189826,383469
friendster,8,dense,52,0.353146,3.49761,0.00932688,3.08255,185575,mixed,0.157972,284148
friendster,8,dense,53,0.181318,3.36649,0.00728529,1.81911,1151603,mixed,0.092519,280763
friendster,8,dense,54,0.600222,3.536,0.00716072,5.8612,26606,mixed,0.40597,744726
friendster,8,dense,55,0.155034,3.36711,0.00848036,1.84217,331782,mixed,0.0938697,285752
friendster,8,dense,56,0.272463,3.52623,0.00766864,3.15779,152054,mixed,0.207323,452700
friendster,8,dense,57,0.220362,3.38616,0.00885436,1.79803,351401,mixed,0.0954493,272642
friendster,8,dense,58,0.211648,3.51441,0.00772507,2.61693,82161,mixed,0.129371,420882
friendster,8,dense,59,0.472003,3.69503,0.0085204,5.16252,49526,mixed,0.418018,789794
friendster,8,dense,60,0.198604,3.39561,0.00795354,1.82218,290072,mixed,0.153275,269149
friendster,8,dense,61,0.116785,3.77345,0.00688423,1.43831,8652,mixed,0.0687185,224445
friendster,8,dense,62,0.422814,3.73962,0.00724013,3.50175,38856,mixed,0.361658,303653
friendster,8,dense,63,0.304742,3.46092,0.00880359,2.50509,307528,mixed,0.220991,402741
friendster,8,dense,64,0.197513,3.69558,0.00824829,2.09097,8902,mixed,0.159218,351690
friendster,8,dense,65,0.16305,3.64935,0.00814656,1.81017,78781,mixed,0.12355,260301
friendster,8,dense,66,0.174121,3.3119,0.00897168,2.06489,374813,mixed,0.121256,279076
friendster,8,dense,67,0.161726,3.56392,0.00803366,1.8329,18646,mixed,0.128665,239290
friendster,8,dense,68,0.214125,3.508,0.00855216,2.05877,743362,mixed,0.178663,275928
friendster,8,dense,69,0.352614,3.30244,0.00856611,3.64489,959877,mixed,0.307942,384566
friendster,8,dense,70,0.228965,3.56744,0.00789283,1.7745,92345,mixed,0.101154,251630
friendster,8,dense,71,0.127815,3.35516,0.00876918,1.60436,345032,mixed,0.069409,265720
friendster,8,dense,72,0.397484,3.35785,0.00842628,4.39182,714325,mixed,0.331981,699603
friendster,8,dense,73,0.262047,3.5305,0.00768565,2.53736,270675,mixed,0.111525,376886
friendster,8,dense,74,0.312841,3.83933,0.00761298,3.20576,69500,mixed,0.255844,279303
friendster,8,dense,75,0.539521,3.43664,0.0085641,5.49151,415280,mixed,0.286065,421858
friendster,8,dense,76,0.166984,3.50412,0.00718123,2.51723,673049,mixed,0.0739249,369166
friendster,8,dense,77,0.225605,3.44094,0.00729738,1.90039,349246,mixed,0.0916072,278961
friendster,8,dense,78,0.150825,3.35144,0.00851361,1.89074,741278,mixed,0.102993,265746
friendster,8,dense,79,0.273371,3.67519,0.00818123,2.01093,86893,mixed,0.0861107,319868
friendster,8,dense,80,0.160565,3.44378,0.00838238,1.96726,278432,mixed,0.113708,276064
friendster,8,dense,81,0.647832,3.50272,0.00779309,6.26297,220490,mixed,0.421075,551385
friendster,8,dense,82,0.138013,3.45092,0.00819018,1.76614,413180,mixed,0.0715298,279992
friendster,8,dense,83,0.227481,3.45344,0.00738456,1.94458,504928,mixed,0.119929,278498
friendster,8,dense,84,0.211235,3.34095,0.00897585,1.91401,3086807,mixed,0.118483,267196
friendster,8,dense,85,0.513098,3.60809,0.00741164,4.45539,71443,mixed,0.293981,789196
friendster,8,dense,86,0.337424,3.46263,0.00714741,2.80058,1114967,mixed,0.176345,313793
friendster,8,dense,87,0.384115,3.35774,0.00924857,4.70457,379846,mixed,0.316696,649004
friendster,8,dense,88,0.442703,3.58489,0.00758402,5.03763,254939,mixed,0.370668,369692
friendster,8,dense,89,0.134348,3.67727,0.00773203,1.69074,309939,mixed,0.106513,254312
friendster,8,dense,90,0.538863,3.39904,0.00856932,6.2054,358344,mixed,0.434029,563836
friendster,8,dense,91,0.46386,3.72506,0.00671172,4.59659,9806,mixed,0.436297,593843
friendster,8,dense,92,0.485468,3.45366,0.00779695,4.90914,1071882,mixed,0.430074,692329
friendster,8,dense,93,0.422363,3.5926,0.00726188,5.1663,325753,mixed,0.338244,547264
friendster,8,dense,94,0.553303,3.62076,0.00714228,6.19919,289111,mixed,0.377232,619147
friendster,8,dense,95,0.599809,3.46172,0.00861362,7.85055,219036,mixed,0.365059,1032993
friendster,8,dense,96,0.192967,3.51769,0.00775382,1.89886,59949,mixed,0.150341,262892
friendster,8,dense,97,0.354607,3.62416,0.00708436,2.45837,19775,mixed,0.26089,200226
friendster,8,dense,98,0.424191,3.49558,0.00760295,4.12581,121073,mixed,0.281713,746921
friendster,8,dense,99,0.468899,3.40151,0.00792994,3.99922,131968,mixed,0.319336,322125
friendster,8,dense,100,0.36052,3.36527,0.010053,3.37398,2211249,mixed,0.254421,347077
friendster,8,sparse,1,0.498136,2.73948,0.0101943,7.2882,8305487305,mixed,0.14085,1534502
friendster,8,sparse,2,1.33055,2.86044,0.0086099,24.6221,6297510782,mixed,0.817905,3775556
friendster,8,sparse,3,0.97161,2.72327,0.0102035,15.8915,7232393137,mixed,0.57375,3397937
friendster,8,sparse,4,0.488248,3.52299,0.00674828,6.72095,10758,mixed,0.333621,587985
friendster,8,sparse,5,1.06846,2.8115,0.00844837,22.3998,4895401545,mixed,0.428909,6034216
friendster,8,sparse,6,1.27241,2.79581,0.00847848,28.2777,5920402403,mixed,0.618718,7087456
friendster,8,sparse,7,0.559232,2.9186,0.0100734,9.62331,9894027731,mixed,0.377677,2137190
friendster,8,sparse,8,0.208354,3.57217,0.00792793,2.66807,172298,mixed,0.165281,428361
friendster,8,sparse,9,0.231724,2.74897,0.0104873,2.81047,20091400655,mixed,0.0831926,495728
friendster,8,sparse,10,0.351688,2.76718,0.00977776,4.44385,9679643562,mixed,0.112114,844377
friendster,8,sparse,11,2.72116,2.8288,0.00864767,75.9788,3567336283,mixed,1.8352,4236778
friendster,8,sparse,12,1.36368,3.61925,0.00650882,24.5348,29443,mixed,0.891517,4199690
friendster,8,sparse,13,0.256919,2.74083,0.0109307,2.91522,28176847450,mixed,0.0806186,489992
friendster,8,sparse,14,0.197133,3.41647,0.00980739,2.53807,158121,mixed,0.14299,429986
friendster,8,sparse,15,3.63741,2.87044,0.00765628,109.933,2761583193,mixed,2.95184,5594983
friendster,8,sparse,16,6.55261,2.88709,0.00692004,193.648,3047156636,mixed,5.68649,33194109
friendster,8,sparse,17,3.9136,2.86777,0.00773526,113.476,2295417796,mixed,2.87539,33340887
friendster,8,sparse,18,0.651724,2.80421,0.00917686,8.28737,14590264428,mixed,0.433576,913358
friendster,8,sparse,19,1.88287,2.834,0.00773979,52.2599,3931724398,mixed,1.16347,4470530
friendster,8,sparse,20,1.22988,2.75099,0.00869602,23.0423,4578759693,mixed,0.952414,6028992
friendster,8,sparse,21,5.49069,2.79983,0.00783474,167.503,3650217124,mixed,3.68202,49165221
friendster,8,sparse,22,0.22093,3.4965,0.0097726,1.74949,189634,mixed,0.113063,296707
friendster,8,sparse,23,0.803816,2.85154,0.00933489,10.3401,19115475317,mixed,0.619843,2432373
friendster,8,sparse,24,0.285385,2.78868,0.00906994,3.67568,7023190137,mixed,0.177545,712611
friendster,8,sparse,25,0.381276,3.43478,0.00711269,2.66239,79400,mixed,0.0982524,425502
friendster,8,sparse,26,0.605763,2.71774,0.00885835,7.42483,9634744509,mixed,0.448631,965573
friendster,8,sparse,27,0.303555,2.86245,0.0089962,3.95494,7817666476,mixed,0.095441,720137
friendster,8,sparse,28,0.312069,2.83165,0.00906415,4.17226,9617468563,mixed,0.106359,878763
friendster,8,sparse,29,1.25516,2.79411,0.00899947,22.2933,5035403215,mixed,0.684478,5702123
friendster,8,sparse,30,1.34875,2.79138,0.0102227,23.9552,5402895859,mixed,0.776125,3758945
friendster,8,sparse,31,0.83442,2.78251,0.0103921,21.5758,9017203579,mixed,0.612859,2535588
friendster,8,sparse,32,3.9205,2.86683,0.00784954,99.7707,3290066466,mixed,1.78392,15452876
friendster,8,sparse,33,0.284057,2.84118,0.00924099,3.51311,11498330873,mixed,0.0878466,694684
friendster,8,sparse,34,0.196386,2.64366,0.0116994,2.14189,38012840306,mixed,0.0981939,484627
friendster,8,sparse,35,0.441157,3.57647,0.00683334,3.68971,272995,mixed,0.222254,1138336
friendster,8,sparse,36,0.311527,2.76841,0.0104145,3.01626,22324303230,mixed,0.184535,500177
friendster,8,sparse,37,0.255011,2.72201,0.00905635,3.50183,7867418929,mixed,0.136342,723499
friendster,8,sparse,38,6.95637,2.8131,0.00813216,207.202,3350828901,mixed,4.74229,51786649
friendster,8,sparse,39,1.39964,2.7275,0.00911755,27.3929,8532680630,mixed,0.765238,6572960
friendster,8,sparse,40,0.365691,2.78146,0.00939049,4.92931,13175656239,mixed,0.22865,1065039
friendster,8,sparse,41,0.17249,3.36847,0.00929825,2.17681,124111,mixed,0.133839,366300
friendster,8,sparse,42,4.93272,2.81844,0.00792477,150.243,3063615122,mixed,4.17285,19295879
friendster,8,sparse,43,0.85743,3.47749,0.00691004,16.1651,61209,mixed,0.703544,3071225
friendster,8,sparse,44,0.883189,2.7868,0.00873379,14.8317,5465557104,mixed,0.517729,3617460
friendster,8,sparse,45,1.34426,2.93247,0.00786411,23.7296,4442951602,mixed,0.939655,3581813
friendster,8,sparse,46,0.150235,3.60287,0.00757632,2.07593,61428,mixed,0.0881977,432893
friendster,8,sparse,47,4.58582,2.96055,0.00731688,138.984,2513276371,mixed,2.85194,34256047
friendster,8,sparse,48,1.32987,2.7536,0.00844213,29.8234,4835655228,mixed,1.15059,6285070
friendster,8,sparse,49,0.273975,2.82182,0.0107103,2.63884,34491705158,mixed,0.129934,485275
friendster,8,sparse,50,0.298746,2.78045,0.0101304,3.3158,12625212231,mixed,0.145378,675476
friendster,8,sparse,51,1.44613,2.80304,0.00900109,26.316,9516097247,mixed,0.990932,6610870
friendster,8,sparse,52,4.10017,2.93881,0.00846809,122.922,4269618675,mixed,2.99578,5964901
friendster,8,sparse,53,1.2739,2.70423,0.00953638,30.0477,2637304805,mixed,0.65668,13634152
friendster,8,sparse,54,0.215075,2.70053,0.0113204,2.27191,42089707105,mixed,0.0906037,483748
friendster,8,sparse,55,1.27494,2.82682,0.00881007,32.1358,7461837490,mixed,0.830239,2541276
friendster,8,sparse,56,2.09992,2.98121,0.00829383,61.9692,106854899,mixed,1.3201,6453719
friendster,8,sparse,57,7.05415,2.93749,0.00844486,216.543,2853984172,mixed,4.13266,69466626
friendster,8,sparse,58,1.18814,2.8609,0.00790309,24.4098,4691884784,mixed,0.828724,5394629
friendster,8,sparse,59,0.205675,2.93738,0.00888824,2.52991,345003105,mixed,0.0710404,489845
friendster,8,sparse,60,32.1407,3.01297,0.00710756,1009.38,1279495258,mixed,20.1061,204556633
friendster,8,sparse,61,0.258676,2.73215,0.0112361,3.40217,13573107915,mixed,0.170876,677319
friendster,8,sparse,62,4.83466,2.82758,0.007577,147.307,2729754499,mixed,2.58519,27514591
friendster,8,sparse,63,0.953402,3.65952,0.00775963,9.23318,4106,mixed,0.709087,1217935
friendster,8,sparse,64,0.231824,3.46847,0.00795936,2.19973,84508,mixed,0.105322,372202
friendster,8,sparse,65,0.193794,2.75229,0.0134741,2.32431,102326308517,mixed,0.114694,513236
friendster,8,sparse,66,0.332884,2.8605,0.009555,3.87563,8226417643,mixed,0.169669,864901
friendster,8,sparse,67,0.284705,2.78446,0.0102024,3.58355,15740878868,mixed,0.0767562,678727
friendster,8,sparse,68,1.33138,2.91953,0.0079721,38.9079,3088668564,mixed,1.12643,4538892
friendster,8,sparse,69,0.327491,2.86048,0.0100443,3.87296,13344378963,mixed,0.0820444,642410
friendster,8,sparse,70,4.10215,2.88519,0.00762797,120.445,2385104873,mixed,2.61289,34011434
friendster,8,sparse,71,0.302267,2.87342,0.0092243,4.02209,10175634633,mixed,0.179706,880788
friendster,8,sparse,72,0.994046,3.03563,0.00709809,25.0864,116988793,mixed,0.743111,2318014
friendster,8,sparse,73,0.92071,2.82704,0.00804614,14.8801,4543529644,mixed,0.556962,2769525
friendster,8,sparse,74,1.17441,2.74731,0.00834043,26.2304,5152885987,mixed,0.934843,6085551
friendster,8,sparse,75,2.70048,2.8431,0.00864635,78.7127,3705321004,mixed,1.92416,4810521
friendster,8,sparse,76,0.276717,2.76981,0.0109939,3.53903,26917502049,mixed,0.0903929,696853
friendster,8,sparse,77,1.04084,2.8067,0.0097077,20.9777,5582987401,mixed,0.633363,3711661
friendster,8,sparse,78,0.28037,2.77383,0.00977449,3.57716,10934202388,mixed,0.138454,664584
friendster,8,sparse,79,1.59666,2.88679,0.00954902,43.5936,5839504920,mixed,1.42878,8530054
friendster,8,sparse,80,0.222111,2.84141,0.0117493,2.38211,47373798340,mixed,0.130231,490651
friendster,8,sparse,81,3.58057,2.91833,0.00751172,99.6861,1901870853,mixed,1.57697,21883760
friendster,8,sparse,82,0.343996,2.91669,0.0105962,3.9569,9104751287,mixed,0.191094,731467
friendster,8,sparse,83,1.75644,2.9413,0.00908544,39.3525,5351567460,mixed,0.85004,15148054
friendster,8,sparse,84,0.46808,3.425,0.00813965,11.4882,120916,mixed,0.421231,2305951
friendster,8,sparse,85,0.204839,3.57111,0.00788682,2.50733,23636,mixed,0.152622,359518
friendster,8,sparse,86,1.20693,2.94553,0.00784575,22.3473,4189923659,mixed,0.98092,3643527
friendster,8,sparse,87,0.710792,2.81423,0.00925032,8.12078,9040534307,mixed,0.471135,963700
friendster,8,sparse,88,1.22459,2.84714,0.00898689,23.2585,5587252534,mixed,0.625304,6324852
friendster,8,sparse,89,0.191664,3.5089,0.00793491,2.66148,32358,mixed,0.136914,511497
friendster,8,sparse,90,7.64086,2.97161,0.00722563,238.31,3079531251,mixed,4.10849,71603005
friendster,8,sparse,91,0.190436,2.68705,0.0113523,2.17033,49298072241,mixed,0.0956201,468290
friendster,8,sparse,92,5.80775,2.91999,0.0076185,174.464,2579431110,mixed,2.4498,40723942
friendster,8,sparse,93,1.45788,2.91907,0.00759237,39.614,3273856106,mixed,0.987314,4217954
friendster,8,sparse,94,0.712985,2.83996,0.00889585,12.4904,3419998033,mixed,0.353792,3121335
friendster,8,sparse,95,0.771951,2.85572,0.00948912,14.8924,10165745945,mixed,0.432029,3707590
friendster,8,sparse,96,1.35984,2.79713,0.00853671,28.4821,4014895041,mixed,0.828657,5957872
friendster,8,sparse,97,0.591902,2.82174,0.0115858,10.1546,19630885352,mixed,0.164819,2152373
friendster,8,sparse,98,0.266874,2.72224,0.0107145,3.32485,26975529015,mixed,0.10099,700225
friendster,8,sparse,99,6.92023,2.90611,0.00732157,203.338,1363293488,mixed,4.01154,10063627
friendster,8,sparse,100,0.521412,2.67565,0.00959769,5.58891,16997377720,mixed,0.403504,674355
