dataset,query_size,query_mode,query_index,elapsed_execution_time,filter_time,plan_time,enumerate_time,n_embeddings,order,max_task_time,n_intersections
youtube2007,8,dense,1,201.992,0.123836,1.21138,6397.51,1304704230570.0,mixed,122.414,3128062351
youtube2007,8,dense,2,621.023,0.156283,2.62182,19858.8,1944333279323.0,mixed,500.626,3715651515
youtube2007,8,dense,3,108.796,0.412793,8.47983,3341.25,355231479177.0,mixed,95.375,1478378165
youtube2007,8,dense,4,2.56703,0.124411,0.537084,61.5847,905485938.0,mixed,1.52911,21501088
youtube2007,8,dense,5,0.0104794,0.107708,0.0191429,0.0416438,37928.0,mixed,0.00220454,14043
youtube2007,8,dense,6,1.97157,0.2815,3.71727,49.9327,2078402394.0,mixed,1.19182,21091889
youtube2007,8,dense,7,157.183,0.0931857,1.407,4675.7,335740935534.0,mixed,113.335,1766726490
youtube2007,8,dense,9,0.0475468,0.0578397,0.0458194,0.173602,1796513.0,mixed,0.00956112,60839
youtube2007,8,dense,10,26.3732,0.183924,2.22717,774.222,30074837469.0,mixed,20.534,365282932
youtube2007,8,dense,11,365.711,0.177105,4.96815,11693.1,4643680434596.0,mixed,281.146,2731308386
youtube2007,8,dense,12,0.0320492,0.0668858,0.0319901,0.163333,1166590.0,mixed,0.0171867,44688
youtube2007,8,dense,13,762.613,0.311082,5.34845,23407.2,2439015622385.0,mixed,665.28,9589864793
youtube2007,8,dense,14,0.468641,0.110567,0.14066,8.46435,467322693.0,mixed,0.356236,2474888
youtube2007,8,dense,15,23.5714,0.176055,2.89799,725.367,83621425335.0,mixed,13.7441,311634748
youtube2007,8,dense,16,1383.0,0.193392,3.48899,42415.5,2037932693926.0,mixed,874.406,490113092
youtube2007,8,dense,17,97.8114,0.0501776,0.915818,3016.89,340644655268.0,mixed,66.0353,921770497
youtube2007,8,dense,18,0.0391622,0.089959,0.0866532,0.200697,275229.0,mixed,0.012843,101045
youtube2007,8,dense,19,0.049845,0.116155,0.0848494,0.341533,2444936.0,mixed,0.0170232,160498
youtube2007,8,dense,20,5.81715,0.390923,4.43755,160.065,1110842969.0,mixed,5.3547,57454516
youtube2007,8,dense,21,0.0851885,0.121851,0.112211,0.586601,13491868.0,mixed,0.0647751,191229
youtube2007,8,dense,22,71.2959,0.265557,3.32467,2253.81,75657970767.0,mixed,37.7192,754246955
youtube2007,8,dense,23,0.15577,0.0896453,0.343348,1.70969,4397255.0,mixed,0.078834,835382
youtube2007,8,dense,24,10.1072,0.110663,1.02959,283.213,9586384619.0,mixed,7.45714,102903231
youtube2007,8,dense,25,547.593,0.114208,1.94399,16024.9,564177933989.0,mixed,514.386,4471738571
youtube2007,8,dense,26,0.0194279,0.0859114,0.0497902,0.110677,162032.0,mixed,0.0122657,64523
youtube2007,8,dense,27,0.0620654,0.163837,0.153932,0.272408,565319.0,mixed,0.0419148,170037
youtube2007,8,dense,28,0.0132511,0.133218,0.0183156,0.0619556,209248.0,mixed,0.00514681,19428
youtube2007,8,dense,29,1.4153,0.194002,0.965574,28.4984,91068504.0,mixed,0.804333,12733042
youtube2007,8,dense,30,6.00529,0.123008,1.20533,168.948,28310969676.0,mixed,3.39142,42356542
youtube2007,8,dense,31,0.380497,0.165997,0.512737,4.40242,73058160.0,mixed,0.207325,1906223
youtube2007,8,dense,32,2.50899,0.349821,2.62522,63.3557,1468227389.0,mixed,1.18397,26722949
youtube2007,8,dense,34,553.212,0.108874,1.32293,16597.3,2054610200047.0,mixed,365.945,9597924297
youtube2007,8,dense,35,0.0448269,0.069241,0.0304446,0.233254,935485.0,mixed,0.0249654,80731
youtube2007,8,dense,37,115.941,0.436431,8.65025,3254.53,56926402385.0,mixed,86.1272,941997731
youtube2007,8,dense,38,406.627,0.270873,4.53892,11807.4,7203959831160.0,mixed,334.008,2189206770
youtube2007,8,dense,39,0.0149812,0.0508569,0.0083942,0.0462308,114182.0,mixed,0.00283099,15198
youtube2007,8,dense,40,1.70051,0.17718,0.582887,43.8962,319003190.0,mixed,0.834962,18402881
youtube2007,8,dense,41,1.40045,0.162829,1.12723,35.0717,562997708.0,mixed,0.792993,21059258
youtube2007,8,dense,42,0.561151,0.165051,0.454832,11.0043,889508800.0,mixed,0.457996,7167908
youtube2007,8,dense,43,180.056,0.140047,1.88284,5752.74,1336174314495.0,mixed,133.945,1452445606
youtube2007,8,dense,44,36.8818,0.406513,6.08608,1098.27,63603910274.0,mixed,20.1713,358911856
youtube2007,8,dense,45,7.26455,0.227981,0.977159,211.718,2729183019.0,mixed,2.90896,60022269
youtube2007,8,dense,46,59.9899,0.188924,4.14688,1896.06,507907948981.0,mixed,39.1552,571102606
youtube2007,8,dense,47,5.10203,0.346748,1.58424,146.53,8636631393.0,mixed,2.84355,47095108
youtube2007,8,dense,48,0.00441999,0.101906,0.00451185,0.0224113,11604.0,mixed,0.00287227,2293
youtube2007,8,dense,49,1038.19,0.19474,5.03621,32646.5,4928524691434.0,mixed,803.824,17740007287
youtube2007,8,dense,50,0.00912163,0.0259678,0.00656956,0.0347158,28079.0,mixed,0.0016709,13265
youtube2007,8,dense,51,2.00757,0.239455,0.772359,54.1176,1673377853.0,mixed,0.99984,28255913
youtube2007,8,dense,52,0.00381817,0.0996176,0.00459667,0.0225916,1759.0,mixed,0.00136845,1587
youtube2007,8,dense,53,0.011924,0.0939735,0.00989382,0.0325339,21807.0,mixed,0.00173777,7513
youtube2007,8,dense,54,0.835357,0.16861,1.45968,13.7648,71999588.0,mixed,0.239845,6619199
youtube2007,8,dense,55,1065.55,0.161645,1.82563,27710.8,1368243336253.0,mixed,721.96,341756857
youtube2007,8,dense,56,0.0149789,0.108632,0.00907165,0.0401978,28559.0,mixed,0.00144648,11387
youtube2007,8,dense,57,116.734,0.426996,7.19915,3725.95,296701768980.0,mixed,92.0021,1008584024
youtube2007,8,dense,58,36.4163,0.127527,0.872668,1153.7,80475040022.0,mixed,22.5516,465211560
youtube2007,8,dense,60,0.0507175,0.0659942,0.047775,0.130936,857912.0,mixed,0.0128327,39275
youtube2007,8,dense,61,598.252,0.472971,9.76972,17517.0,22208852683894.0,mixed,425.731,3699184168
youtube2007,8,dense,62,0.230548,0.0823666,0.0705309,3.97087,28048280.0,mixed,0.1916,2601663
youtube2007,8,dense,63,0.254096,0.157979,0.384439,3.74216,76220983.0,mixed,0.201292,2376542
youtube2007,8,dense,64,0.171239,0.118112,0.561888,1.48832,11603776.0,mixed,0.0923218,884190
youtube2007,8,dense,65,1507.02,0.433224,11.6344,44963.5,57614737718224.0,mixed,979.756,14355094653
youtube2007,8,dense,67,0.128113,0.13296,0.195293,1.35756,5624892.0,mixed,0.0874024,943648
youtube2007,8,dense,68,0.138933,0.158633,0.145619,0.741387,9340899.0,mixed,0.0688082,357521
youtube2007,8,dense,69,0.0874021,0.123276,0.158945,0.53529,1232423.0,mixed,0.068494,275381
youtube2007,8,dense,70,429.782,0.139016,1.68968,10945.5,591448566080.0,mixed,266.916,105376471
youtube2007,8,dense,72,227.907,0.095597,1.30203,6383.14,1250100763806.0,mixed,144.866,2883714051
youtube2007,8,dense,73,0.0570679,0.0650369,0.0440456,0.259405,12950230.0,mixed,0.0174573,127709
youtube2007,8,dense,74,105.989,0.186195,4.02535,3126.35,1323420786930.0,mixed,86.9665,796373847
youtube2007,8,dense,75,0.0406435,0.118531,0.111892,0.17155,1030088.0,mixed,0.0042056,87662
youtube2007,8,dense,76,62.6446,0.0991275,1.52252,1844.87,28290121663.0,mixed,43.5212,1021716949
youtube2007,8,dense,77,61.4226,0.244381,3.70609,1922.46,15568474914.0,mixed,33.5653,498929488
youtube2007,8,dense,78,2.38658,0.08824,0.313176,43.4367,4656768079.0,mixed,2.04176,25601925
youtube2007,8,dense,79,1.00054,0.157413,0.617627,20.689,4407631213.0,mixed,0.757434,11151117
youtube2007,8,dense,80,517.343,0.156154,2.00757,15399.5,772714916775.0,mixed,459.605,209722949
youtube2007,8,dense,81,20.362,0.332689,4.44222,526.308,4925662512.0,mixed,5.77309,335285915
youtube2007,8,dense,82,915.555,0.122786,1.60103,28986.7,1281878043670.0,mixed,689.794,273525819
youtube2007,8,dense,84,2.51171,0.163727,1.57621,71.3483,5765328428.0,mixed,1.72659,25854500
youtube2007,8,dense,85,0.0842225,0.183181,0.142017,1.02908,22180859.0,mixed,0.0677428,590695
youtube2007,8,dense,86,18.6824,0.355146,6.56467,575.117,20871361977.0,mixed,13.9813,195847131
youtube2007,8,dense,87,0.449597,0.103264,0.0769229,9.44374,568386735.0,mixed,0.282289,3062359
youtube2007,8,dense,89,4.58812,0.165896,2.16891,129.648,726753039.0,mixed,2.30134,34466775
youtube2007,8,dense,90,0.00915513,0.0901634,0.0078382,0.0257776,3698.0,mixed,0.000867638,2681
youtube2007,8,dense,91,8.26421,0.132461,1.92471,252.461,14065865196.0,mixed,5.57713,52294276
youtube2007,8,dense,92,24.6802,0.167166,1.89692,767.472,14718039248.0,mixed,16.152,274334131
youtube2007,8,dense,94,1.09291,0.19979,1.41383,18.974,128830004.0,mixed,0.627701,9148897
youtube2007,8,dense,95,1.63084,0.152567,0.64605,45.9411,8128678614.0,mixed,1.17655,12011045
youtube2007,8,dense,96,744.153,0.453229,8.4577,23541.1,107344189179706.0,mixed,609.933,5334756871
youtube2007,8,dense,97,323.556,0.450747,11.7063,9795.33,11551852297414.0,mixed,242.498,1125475907
youtube2007,8,dense,98,2.28815,0.0414311,0.142429,51.0543,3867011564.0,mixed,1.57725,18316199
youtube2007,8,dense,99,0.0195493,0.0646525,0.0146737,0.060115,21995.0,mixed,0.00121166,21625
youtube2007,8,dense,100,386.35,0.130296,2.59803,11471.7,1695310095988.0,mixed,333.04,3633414284
youtube2007,8,sparse,1,0.0526814,0.0873532,0.0428494,0.387432,6801281.0,mixed,0.012833,136691
youtube2007,8,sparse,2,4.47201,0.171421,1.50256,97.1797,21830099425.0,mixed,2.55496,35379296
youtube2007,8,sparse,5,0.543001,0.0495331,0.0701087,8.31683,447209421.0,mixed,0.515358,453510
youtube2007,8,sparse,6,0.145772,0.215979,0.319214,1.53577,202680341.0,mixed,0.0623047,511171
youtube2007,8,sparse,7,0.0580771,0.119402,0.0574883,0.376572,94999955.0,mixed,0.0301712,124851
youtube2007,8,sparse,8,2.06876,0.0885482,0.796108,50.8222,2025500362.0,mixed,1.25315,17306312
youtube2007,8,sparse,10,0.00399868,0.105997,0.00320518,0.0134057,38499.0,mixed,0.00156452,668
youtube2007,8,sparse,11,853.782,0.0855174,1.28237,24082.6,592603075835.0,mixed,698.729,6025297600
youtube2007,8,sparse,12,133.698,0.135494,3.82113,3967.14,125775247941.0,mixed,113.419,1380788332
youtube2007,8,sparse,13,9.15339,0.1964,6.95588,272.858,1556865196.0,mixed,6.54343,75268404
youtube2007,8,sparse,14,14.8693,0.332637,5.55711,410.806,10218984832.0,mixed,13.0219,68248741
youtube2007,8,sparse,15,0.0965423,0.159123,0.410627,0.780991,388611357.0,mixed,0.0389681,311711
youtube2007,8,sparse,16,3.45672,0.230329,3.06815,67.7068,719194911.0,mixed,1.94703,33904459
youtube2007,8,sparse,17,174.776,0.0414688,0.535657,4892.89,395398561981.0,mixed,151.637,59382666
youtube2007,8,sparse,18,135.378,0.114308,0.303288,279.835,24488001449.0,mixed,134.977,18266082
youtube2007,8,sparse,19,0.0389656,0.149265,0.162117,0.295187,80157.0,mixed,0.0254723,166204
youtube2007,8,sparse,20,82.8571,0.337003,3.83499,2281.01,162093380792.0,mixed,69.9625,20940111
youtube2007,8,sparse,21,0.122833,0.0969308,0.130126,1.21967,7542769.0,mixed,0.0963445,434928
youtube2007,8,sparse,23,0.0810171,0.170194,0.158426,0.645832,6328838.0,mixed,0.0502568,223224
youtube2007,8,sparse,24,4.20168,0.173302,3.17815,119.75,7629220299.0,mixed,2.79685,32983588
youtube2007,8,sparse,25,1.2665,0.0481171,0.428288,29.6371,1923620631.0,mixed,0.781067,10653355
youtube2007,8,sparse,26,0.392061,0.171073,0.84608,6.12983,77866313.0,mixed,0.129656,1969626
youtube2007,8,sparse,27,87.8573,0.0473362,0.675428,2795.32,424039097103.0,mixed,68.4675,542766045
youtube2007,8,sparse,28,1.49802,0.220634,1.85372,35.147,30794348148.0,mixed,0.718646,11299179
youtube2007,8,sparse,29,0.0374995,0.0606663,0.0583232,0.196289,262205.0,mixed,0.00738659,65937
youtube2007,8,sparse,30,523.436,0.341705,7.75396,15611.0,1553252338654.0,mixed,452.482,4223557815
youtube2007,8,sparse,31,1.7749,0.384706,2.1824,37.6204,5859646000.0,mixed,1.31487,11324190
youtube2007,8,sparse,32,8.9774,0.16598,0.485379,267.081,12519768722.0,mixed,6.60801,7771010
youtube2007,8,sparse,33,0.178776,0.0833335,0.181607,0.813986,84169176.0,mixed,0.0483604,336948
youtube2007,8,sparse,34,0.0931059,0.0660523,0.0995292,0.715172,1507735.0,mixed,0.0444166,314743
youtube2007,8,sparse,35,1032.26,0.15394,3.90847,30385.4,11081586194963.0,mixed,837.11,6272826665
youtube2007,8,sparse,36,2.02836,0.305042,2.08864,45.9729,522870260.0,mixed,1.46196,20096093
youtube2007,8,sparse,38,7.67174,0.356711,4.44826,188.198,263842843252.0,mixed,7.17894,30162260
youtube2007,8,sparse,39,0.00670764,0.104062,0.00566023,0.0217086,3037.0,mixed,0.00141135,1969
youtube2007,8,sparse,40,1.43646,0.184367,1.92046,28.7731,56562762953.0,mixed,0.531957,9231642
youtube2007,8,sparse,41,0.86437,0.170278,1.2039,14.7175,96660576.0,mixed,0.444828,6310881
youtube2007,8,sparse,42,27.9778,0.0917319,0.706365,700.836,54161194333.0,mixed,20.9561,9258130
youtube2007,8,sparse,43,7.35007,0.139039,0.848586,208.699,5519602526.0,mixed,5.66379,15661209
youtube2007,8,sparse,44,3.93568,0.21166,3.97532,65.9431,15269104973.0,mixed,3.22768,28439320
youtube2007,8,sparse,45,0.390738,0.166543,0.415218,7.45164,119899767.0,mixed,0.226968,2511390
youtube2007,8,sparse,46,1.1353,0.349064,2.45592,13.1426,72308120782.0,mixed,0.343898,4989882
youtube2007,8,sparse,47,0.0185668,0.0978757,0.0390375,0.0660695,33738.0,mixed,0.00158105,9582
youtube2007,8,sparse,48,69.6831,0.394527,4.40545,2183.07,1125141331153.0,mixed,46.3954,692641937
youtube2007,8,sparse,49,0.222916,0.179883,0.440047,1.93944,36084522.0,mixed,0.0892405,756525
youtube2007,8,sparse,50,19.3919,0.364495,6.05303,603.808,47409265568.0,mixed,14.8668,184973129
youtube2007,8,sparse,51,7.92428,0.122598,1.76523,236.548,34136792637.0,mixed,5.1249,68126824
youtube2007,8,sparse,52,192.103,0.11025,2.00514,5818.72,4597625712847.0,mixed,172.127,669086676
youtube2007,8,sparse,53,1.43487,0.322798,1.90451,23.9536,374533618.0,mixed,1.2132,11889519
youtube2007,8,sparse,54,0.0270477,0.133955,0.0938656,0.169178,175996.0,mixed,0.0169197,67286
youtube2007,8,sparse,55,0.0102517,0.079008,0.0104436,0.0329072,74901.0,mixed,0.00347563,8764
youtube2007,8,sparse,56,513.871,0.242004,5.66728,16082.5,10766163506750.0,mixed,328.579,2567243995
youtube2007,8,sparse,57,20.4422,0.16462,2.59315,530.784,52709740498.0,mixed,16.2126,154113277
youtube2007,8,sparse,58,0.0144587,0.125762,0.0148977,0.0548562,618334.0,mixed,0.00157584,14662
youtube2007,8,sparse,59,0.0226624,0.138848,0.0510984,0.092749,384423.0,mixed,0.00234392,19008
youtube2007,8,sparse,60,178.331,0.338915,12.7311,5338.4,7349241216191.0,mixed,100.425,2558752906
youtube2007,8,sparse,61,0.358475,0.110943,0.469995,4.88765,50360120.0,mixed,0.156567,1819273
youtube2007,8,sparse,62,3.59571,0.237454,0.953968,97.5925,5819592620.0,mixed,2.29605,5937663
youtube2007,8,sparse,63,2.97198,0.126,0.526626,85.358,23493698397.0,mixed,2.72543,10663892
youtube2007,8,sparse,64,186.873,0.331045,4.55669,5203.72,275992254589.0,mixed,137.645,42325215
youtube2007,8,sparse,65,46.6631,0.332044,8.28507,1441.33,2072067943225.0,mixed,37.3647,458935525
youtube2007,8,sparse,66,1.90215,0.139637,0.968117,50.2894,11125542072.0,mixed,1.13929,9163344
youtube2007,8,sparse,67,2.84596,0.324807,1.55937,64.4763,4045457427.0,mixed,2.28062,31815002
youtube2007,8,sparse,68,61.3523,0.0382863,1.16457,1520.17,95415247450.0,mixed,57.164,198500418
youtube2007,8,sparse,69,0.0309134,0.0928164,0.0588291,0.142448,771568.0,mixed,0.0123113,49367
youtube2007,8,sparse,70,4.80283,0.0856406,1.11215,123.264,13082101753.0,mixed,2.09212,30300589
youtube2007,8,sparse,71,0.0183185,0.0978077,0.0356363,0.0681679,26132.0,mixed,0.00122966,11579
youtube2007,8,sparse,72,267.504,0.113443,2.62566,5931.41,593219625388.0,mixed,163.929,49278744
youtube2007,8,sparse,73,80.2237,0.0398784,0.302924,2540.27,247214941549.0,mixed,68.1362,677251703
youtube2007,8,sparse,74,0.528047,0.12947,0.803226,9.04754,217146748.0,mixed,0.216939,5398557
youtube2007,8,sparse,75,0.695927,0.0915867,0.49186,5.68245,32165271.0,mixed,0.16508,2924596
youtube2007,8,sparse,76,524.452,0.0815643,1.22593,15136.1,5735778233726.0,mixed,360.423,2585385440
youtube2007,8,sparse,77,0.342852,0.166858,1.09379,3.49951,19720066.0,mixed,0.142681,1403189
youtube2007,8,sparse,78,0.515018,0.134668,0.386203,7.84365,278106771.0,mixed,0.258644,3309073
youtube2007,8,sparse,79,0.0246832,0.0537864,0.0264922,0.149781,1019974.0,mixed,0.00431429,41142
youtube2007,8,sparse,80,574.904,0.177788,4.92633,16807.9,4754887170343.0,mixed,315.644,3436878650
youtube2007,8,sparse,81,0.627954,0.100882,0.950385,10.6081,34042831.0,mixed,0.385726,4932434
youtube2007,8,sparse,82,0.431257,0.127936,0.751303,3.70964,28641757082.0,mixed,0.111745,1016095
youtube2007,8,sparse,84,0.00979656,0.102684,0.00930414,0.0351528,120209.0,mixed,0.00132854,7607
youtube2007,8,sparse,85,0.00409185,0.101919,0.00397168,0.021062,2042.0,mixed,0.00118463,649
youtube2007,8,sparse,86,6.02429,0.0799885,0.76401,169.995,8692214281.0,mixed,4.83257,61307457
youtube2007,8,sparse,87,1.51621,0.164218,1.42881,29.7114,633763305.0,mixed,0.995688,19333262
youtube2007,8,sparse,88,0.91264,0.343661,3.23967,14.8934,256382988.0,mixed,0.49171,8030240
youtube2007,8,sparse,89,0.0476304,0.0724095,0.011641,0.0945035,157728.0,mixed,0.00137622,2956
youtube2007,8,sparse,90,96.2461,0.344597,11.1269,3053.91,7977142375551.0,mixed,79.6179,734434298
youtube2007,8,sparse,91,14.8753,0.271077,1.69408,460.627,45977734959.0,mixed,13.293,122613997
youtube2007,8,sparse,92,1192.85,0.153117,4.95309,37278.1,13329894188062.0,mixed,938.675,6540205388
youtube2007,8,sparse,94,0.0732051,0.272273,0.189517,0.363846,1024858.0,mixed,0.0339318,121084
youtube2007,8,sparse,95,9.58315,0.231901,3.96228,285.669,198348860155.0,mixed,6.06903,106967002
youtube2007,8,sparse,97,1.75305,0.186286,0.999675,35.4772,654489893.0,mixed,0.973942,9697809
youtube2007,8,sparse,99,0.142282,0.0769304,0.154832,0.77237,10737740.0,mixed,0.0200404,269498
youtube2007,8,sparse,100,883.379,0.173534,3.58216,27140.0,11472287969713.0,mixed,664.98,5941029763
