dataset,query_size,query_mode,query_index,elapsed_execution_time,filter_time,plan_time,enumerate_time,n_embeddings,order,max_task_time,n_intersections
youtube2007,12,dense,1,705.227,0.30421,0.986644,19629.1,1077369785665,mixed,602.568,4015490362
youtube2007,12,dense,3,4.53588,0.222379,0.144706,104.667,11404505557,mixed,3.83308,40413831
youtube2007,12,dense,4,0.468528,0.123254,0.0146928,1.07256,55120515,mixed,0.414047,353026
youtube2007,12,dense,6,32.634,0.438848,1.03415,867.381,278457777990,mixed,24.1521,244356960
youtube2007,12,dense,7,3.08797,0.154431,0.0571708,71.0513,2545912333,mixed,1.47335,43048903
youtube2007,12,dense,9,0.343228,0.142661,0.0403314,2.88804,19129765,mixed,0.214729,2204660
youtube2007,12,dense,10,0.1039,0.201427,0.0365316,0.492034,123680567,mixed,0.102246,350076
youtube2007,12,dense,11,250.186,0.447979,0.442091,6932.14,6883089195451,mixed,182.647,76731323
youtube2007,12,dense,14,0.00113074,0.117262,0.00210597,0.000934793,19773,5 3 2 8 6 7 9 1 0 4 10 11 ,0.000934793,508
youtube2007,12,dense,15,0.0100259,0.0643879,0.00485117,0.0107676,1900800,mixed,0.00985078,6029
youtube2007,12,dense,18,2.69938,0.197919,0.0585189,63.6225,11585127534,mixed,1.75791,10572415
youtube2007,12,dense,20,151.878,0.170124,0.255176,3549.27,2014335185181,mixed,68.5834,1253850000
youtube2007,12,dense,22,0.000950656,0.102195,0.00174604,0.000582658,90,10 9 3 6 7 8 5 1 0 4 11 2 ,0.000582658,50
youtube2007,12,dense,24,0.455175,0.0865913,0.0217783,1.92616,32987174,mixed,0.227326,961430
youtube2007,12,dense,27,0.00173484,0.105946,0.002519,0.00517481,600,1 4 5 6 7 2 9 8 0 3 10 11 ,0.00145427,297
youtube2007,12,dense,28,0.301712,0.116361,0.0123118,0.646933,3860614,mixed,0.214503,403376
youtube2007,12,dense,29,0.00263129,0.12194,0.00737607,0.00467404,810,mixed,0.00238696,2296
youtube2007,12,dense,30,0.449883,0.187352,0.0526448,2.30767,18957101,mixed,0.237408,610698
youtube2007,12,dense,32,0.000734722,0.105898,0.00194144,0.000557057,108,1 3 5 2 4 8 9 0 7 6 10 11 ,0.000557057,55
youtube2007,12,dense,33,122.807,0.144728,0.0792309,3772.43,239406878031,mixed,86.6909,19361048
youtube2007,12,dense,34,66.925,0.1037,0.0690574,1996.59,103755408943,mixed,53.1501,758129065
youtube2007,12,dense,36,2.65026,0.333632,0.281271,62.9562,15614261899,mixed,2.43065,28895486
youtube2007,12,dense,38,75.8671,0.135193,0.214329,1944.43,867952961133,mixed,54.1098,1303366057
youtube2007,12,dense,39,3.12476,0.112344,0.108847,85.8725,1505392123,mixed,1.13901,12099719
youtube2007,12,dense,40,2.23969,0.16143,0.132705,54.7299,85671788390,mixed,2.13857,35250631
youtube2007,12,dense,42,40.4213,0.499581,0.51018,1037.83,264913885484,mixed,29.4603,497318073
youtube2007,12,dense,47,0.0753322,0.149603,0.0223029,0.443334,31755754,mixed,0.0730181,190975
youtube2007,12,dense,48,21.3811,0.159779,0.191645,575.142,157454094524,mixed,17.1599,220424478
youtube2007,12,dense,51,0.167815,0.176176,0.0274031,0.389962,110609,mixed,0.167072,198937
youtube2007,12,dense,52,0.0138448,0.171831,0.023077,0.200903,6081,mixed,0.0130445,23208
youtube2007,12,dense,53,237.934,0.147388,0.451272,7261.46,9204090830327,mixed,218.752,3635302313
youtube2007,12,dense,54,2.59832,0.203277,0.227635,59.0921,9811535971,mixed,2.09354,19557936
youtube2007,12,dense,56,0.897159,0.139699,0.15558,17.6474,509545688124,mixed,0.414103,5510343
youtube2007,12,dense,58,117.25,0.19624,0.584392,3562.49,64389808277,mixed,81.8016,1792263110
youtube2007,12,dense,61,29.4357,0.225,0.12058,779.775,64893882097,mixed,18.2348,44972491
youtube2007,12,dense,62,1.09047,0.121418,0.0163451,17.6168,1416231241267,mixed,0.702016,7351070
youtube2007,12,dense,66,0.0077781,0.0872587,0.00395828,0.00756134,1030477,mixed,0.00754811,3214
youtube2007,12,dense,67,0.0484057,0.153153,0.0253159,0.528993,190052,mixed,0.0478385,104717
youtube2007,12,dense,68,0.360791,0.161102,0.0490558,2.14987,41163873,mixed,0.213423,1422723
youtube2007,12,dense,69,3.75248,0.190888,0.0516843,102.1,4159957634,mixed,2.69097,66512356
youtube2007,12,dense,71,1421.23,0.746186,3.48979,38805.4,9703576678406,mixed,1050.8,20173942855
youtube2007,12,dense,72,0.0954677,0.117271,0.0182802,0.223832,2931261,mixed,0.0946549,203283
youtube2007,12,dense,75,2.5224,0.230887,0.245494,66.0565,364484990,mixed,1.88078,52837376
youtube2007,12,dense,82,0.156351,0.13583,0.0388758,0.757293,116266260,mixed,0.153525,640689
youtube2007,12,dense,87,12.4493,0.113061,0.0694755,347.075,613207489181,mixed,4.40453,134978554
youtube2007,12,dense,88,6.01289,0.212066,0.013821,163.58,6592303776,mixed,5.10715,12221686
youtube2007,12,dense,89,0.0519018,0.100227,0.0169975,0.0716647,371898,mixed,0.0513937,94592
youtube2007,12,dense,90,0.0494245,0.14469,0.021015,0.124189,4149928,mixed,0.0487992,79380
youtube2007,12,dense,93,16.5568,0.185719,0.0941773,455.075,46894768211,mixed,11.0379,345678041
youtube2007,12,sparse,1,0.050231,0.156218,0.0252755,0.154513,13714975,mixed,0.0485642,110835
youtube2007,12,sparse,2,196.791,0.476506,0.865419,4714.0,158482373756719,mixed,185.82,1364479175
youtube2007,12,sparse,3,0.802185,0.149125,0.115504,16.5177,2460235982,mixed,0.508281,4244091
youtube2007,12,sparse,4,0.000589253,0.0727375,0.00188279,0.000472267,0,4 3 1 7 11 6 2 0 5 10 9 8 ,0.000472267,3
youtube2007,12,sparse,7,29.0932,0.336085,1.16473,804.576,975295834234,mixed,19.9974,244854331
youtube2007,12,sparse,8,9.50473,0.251236,0.596871,286.825,13557552905479,mixed,7.21389,105208555
youtube2007,12,sparse,9,0.0318919,0.191019,0.0370212,0.186457,3328210,mixed,0.0262603,91900
youtube2007,12,sparse,10,0.0449758,0.163601,0.0217135,0.0859107,4526967,mixed,0.0445268,134367
youtube2007,12,sparse,11,0.0739183,0.051103,0.00476146,0.0763033,2570400,mixed,0.0737205,104153
youtube2007,12,sparse,13,767.881,0.228707,0.335834,20563.2,2205366019593,mixed,293.601,7802682974
youtube2007,12,sparse,14,0.00224471,0.136727,0.00859873,0.00765253,93744,mixed,0.00192858,1514
youtube2007,12,sparse,18,0.0454469,0.207112,0.0270456,0.139254,4450907,mixed,0.0442436,88458
youtube2007,12,sparse,20,4.40105,0.409582,0.921842,119.161,72397121361,mixed,3.29956,40417394
youtube2007,12,sparse,22,0.172665,0.0864825,0.00351128,0.363826,75889924,7 0 2 1 5 4 3 8 10 9 6 11 ,0.172221,170619
youtube2007,12,sparse,25,0.181455,0.153617,0.0898477,0.993516,66315571,mixed,0.173529,592155
youtube2007,12,sparse,26,0.0454431,0.117647,0.020604,0.0765679,2039836,mixed,0.045013,69108
youtube2007,12,sparse,27,0.00178323,0.0902535,0.0065476,0.00451309,1664,mixed,0.00157071,789
youtube2007,12,sparse,29,0.00173144,0.0978642,0.00341487,0.00207236,372064,mixed,0.00136,732
youtube2007,12,sparse,31,1417.72,0.212444,0.728514,31776.9,12808977339657,mixed,836.151,1589166000
youtube2007,12,sparse,32,10.2695,0.10782,0.00783161,10.3943,1127664096,mixed,10.2691,26249
youtube2007,12,sparse,35,0.424338,0.128441,0.0422056,2.26188,31139202,mixed,0.40755,814542
youtube2007,12,sparse,36,13.9349,0.204368,0.394306,385.494,284959837902,mixed,11.2935,143641112
youtube2007,12,sparse,37,18.3838,0.175866,0.415649,459.282,46850394612,mixed,9.21035,212981842
youtube2007,12,sparse,38,792.112,0.0944093,0.200438,20243.5,866345872650,mixed,728.346,398136510
youtube2007,12,sparse,40,3.17419,0.183083,0.160502,83.1113,10514324563,mixed,2.90273,40383476
youtube2007,12,sparse,41,10.9819,0.143633,0.344282,284.151,118890186178,mixed,10.063,24213525
youtube2007,12,sparse,43,0.00265572,0.0699198,0.00343843,0.00302026,208352,mixed,0.00219051,1346
youtube2007,12,sparse,44,0.00127838,0.1053,0.00431183,0.00199542,2,mixed,0.00104129,88
youtube2007,12,sparse,45,93.642,0.311935,0.59755,2911.76,240755337509,mixed,73.2838,145946286
youtube2007,12,sparse,46,600.126,0.6068,3.40262,18381.6,2885302888016,mixed,524.687,6699263157
youtube2007,12,sparse,47,1636.68,0.463779,0.125838,44244.4,5951534207078,mixed,909.404,52147968
youtube2007,12,sparse,48,3.21506,0.203876,0.165285,47.6891,5248796411,mixed,2.92274,3105462
youtube2007,12,sparse,49,867.767,0.623568,4.88112,27181.8,3642990098837,mixed,472.364,9656235958
youtube2007,12,sparse,52,1.1982,0.294747,0.295471,22.6425,1419130295,mixed,0.767441,10093095
youtube2007,12,sparse,54,0.51498,0.268701,0.387909,8.61234,669952142,mixed,0.404304,4292528
youtube2007,12,sparse,55,1130.53,0.456092,1.94896,33055.3,3037757573292,mixed,1052.64,2739629009
youtube2007,12,sparse,59,15.3187,0.459611,1.28501,392.967,762815377418,mixed,11.6234,147804160
youtube2007,12,sparse,62,1.39182,0.181238,0.287105,29.7688,189506383429,mixed,1.0574,14851021
youtube2007,12,sparse,63,232.13,0.529494,2.11892,6975.08,386503894921,mixed,170.334,3045529270
youtube2007,12,sparse,65,64.1192,0.427486,1.74808,1594.95,144176551129,mixed,27.3665,541986250
youtube2007,12,sparse,66,0.112632,0.0705299,0.0110572,0.158763,13459718,mixed,0.112239,184983
youtube2007,12,sparse,68,1292.77,0.219287,1.33007,38024.0,523186023420306,mixed,995.719,15259155948
youtube2007,12,sparse,69,1022.98,0.19378,0.941552,32675.2,23980264457687,mixed,968.943,7832791392
youtube2007,12,sparse,70,10.693,0.356806,0.975799,314.485,29555453878,mixed,7.79558,104702411
youtube2007,12,sparse,72,30.1283,0.0937369,0.0772079,677.302,94862458453,mixed,23.5855,112350942
youtube2007,12,sparse,74,0.601452,0.0853833,0.0116928,5.00361,15737177656,mixed,0.2942,1724511
youtube2007,12,sparse,76,335.936,0.194253,0.18519,10541.2,723379700777,mixed,192.42,3784696079
youtube2007,12,sparse,79,17.0711,0.0735105,0.0510753,471.816,37690482509,mixed,14.9283,34326441
youtube2007,12,sparse,80,204.136,0.259399,0.991801,5599.43,30094985052585,mixed,166.131,1373960876
youtube2007,12,sparse,82,1.80892,0.256392,0.19656,37.887,22165352608,mixed,1.17536,12171727
youtube2007,12,sparse,83,38.0109,0.274787,1.14148,1009.29,85581877827,mixed,26.6786,306692777
youtube2007,12,sparse,85,0.291704,0.113241,0.0236026,0.752251,817317851,mixed,0.210896,223947
youtube2007,12,sparse,88,0.132444,0.0931057,0.0146956,0.144519,15820437,mixed,0.132131,86974
youtube2007,12,sparse,90,232.171,0.0828422,0.0682454,5979.88,705804569530,mixed,136.055,191436287
youtube2007,12,sparse,93,0.227081,0.290129,0.209814,2.14066,334168173815,mixed,0.208745,942330
youtube2007,12,sparse,94,0.299412,0.252043,0.0491534,2.29552,26651084,mixed,0.215073,1042025
