dataset,query_size,query_mode,query_index,elapsed_execution_time,filter_time,plan_time,enumerate_time,n_embeddings,order,max_task_time,n_intersections
human,8,dense,1,0.953522,0.00882294,0.0025439,18.5425,4104560319,0 6 1 2 3 7 4 5 ,0.713287,3609566
human,8,dense,2,2.63899,0.0152804,0.00571043,79.7297,135118306,mixed,1.25489,41734476
human,8,dense,3,0.327521,0.00470867,0.0015752,0.377198,6306706800,2 0 1 3 5 7 4 6 ,0.203858,175804
human,8,dense,4,0.423571,0.00785956,0.00186898,0.984648,91743660,0 1 2 3 4 5 7 6 ,0.252407,424397
human,8,dense,5,19.8561,0.0119905,0.00314737,602.837,236133137485,7 0 1 2 3 4 5 6 ,19.1668,100430956
human,8,dense,6,0.00377615,0.0025705,0.0013346,0.0036676,330225,1 0 2 6 7 3 4 5 ,0.0036676,32
human,8,dense,7,0.00103393,0.00235382,0.00106412,0.00087444,68531400,5 6 4 1 0 2 3 7 ,0.00087444,138
human,8,dense,8,251.488,0.0117316,0.00342625,8031.36,23513204524,0 3 4 1 2 5 6 7 ,123.985,2029147733
human,8,dense,9,16.3187,0.00809784,0.00292028,468.402,30929486173,7 6 4 0 1 2 3 5 ,15.3496,194585495
human,8,dense,11,15.8092,0.0102956,0.00370621,494.824,5273250577,mixed,10.3767,7734764
human,8,dense,12,1.97311,0.00351755,0.00123558,1.97287,344150688,7 3 0 1 2 4 5 6 ,1.97287,795
human,8,dense,13,100.4,0.0121919,0.00646388,3198.88,6640508456,0 1 2 3 4 5 6 7 ,63.9626,1251864427
human,8,dense,14,15.4677,0.00536329,0.00266851,35.5834,1899003419,mixed,15.4673,17827459
human,8,dense,15,1.84174,0.00452313,0.00141487,45.7512,154757235,0 2 6 4 7 1 3 5 ,1.47863,12438766
human,8,dense,16,0.000586282,0.00357246,0.000987838,0.000438947,1080,1 2 5 7 0 3 4 6 ,0.000438947,68
human,8,dense,17,9.77599,0.0155243,0.00748542,285.929,324152494091,mixed,6.00176,89423866
human,8,dense,18,145.637,0.0125644,0.00442625,4657.9,241965450371,5 6 0 1 2 3 4 7 ,89.5027,1691881964
human,8,dense,19,83.9503,0.0101294,0.00352263,2610.76,163255197941,mixed,82.9369,684286
human,8,dense,20,399.147,0.0194015,0.00559937,12764.2,56916340083,0 7 2 3 1 4 5 6 ,239.754,3852490833
human,8,dense,21,1.95738,0.00341507,0.0012515,1.95715,344150688,7 3 0 1 2 4 5 6 ,1.95715,795
human,8,dense,22,59.41,0.0128032,0.00357368,1887.44,6245683416,0 5 6 1 2 3 4 7 ,25.5229,466085052
human,8,dense,23,0.941831,0.00404253,0.00161995,0.941613,164388000,3 5 7 0 4 6 1 2 ,0.941613,55460
human,8,dense,24,311.505,0.0210356,0.00701714,9936.28,38562572660,0 7 2 1 3 4 5 6 ,126.69,3095741865
human,8,dense,25,56.6628,0.013652,0.006393,1528.83,9774626326867,mixed,52.3243,190543032
human,8,dense,26,22.3453,0.00924782,0.00369764,22.3521,22147186974,mixed,22.345,7174702
human,8,dense,27,1.05392,0.00688346,0.00184037,19.0691,552624748,5 0 1 7 2 3 4 6 ,0.832263,3951591
human,8,dense,28,25.2084,0.00408015,0.00123088,25.2082,4711983160,0 1 2 3 4 5 6 7 ,25.2082,3966
human,8,dense,29,0.642674,0.0084939,0.00318061,9.59413,220264654170,mixed,0.351623,2110844
human,8,dense,30,8.27595,0.00810468,0.00297751,255.166,955510248,7 0 1 5 2 3 4 6 ,3.93848,79329202
human,8,dense,31,2.18364,0.0105332,0.00386153,60.007,185098300171,mixed,1.58245,11750849
human,8,dense,32,197.948,0.0188228,0.00371189,6326.93,1865460502530,5 1 3 4 0 2 6 7 ,191.434,1004266014
human,8,dense,33,161.016,0.011305,0.00462075,3808.43,255329375247,mixed,144.517,753443649
human,8,dense,34,1.86614,0.0072696,0.00191845,46.5822,301180362,7 0 1 2 3 4 5 6 ,1.16471,13760293
human,8,dense,35,24.395,0.0162424,0.00634566,706.376,31792370700,mixed,19.3437,4524688
human,8,dense,36,184.064,0.00610135,0.00148633,184.063,31114478472,7 3 0 1 2 4 5 6 ,184.063,11533
human,8,dense,37,0.072721,0.00602716,0.00156221,0.0725526,1884636600,6 7 3 0 1 2 4 5 ,0.0725526,25374
human,8,dense,38,53.9787,0.0104673,0.00345261,1678.02,18966340275,0 6 1 2 3 4 5 7 ,52.6171,25317554
human,8,dense,39,0.443156,0.00306669,0.00137497,1.73806,872355969,0 1 2 3 6 7 4 5 ,0.227085,882175
human,8,dense,40,0.00689062,0.00406939,0.00131129,0.00672794,36326400,0 2 4 1 3 6 5 7 ,0.00672794,2840
human,8,dense,41,0.125232,0.00607335,0.0017422,0.125078,33420889040,7 0 1 2 3 4 5 6 ,0.125078,43491
human,8,dense,42,0.17083,0.00780871,0.00200437,0.170629,51921828,2 5 6 7 3 4 1 0 ,0.170629,108088
human,8,dense,43,15.153,0.00873891,0.0036734,17.3876,11041254099,mixed,15.1514,8846159
human,8,dense,44,1.18572,0.00956934,0.00517349,23.7849,744152203,mixed,0.770349,8014892
human,8,dense,45,0.00101935,0.00236331,0.00109312,0.000857673,13500,5 0 6 1 2 3 7 4 ,0.000857673,436
human,8,dense,46,3.28866,0.00377427,0.00126222,3.28852,241741500,5 7 0 1 2 3 4 6 ,3.28852,26690
human,8,dense,47,6.1136,0.0180524,0.00850111,189.94,2496355726,mixed,4.55427,97530819
human,8,dense,48,0.051711,0.00495381,0.00191384,0.197906,454256,2 7 0 1 3 4 5 6 ,0.0514956,117665
human,8,dense,49,0.0721265,0.00314873,0.00113308,0.0719117,268903008,0 1 2 3 6 7 4 5 ,0.0719117,28718
human,8,dense,50,14.5776,0.0110064,0.00385379,451.666,39301202230,mixed,13.6656,147809473
human,8,dense,51,0.423845,0.00703276,0.00222797,0.810206,7037852577,1 3 4 2 0 6 7 5 ,0.209288,266224
human,8,dense,52,28.8035,0.00770259,0.00307745,914.029,136545915289,0 5 6 1 7 2 3 4 ,22.5059,190631982
human,8,dense,53,13.0073,0.0101635,0.00399759,410.228,965521519,mixed,9.30687,110951748
human,8,dense,54,1.01156,0.00906679,0.00197257,16.4454,10730691346,1 5 2 3 6 0 4 7 ,0.430535,2582540
human,8,dense,55,1.98438,0.00344067,0.00125414,1.98414,344150688,7 3 0 1 2 4 5 6 ,1.98414,795
human,8,dense,56,7.87843,0.00871416,0.00285305,243.138,21500964608,0 1 6 2 3 4 5 7 ,6.26982,49013316
human,8,dense,57,167.072,0.0174715,0.00469834,5337.46,970854081446,0 3 1 2 4 5 6 7 ,99.2493,1322334478
human,8,dense,58,4.60177,0.00729003,0.0019043,136.789,24163956664,3 1 2 6 4 5 7 0 ,2.27391,27644480
human,8,dense,59,103.245,0.0155789,0.00550565,3265.59,14795058895,0 7 1 2 3 4 5 6 ,93.0718,772320624
human,8,dense,60,0.000678206,0.00155464,0.00126665,0.000798396,16,0 1 2 3 6 7 4 5 ,0.000549276,526
human,8,dense,61,0.00134725,0.00276373,0.000982761,0.00125987,133640,0 4 3 2 1 5 7 6 ,0.00125987,714
human,8,dense,62,98.0368,0.0132469,0.00499327,3133.37,231558516504,0 1 2 3 5 4 6 7 ,78.4559,1233724865
human,8,dense,63,1.57468,0.00423041,0.0026075,40.5232,40779579,mixed,1.10871,20192354
human,8,dense,64,1.84117,0.00833274,0.00257491,44.7192,28447253841,3 0 1 4 5 6 7 2 ,1.23996,22873575
human,8,dense,65,28.7607,0.013958,0.00386513,912.919,50483661252,7 1 2 3 4 5 0 6 ,25.8321,195937747
human,8,dense,66,221.88,0.0103503,0.00324365,6962.03,501822808604,mixed,143.123,1223465
human,8,dense,67,0.0089263,0.00522992,0.00112418,0.00877605,55262400,3 4 5 1 2 0 6 7 ,0.00877605,3409
human,8,dense,68,92.1657,0.0122784,0.0049425,406.532,658931286,mixed,92.1639,219125685
human,8,dense,69,0.00116238,0.00312039,0.00108789,0.000995663,97683360,0 2 3 4 1 5 6 7 ,0.000995663,236
human,8,dense,70,75.5551,0.0172691,0.00539826,2394.53,339501388690,0 2 6 1 3 4 5 7 ,67.2532,484934291
human,8,dense,71,32.3768,0.0155268,0.00403885,899.195,152636570134,4 7 0 3 1 2 5 6 ,28.4724,251740752
human,8,dense,72,0.00170244,0.0017473,0.000989294,0.00159555,28160,2 1 3 6 0 4 5 7 ,0.00159555,1059
human,8,dense,73,0.51262,0.00739006,0.00174733,5.02209,1888563124,2 4 7 1 3 5 6 0 ,0.219751,2194771
human,8,dense,74,0.220568,0.00504272,0.00249395,0.324446,8221976,mixed,0.22035,221508
human,8,dense,75,0.874768,0.00668183,0.00253644,11.6186,90565683,2 7 0 1 3 4 5 6 ,0.507633,4370685
human,8,dense,76,1.96348,0.00354987,0.00128116,1.96319,344150688,7 3 0 1 2 4 5 6 ,1.96319,795
human,8,dense,77,7.46541,0.00718727,0.00219952,231.606,1491296268,0 1 3 4 6 7 2 5 ,3.34091,50118113
human,8,dense,78,12.2554,0.00899319,0.00387426,368.767,1262670590871,mixed,1.94164,66783399
human,8,dense,79,12.5304,0.00559299,0.00220421,389.402,18576759384,6 0 2 1 3 4 5 7 ,11.8825,156957060
human,8,dense,81,30.9812,0.00713293,0.00285943,984.511,123536200610,1 5 7 6 2 3 4 0 ,20.9715,172418738
human,8,dense,82,0.758313,0.00884202,0.00307577,11.0765,6071234974,4 1 2 3 0 6 7 5 ,0.53082,3563556
human,8,dense,83,15.0014,0.0109712,0.00269332,452.198,4399359599216,6 3 4 1 7 0 5 2 ,12.419,110653777
human,8,dense,84,9.08328,0.00904488,0.00288714,267.915,193080825348,6 7 2 5 1 3 0 4 ,7.14116,50148536
human,8,dense,87,1.99652,0.00315661,0.00126881,1.99633,344150688,7 3 0 1 2 4 5 6 ,1.99633,795
human,8,dense,88,0.0244102,0.0018933,0.00101218,0.02425,505341,3 1 2 5 6 4 7 0 ,0.02425,39475
human,8,dense,89,577.089,0.00534082,0.00247507,577.088,97218668988,7 2 0 1 6 3 4 5 ,577.088,24099
human,8,dense,90,5.46558,0.00379953,0.00232151,164.201,4898475720,mixed,4.67911,73328588
human,8,dense,92,0.0582253,0.00186052,0.00127171,0.058067,78624,7 2 1 3 4 0 5 6 ,0.058067,29020
human,8,dense,93,0.170512,0.00588295,0.00131289,0.170337,1142121672,3 4 5 6 0 1 2 7 ,0.170337,78565
human,8,dense,94,0.789447,0.00371646,0.0021076,7.261,2429050893,mixed,0.570662,2951027
human,8,dense,95,0.00447368,0.00523788,0.00135853,0.00431243,2071842,5 4 0 6 1 7 2 3 ,0.00431243,1080
human,8,dense,96,248.164,0.0126636,0.0042688,7762.51,19557198970,0 7 1 2 3 4 5 6 ,166.277,2955527318
human,8,dense,97,53.8268,0.0148276,0.011383,1716.14,3873225567,mixed,48.7696,622737607
human,8,dense,98,42.438,0.0162561,0.00459644,1348.82,284293235732,2 1 3 5 0 4 6 7 ,42.0059,280856338
human,8,dense,99,9.1055,0.0121605,0.00489259,281.021,14702411076,1 2 6 7 0 3 4 5 ,4.13519,69837432
human,8,dense,100,2.44427,0.00734263,0.00203238,65.8834,5042060446,1 0 3 6 2 4 5 7 ,2.06833,16150683
human,8,sparse,1,0.588006,0.00684461,0.00221004,0.587771,96433430217,0 6 3 1 2 7 5 4 ,0.587771,188181
human,8,sparse,3,0.0557657,0.00445113,0.00134895,0.0556567,43585007400,2 1 0 7 3 5 6 4 ,0.0556567,20008
human,8,sparse,4,0.119646,0.00730655,0.00200007,0.11938,1370571264,0 1 2 3 7 4 6 5 ,0.11938,73893
human,8,sparse,5,17.1649,0.00985472,0.00511689,546.062,48596251770417,7 0 1 2 4 3 5 6 ,8.92005,99531785
human,8,sparse,6,1.5204,0.00211164,0.0012572,1.52018,242424000,1 0 5 6 7 3 2 4 ,1.52018,1087
human,8,sparse,7,0.00181703,0.00298035,0.000891558,0.00166635,460139400,5 6 4 2 1 3 0 7 ,0.00166635,458
human,8,sparse,8,0.842968,0.00698667,0.00303186,11.7484,7035981381852,0 1 4 3 2 7 6 5 ,0.603871,1298927
human,8,sparse,9,2.9084,0.00552689,0.00212499,78.6096,931926099006,7 6 4 3 2 5 1 0 ,2.40665,8895494
human,8,sparse,11,1.56354,0.00796229,0.00473381,36.1272,373472838376,mixed,0.784154,4528793
human,8,sparse,12,149.009,0.00390453,0.0014369,149.008,29406390612,7 4 2 0 1 3 5 6 ,149.008,7886
human,8,sparse,14,2.58708,0.00433702,0.00140767,2.58687,59542474371,5 7 6 3 4 1 0 2 ,2.58687,1748007
human,8,sparse,15,0.413668,0.00349651,0.00186844,0.413479,3919024200,0 4 6 7 1 2 5 3 ,0.413479,210249
human,8,sparse,16,0.000773901,0.00301326,0.000970974,0.000613189,246240,1 2 5 7 0 4 3 6 ,0.000613189,134
human,8,sparse,20,1.41717,0.0111015,0.00424873,28.0902,16564338974479,0 7 3 2 6 5 4 1 ,0.903935,5250608
human,8,sparse,21,124.549,0.00325837,0.00146365,124.548,28558234344,7 6 1 2 0 3 5 4 ,124.548,2109
human,8,sparse,22,6.37203,0.0126701,0.0054915,197.297,4027687084037,0 1 6 5 2 4 3 7 ,4.27253,22383132
human,8,sparse,23,0.0419344,0.00368074,0.00188417,0.0417775,4880538000,3 4 2 7 0 6 1 5 ,0.0417775,22510
human,8,sparse,24,0.962102,0.0130834,0.00637734,16.1769,6983275160382,mixed,0.509343,4488068
human,8,sparse,25,166.622,0.0108152,0.00911727,3886.57,82990553280456,mixed,148.438,362677160
human,8,sparse,26,90.6779,0.00725866,0.0040231,90.685,44730576260,mixed,90.6776,43946827
human,8,sparse,27,0.203025,0.00686473,0.00259364,0.203302,2459334751,mixed,0.202843,45618
human,8,sparse,29,1.91843,0.00772853,0.00341755,49.8219,390140039851,mixed,0.76694,11110374
human,8,sparse,30,1.27467,0.00680659,0.00372913,22.7724,46866169392,7 1 6 0 4 5 2 3 ,0.733726,6248922
human,8,sparse,32,1.7204,0.0112888,0.00525795,40.1733,10168236660597,5 1 3 2 6 4 0 7 ,1.26734,9861506
human,8,sparse,34,0.394294,0.00506545,0.00270443,1.54279,22142048608,mixed,0.223619,499195
human,8,sparse,35,231.376,0.0106054,0.00785808,7341.92,455976760162,mixed,192.557,12632543
human,8,sparse,37,0.0161822,0.00446155,0.00134263,0.0159511,16521165000,6 7 3 1 0 2 4 5 ,0.0159511,7125
human,8,sparse,38,1.96601,0.00749183,0.00283998,54.0273,6740868688860,0 6 4 3 5 2 7 1 ,0.84278,7284857
human,8,sparse,39,0.247565,0.00391102,0.0017563,0.247369,3597596128,1 0 2 3 7 6 4 5 ,0.247369,201942
human,8,sparse,40,0.0260957,0.00318864,0.00161347,0.0259291,231666000,0 3 2 1 6 4 5 7 ,0.0259291,15963
human,8,sparse,41,0.760011,0.00499616,0.00182547,0.759849,5208853121472,7 0 1 2 3 5 4 6 ,0.759849,290023
human,8,sparse,42,0.390604,0.00805491,0.00255699,0.454816,1753929210,2 5 4 1 3 6 7 0 ,0.220762,217056
human,8,sparse,43,2.4509,0.00707877,0.00254708,3.37051,120312794324,mixed,2.45065,1977197
human,8,sparse,44,28.82,0.00910642,0.00617492,29.8076,316132611893,mixed,28.8197,6890054
human,8,sparse,45,0.0178365,0.0014444,0.00105555,0.0176562,235800,5 1 0 3 2 6 7 4 ,0.0176562,4602
human,8,sparse,46,174.366,0.00281065,0.00158855,174.366,23207184000,5 1 3 7 0 6 4 2 ,174.366,318437
human,8,sparse,47,120.62,0.0110559,0.0113224,3622.47,259946286296,mixed,95.9407,9594860
human,8,sparse,48,0.491285,0.00601856,0.00256348,4.99179,285078962,2 7 1 0 4 6 5 3 ,0.222596,2604413
human,8,sparse,49,0.157392,0.00338367,0.00128827,0.157241,1096452672,0 2 1 7 6 3 4 5 ,0.157241,56103
human,8,sparse,51,0.654652,0.00605907,0.00252618,0.654475,11773023074,1 3 4 2 0 6 7 5 ,0.654475,414515
human,8,sparse,52,1.76535,0.00728948,0.00386113,39.3864,1663708413966,6 5 3 0 1 7 2 4 ,0.585387,12370313
human,8,sparse,53,1.90787,0.00701915,0.00438768,40.4683,1013224592038,mixed,0.85123,8520264
human,8,sparse,54,0.0603104,0.00577821,0.00220666,0.0600862,22691566430,1 3 5 2 6 0 4 7 ,0.0600862,28436
human,8,sparse,55,260.834,0.00430828,0.00142313,260.833,56805214680,7 5 0 1 2 6 3 4 ,260.833,6024
human,8,sparse,58,0.551315,0.00601207,0.00241599,4.40802,1336301399640,2 3 1 4 6 5 7 0 ,0.32946,884349
human,8,sparse,59,0.411284,0.0109948,0.00577016,0.411008,1400719451782,0 7 6 1 2 4 3 5 ,0.411008,90712
human,8,sparse,60,0.0505077,0.00165519,0.00129306,0.0502532,1333440,3 5 1 2 6 0 4 7 ,0.0502532,24772
human,8,sparse,61,0.00177713,0.00296018,0.000873455,0.00161862,318435,1 6 3 2 5 7 0 4 ,0.00161862,972
human,8,sparse,63,432.459,0.0031606,0.00232066,432.473,63349066776,mixed,432.458,463468
human,8,sparse,64,0.41276,0.00613503,0.00281063,3.0617,196871019231,3 0 4 6 1 5 7 2 ,0.222427,1464266
human,8,sparse,66,0.741756,0.00877855,0.00332812,0.743192,6508207290943,mixed,0.741507,147280
human,8,sparse,67,0.0138421,0.0031706,0.00116302,0.0135779,2463834624,3 5 4 2 1 0 6 7 ,0.0135779,3430
human,8,sparse,68,5.68569,0.00858157,0.00355188,179.081,4640207560076,0 1 3 7 2 4 5 6 ,4.81892,26536014
human,8,sparse,69,0.00101402,0.00226867,0.000872356,0.000893344,681995520,0 2 3 4 1 7 5 6 ,0.000893344,259
human,8,sparse,70,1.95877,0.0136954,0.00742839,55.5633,11299598975920,mixed,0.664369,7782415
human,8,sparse,71,0.724551,0.0106258,0.00807778,8.47709,3266813584887,mixed,0.257873,2121324
human,8,sparse,72,0.00150048,0.00161338,0.00098023,0.0013361,341760,2 1 3 6 0 5 4 7 ,0.0013361,917
human,8,sparse,73,0.0549129,0.00511029,0.00162408,0.0547889,24356919012,2 4 7 6 5 3 0 1 ,0.0547889,19020
human,8,sparse,74,7.44747,0.00514977,0.00242434,7.49956,1989878990,mixed,7.44719,6450392
human,8,sparse,75,1.44431,0.00478781,0.00179958,1.44413,133365084612,2 7 3 0 6 1 4 5 ,1.44413,336282
human,8,sparse,76,226.909,0.00265049,0.00156979,226.909,51970348464,7 4 0 2 1 3 5 6 ,226.909,11694
human,8,sparse,77,0.37396,0.00427663,0.00211132,0.3738,182534345520,1 7 6 0 3 4 2 5 ,0.3738,146804
human,8,sparse,78,5.70411,0.00860917,0.00404658,176.62,32212075544266,mixed,3.1919,35126102
human,8,sparse,82,327.925,0.00696137,0.00306137,8620.9,778979802850,4 2 6 1 3 7 0 5 ,321.846,904972
human,8,sparse,85,8.04049,0.0147068,0.0047516,250.283,406567787136571,0 6 1 3 7 2 4 5 ,6.81152,17379797
human,8,sparse,86,14.0437,0.0134941,0.00757771,423.503,126623344145783,2 6 3 7 4 1 5 0 ,9.03024,56184546
human,8,sparse,87,28.0208,0.00253128,0.00141388,28.0205,49795092672,7 3 1 2 0 4 6 5 ,28.0205,1513
human,8,sparse,88,0.00918442,0.00242573,0.000961442,0.00907905,7167186,3 6 5 4 2 1 7 0 ,0.00907905,6726
human,8,sparse,90,1.0323,0.00377534,0.00261085,19.4496,59364565344,mixed,0.61944,2932651
human,8,sparse,91,31.6016,0.0162502,0.0108268,950.58,264386553043738,0 4 1 2 7 3 6 5 ,16.649,105664913
human,8,sparse,92,0.0900332,0.00207362,0.00142652,0.0898847,3902580,7 4 1 0 6 2 3 5 ,0.0898847,3514
human,8,sparse,93,0.0643539,0.00420698,0.00165484,0.0641329,15114669918,3 4 6 0 5 1 7 2 ,0.0641329,19416
human,8,sparse,94,88.114,0.00394843,0.0029761,88.1508,12305634416,mixed,88.1138,146364
human,8,sparse,95,0.0111829,0.0052335,0.00211653,0.0110363,33295704,5 4 1 6 2 0 3 7 ,0.0110363,3008
human,8,sparse,98,2.48252,0.0118369,0.00598335,67.1989,3159443147572,2 1 3 7 5 4 0 6 ,1.01217,10223155
human,8,sparse,99,5.66474,0.0107792,0.00306829,172.621,920729454195,2 1 6 7 0 4 3 5 ,2.64985,28234540
human,8,sparse,100,0.202224,0.00469408,0.00252016,0.202035,64575102320,1 4 3 0 6 2 5 7 ,0.202035,91510
