dataset,query_size,query_mode,query_index,elapsed_execution_time,filter_time,plan_time,enumerate_time,n_embeddings,order,max_task_time,n_intersections
human,12,dense,1,0.0153188,0.00149646,0.00221031,0.018425,4151727.0,1 0 4 3 8 6 7 5 2 9 10 11 ,0.0151952,12944
human,12,dense,2,0.0370628,0.00205325,0.00264562,0.0369623,1013850.0,3 7 4 11 10 9 5 6 8 2 0 1 ,0.0369623,18489
human,12,dense,4,0.971034,0.00165304,0.00223474,0.970916,896269400.0,3 9 7 11 4 1 8 0 5 6 2 10 ,0.970916,634293
human,12,dense,6,0.273771,0.00151475,0.0024246,0.273596,8365405440.0,2 0 1 5 10 3 4 6 7 8 9 11 ,0.273596,89270
human,12,dense,7,273.691,0.00191078,0.0026178,273.691,73627387646400.0,4 0 7 1 2 3 5 6 10 11 8 9 ,273.691,135844550
human,12,dense,9,53.1674,0.00191956,0.00814825,949.946,900983387220.0,mixed,53.1659,261611634
human,12,dense,11,0.0777727,0.00164485,0.00236101,0.0776661,246673570.0,3 6 5 10 11 7 4 0 2 9 8 1 ,0.0776661,91344
human,12,dense,13,0.108438,0.00184325,0.00253206,0.108332,0.0,3 11 1 0 2 4 9 10 8 5 6 7 ,0.108332,44966
human,12,dense,16,0.00431547,0.00167895,0.00668628,0.030224,0.0,10 11 8 9 2 1 0 4 3 5 6 7 ,0.00310291,29
human,12,dense,17,0.288052,0.00182825,0.00257044,0.394524,8682303144.0,1 5 10 9 8 0 6 7 2 3 4 11 ,0.275698,123514
human,12,dense,19,4.59037,0.00158443,0.00320561,124.445,11780450160.0,1 9 10 5 0 3 4 8 6 7 2 11 ,3.5249,38607714
human,12,dense,20,199.203,0.00177321,0.00574823,6330.52,32332743212.0,3 0 1 2 4 5 6 7 8 9 10 11 ,70.1729,3580583974
human,12,dense,21,0.00179876,0.0018358,0.00200124,0.00300243,4081128786.0,2 5 1 3 9 8 0 4 7 11 6 10 ,0.00168859,692
human,12,dense,22,0.0012894,0.00143102,0.00254634,0.00117589,1202652.0,3 4 9 0 6 7 5 1 2 8 11 10 ,0.00117589,490
human,12,dense,24,0.0173489,0.00171615,0.00278772,0.0313569,4485288.0,0 2 1 7 6 4 5 8 3 11 10 9 ,0.0171358,23405
human,12,dense,25,131.79,0.00139973,0.0073446,3463.27,58247022202.0,0 2 9 10 8 1 3 4 5 6 7 11 ,130.365,1144257091
human,12,dense,27,19.262,0.00394024,0.0690282,538.318,71470593.0,mixed,14.1411,370113483
human,12,dense,29,605.731,0.00210367,0.00563395,19361.0,299469119040.0,11 6 7 8 9 10 5 4 3 0 1 2 ,328.133,4198825761
human,12,dense,31,0.00542999,0.00205074,0.00202651,0.00528562,99468.0,2 5 3 6 0 4 10 11 1 8 7 9 ,0.00528562,3174
human,12,dense,32,474.244,0.00167707,0.00257168,474.244,64173315407040.0,11 10 6 7 8 9 5 1 3 4 0 2 ,474.244,120281
human,12,dense,33,0.00215803,0.00192302,0.00264804,0.00358937,2908.0,0 7 10 1 2 3 4 5 6 8 9 11 ,0.00204917,3085
human,12,dense,34,1405.42,0.00138827,0.00754229,44916.9,3719246526171.0,2 9 11 10 0 1 3 4 5 6 7 8 ,1038.8,12059338347
human,12,dense,35,9.05435,0.0021138,0.00251882,9.05414,3428970834.0,5 2 3 0 8 4 1 9 6 7 10 11 ,9.05414,6337918
human,12,dense,36,69.7381,0.00144569,0.00338473,69.7385,11149580442.0,1 0 2 3 4 5 6 7 8 9 10 11 ,69.7379,1735
human,12,dense,39,29.3821,0.00155047,0.00266224,44.8071,7677623825.0,6 11 9 10 0 2 3 4 5 7 8 1 ,29.3818,53984890
human,12,dense,40,442.869,0.00198143,0.00238732,442.869,352082999268.0,10 11 6 7 8 3 4 5 9 2 0 1 ,442.869,295904128
human,12,dense,41,0.0200358,0.00125266,0.00263551,0.0198666,225680.0,3 5 0 6 4 8 10 1 2 7 9 11 ,0.0198666,16100
human,12,dense,46,9.61308,0.00108851,0.0027825,98.0594,48304154112.0,2 5 11 0 1 3 4 6 7 8 9 10 ,6.46539,182608
human,12,dense,48,63.7175,0.00163415,0.00823103,1885.29,24104050963060.0,mixed,25.0001,596671829
human,12,dense,50,0.00725132,0.00111195,0.00255976,0.00710432,93150.0,1 7 4 11 0 3 6 5 9 10 2 8 ,0.00710432,7056
human,12,dense,51,3.73902,0.00126512,0.00553754,100.244,238188951000.0,0 9 3 5 7 4 6 1 8 2 10 11 ,1.62627,46844412
human,12,dense,52,24.3085,0.00138747,0.00477331,756.714,430253441087.0,9 2 3 4 0 6 10 11 1 5 7 8 ,17.1231,8581092
human,12,dense,53,9.51365,0.00133997,0.00383126,289.21,106807296960.0,3 1 0 2 6 7 9 10 4 5 8 11 ,7.60769,77194357
human,12,dense,54,0.724645,0.00120729,0.00306493,10.3617,49489667460.0,1 8 2 11 0 3 4 5 6 7 9 10 ,0.459534,3615810
human,12,dense,56,0.0663633,0.00105884,0.00254606,0.115152,7514100.0,3 11 10 7 9 6 2 4 5 8 1 0 ,0.066197,50706
human,12,dense,59,211.053,0.00106762,0.00274666,536.824,517538032000.0,2 1 0 3 4 5 11 6 7 8 9 10 ,203.742,52474
human,12,dense,60,0.00560207,0.00119779,0.00498723,0.0424382,0.0,9 1 5 7 4 6 8 10 11 0 2 3 ,0.00390224,627
human,12,dense,61,55.826,0.00119431,0.00443759,1770.42,469112280000.0,3 1 5 6 8 9 10 11 4 2 0 7 ,39.2063,502911286
human,12,dense,63,0.020008,0.00124773,0.00227558,0.0198539,158752.0,0 7 6 1 2 3 4 5 8 9 10 11 ,0.0198539,30379
human,12,dense,68,0.0151847,0.001211,0.00621183,0.344476,0.0,mixed,0.0115534,171
human,12,dense,69,1.38266,0.00101491,0.00295773,30.878,268442718138.0,1 2 8 9 10 11 3 4 0 5 6 7 ,1.0697,5653018
human,12,dense,70,0.161136,0.00113149,0.00299487,0.160931,15993180.0,1 8 7 9 0 6 3 4 5 2 10 11 ,0.160931,78227
human,12,dense,73,1.56141,0.00123365,0.00268851,1.56113,302002666781760.0,10 9 7 11 6 8 5 3 4 2 0 1 ,1.56113,438930
human,12,dense,74,7.64858,0.00143477,0.00440041,231.729,2256697219704.0,1 4 7 8 10 0 9 2 6 3 5 11 ,4.87826,70485745
human,12,dense,77,3.53551,0.00117705,0.00231718,3.53527,94569833827.0,3 5 10 1 2 6 8 7 0 4 9 11 ,3.53527,2096053
human,12,dense,79,4.22002,0.00134019,0.00729149,119.839,21189216395.0,mixed,3.52909,25276289
human,12,dense,80,282.733,0.00170542,0.00262295,282.733,344935386312.0,8 3 4 5 6 7 10 9 2 0 1 11 ,282.733,203502342
human,12,dense,81,0.0244226,0.00124529,0.00570963,0.256412,0.0,3 0 1 2 5 7 4 11 6 8 9 10 ,0.0234536,91981
human,12,dense,83,48.3522,0.00148537,0.00444235,1392.16,106905077820.0,5 7 8 9 10 1 2 3 4 0 6 11 ,38.886,481132081
human,12,dense,84,425.047,0.00136516,0.00332344,13578.1,473613623280.0,4 2 7 8 9 0 5 11 1 3 6 10 ,325.587,4611631984
human,12,dense,85,10.7147,0.0011849,0.00468964,333.891,107465358000.0,0 1 2 6 8 9 4 7 10 11 3 5 ,9.92005,164574224
human,12,dense,87,135.035,0.00155197,0.0083604,3783.72,166104624986.0,mixed,119.267,553386275
human,12,dense,88,1.02958,0.0013488,0.0048891,18.4233,15764659082.0,8 5 1 9 6 7 0 3 10 4 2 11 ,0.607666,6821630
human,12,dense,89,63.6883,0.00151286,0.0065034,2027.28,8030790967728.0,5 8 7 11 2 3 4 6 0 1 9 10 ,59.1888,268956904
human,12,dense,90,409.68,0.00128753,0.00207145,409.68,36407500012800.0,3 1 5 8 0 4 6 7 2 10 9 11 ,409.68,102262701
human,12,dense,92,2.86239,0.00100602,0.00336404,2.86482,2896707528.0,1 0 6 2 3 4 5 7 8 9 10 11 ,2.86018,3574
human,12,dense,94,0.419363,0.00125759,0.00293193,0.674547,693650100.0,1 9 10 11 0 4 5 6 7 8 2 3 ,0.208966,225806
human,12,dense,95,18.4272,0.00119914,0.00539169,366.082,1329180209280.0,0 2 3 4 10 11 5 1 6 8 7 9 ,13.1638,221277
human,12,dense,96,38.8757,0.00121575,0.00561173,1108.38,384226343856000.0,0 6 1 5 3 4 8 9 10 11 2 7 ,32.131,310008118
human,12,dense,98,3.7023,0.00129834,0.00355933,102.121,32262536664.0,1 8 0 2 6 7 3 5 9 10 11 4 ,2.51636,32013543
human,12,dense,99,2.54689,0.00132627,0.00315263,59.6731,16020956112.0,0 2 6 7 3 4 1 8 9 5 10 11 ,1.29209,21211877
human,12,dense,100,182.769,0.000968073,0.00517352,5491.96,2903051020.0,10 5 8 0 1 2 3 4 6 7 9 11 ,119.048,1348867946
human,12,sparse,1,0.034797,0.00201809,0.00289506,0.0617838,220448604.0,0 6 7 1 5 2 3 4 10 8 11 9 ,0.034638,20230
human,12,sparse,2,0.0166907,0.00204208,0.0027681,0.0165511,43740204.0,7 8 4 5 9 6 10 3 2 0 11 1 ,0.0165511,9087
human,12,sparse,4,0.0216037,0.00130644,0.00226961,0.0244914,353178285960.0,9 7 6 1 4 8 3 0 2 11 10 5 ,0.021438,10756
human,12,sparse,6,13.5578,0.00142792,0.00241403,20.4246,148836293312.0,0 1 5 2 3 4 8 7 10 9 6 11 ,13.5576,377934
human,12,sparse,7,4.31516,0.00164256,0.00240671,4.31502,882290723750400.0,4 0 1 2 3 5 7 6 8 11 10 9 ,4.31502,3182499
human,12,sparse,8,21.0524,0.00141468,0.00307027,21.0521,98170110933990.0,5 7 1 6 3 0 2 4 8 9 10 11 ,21.0521,7624139
human,12,sparse,9,0.804048,0.00194203,0.00626894,0.922851,625119238161240.0,mixed,0.803814,452447
human,12,sparse,10,69.0751,0.00160932,0.00992878,135.205,962142439854336.0,mixed,69.0741,42675102
human,12,sparse,11,0.180886,0.00136882,0.00297654,0.180681,22259835000.0,7 11 5 3 10 6 9 2 0 4 8 1 ,0.180681,128319
human,12,sparse,16,417.656,0.00134487,0.00503748,11375.0,458111668959192.0,9 11 10 2 8 1 0 6 4 5 3 7 ,366.858,888807
human,12,sparse,17,0.578406,0.0017845,0.00510753,3.34225,316108335272.0,1 7 6 5 3 4 2 0 10 9 11 8 ,0.306249,765440
human,12,sparse,18,22.0133,0.00242123,0.0170754,636.33,1.9790473174252056e+16,mixed,18.8956,62830160
human,12,sparse,19,15.9599,0.00166239,0.0108138,493.62,10018238666410.0,mixed,11.8788,121555712
human,12,sparse,21,0.0137814,0.00166884,0.00318816,0.0136234,60651780840.0,2 5 1 3 8 7 11 0 6 9 4 10 ,0.0136234,4662
human,12,sparse,22,0.0345677,0.0017978,0.00252034,0.0344035,1574769660.0,3 0 6 1 2 5 7 8 9 11 10 4 ,0.0344035,1541
human,12,sparse,23,311.166,0.00174039,0.00738094,8931.02,1.3811150642701776e+17,mixed,279.838,25730322
human,12,sparse,24,0.0403069,0.00186447,0.00307819,0.117043,159160976.0,7 8 6 5 4 2 1 0 3 11 10 9 ,0.0401548,78135
human,12,sparse,29,225.903,0.00213886,0.00830023,7161.79,1843000714376064.0,11 10 5 6 4 8 7 3 0 2 9 1 ,192.682,4313822
human,12,sparse,31,0.00781177,0.00200823,0.00198116,0.00769107,1749465.0,5 4 10 11 2 0 3 6 1 8 7 9 ,0.00769107,4605
human,12,sparse,33,0.88244,0.00174695,0.00384625,0.882321,229378464.0,0 7 4 6 8 9 2 3 5 10 1 11 ,0.882321,63196
human,12,sparse,34,139.541,0.00143554,0.0153559,4367.67,72925821491892.0,mixed,108.689,17972408
human,12,sparse,35,0.11842,0.00197505,0.00255374,0.118298,737935099404.0,2 0 3 1 5 6 7 4 9 10 8 11 ,0.118298,57151
human,12,sparse,39,200.056,0.00235264,0.00232815,319.501,1875723387144.0,6 9 10 0 7 2 1 8 5 4 3 11 ,200.056,6309562
human,12,sparse,40,2.57908,0.00204845,0.00381227,2.57889,75352337745594.0,11 7 10 8 9 6 5 3 0 1 2 4 ,2.57889,1025309
human,12,sparse,41,0.64249,0.0013173,0.00725904,0.645399,590923198.0,mixed,0.642277,457355
human,12,sparse,42,385.139,0.00187271,0.0102178,786.25,3882650056883170.0,mixed,385.138,254579539
human,12,sparse,48,15.2174,0.00118662,0.00847861,465.894,1.1567352955774464e+16,mixed,14.0893,5348871
human,12,sparse,50,0.0471941,0.00105914,0.00230863,0.0470176,129595584.0,2 6 1 4 8 3 0 5 9 7 11 10 ,0.0470176,21864
human,12,sparse,51,7.91384,0.00112704,0.00861515,201.44,28576801266048.0,4 10 7 5 6 2 1 3 8 11 9 0 ,4.46202,38101724
human,12,sparse,54,6.443,0.00131652,0.00604421,195.478,98727369862756.0,1 10 9 2 8 0 7 4 6 3 5 11 ,2.94955,31874503
human,12,sparse,56,0.521376,0.00109076,0.00440225,0.521164,9179127540.0,7 6 2 8 5 4 3 11 1 10 9 0 ,0.521164,393098
human,12,sparse,57,7.69735,0.00105235,0.00929449,230.384,4870724971510770.0,5 10 1 7 4 8 9 2 0 6 11 3 ,1.92404,55351316
human,12,sparse,61,1.69746,0.00126822,0.00493286,32.2375,479189458944000.0,3 2 8 10 11 1 6 0 4 7 9 5 ,0.871003,6455618
human,12,sparse,63,0.065763,0.0012903,0.00420338,0.0655893,37758636.0,0 8 9 1 5 4 2 10 7 11 6 3 ,0.0655893,41707
human,12,sparse,65,24.2475,0.00152606,0.0129881,751.832,1.6925683511962576e+16,0 2 9 1 10 11 3 6 7 4 5 8 ,7.38667,115774401
human,12,sparse,68,12.0447,0.00124563,0.00773451,359.648,17158137433864.0,mixed,10.6291,3450017
human,12,sparse,69,3.37517,0.00111796,0.00555417,80.1896,22683704599296.0,4 3 0 1 11 10 9 8 6 5 2 7 ,3.01426,19355482
human,12,sparse,70,12.8555,0.00117962,0.00347635,12.8552,53153278080.0,0 4 3 6 10 2 11 5 1 9 8 7 ,12.8552,180513
human,12,sparse,71,27.2211,0.00149773,0.0166597,691.186,5.12995527000767e+18,2 1 3 10 9 5 7 8 0 11 6 4 ,18.3653,54910614
human,12,sparse,73,0.324979,0.00125498,0.00474311,0.324858,8088324639212160.0,9 11 4 7 5 2 8 3 0 1 10 6 ,0.324858,68968
human,12,sparse,74,1.22447,0.00136583,0.00661386,20.448,90639975904620.0,1 6 0 9 7 8 2 4 5 3 10 11 ,0.783534,2899550
human,12,sparse,75,0.945165,0.00124844,0.0066995,13.7346,9702395909902080.0,5 9 10 8 7 3 6 0 2 1 4 11 ,0.59483,2850549
human,12,sparse,77,1.69753,0.00128453,0.00235518,1.69726,14549945147466.0,3 2 0 9 7 4 1 5 10 8 11 6 ,1.69726,946122
human,12,sparse,78,87.3298,0.00140396,0.0262876,2565.49,1.2891789695930314e+16,mixed,74.7609,920495378
human,12,sparse,81,23.6069,0.00123167,0.00730515,744.412,1.015700400749407e+17,2 5 1 4 11 10 0 3 7 8 9 6 ,19.9823,108284489
human,12,sparse,82,182.766,0.00152546,0.0235191,4475.44,1.696629097257268e+16,5 9 10 6 0 3 2 4 8 1 7 11 ,79.1907,1368651453
human,12,sparse,83,4.26282,0.0012518,0.00825935,121.169,268209330120288.0,5 1 10 2 3 9 4 6 0 8 7 11 ,1.88998,31279057
human,12,sparse,84,7.50383,0.0010834,0.00645877,201.664,4927068503093816.0,5 1 9 7 6 10 4 3 8 0 11 2 ,5.42909,25011753
human,12,sparse,85,5.16987,0.0010528,0.00695908,143.33,699658777995750.0,2 9 8 3 1 7 6 0 4 10 11 5 ,2.64296,42573246
human,12,sparse,86,303.221,0.00118869,0.00768744,9648.48,3961996793639040.0,11 8 9 5 3 0 2 7 10 6 1 4 ,198.885,1505594961
human,12,sparse,87,267.659,0.0014578,0.0176636,7742.08,73188612952348.0,mixed,252.064,21911240
human,12,sparse,88,0.365175,0.00131228,0.00548635,0.364972,2203143214516.0,3 1 0 8 5 9 6 2 10 7 11 4 ,0.364972,269423
human,12,sparse,90,26.8507,0.00118381,0.00319599,26.8504,1.1823800008149504e+16,5 1 8 4 6 2 0 7 9 11 3 10 ,26.8504,7925612
human,12,sparse,94,0.636539,0.00112804,0.00356527,0.636356,46606181245920.0,1 0 10 9 3 5 4 8 7 11 6 2 ,0.636356,307727
human,12,sparse,95,0.973826,0.0011284,0.00558418,16.6492,518957787503232.0,0 3 1 6 11 2 4 5 10 7 8 9 ,0.332351,1801438
human,12,sparse,98,0.522891,0.00117821,0.0135885,4.69312,5857392565420.0,mixed,0.250889,1131644
human,12,sparse,99,8.37262,0.00127507,0.00455389,111.628,4971832124256.0,1 4 5 3 6 7 10 8 2 0 11 9 ,6.12996,461184
