dataset,query_size,query_mode,query_index,elapsed_execution_time,filter_time,plan_time,enumerate_time,n_embeddings,order,max_task_time,n_intersections
youtube2007,12,dense,1,757.861,1.7529,0.257792,22041.5,1077369778933,mixed,661.828,3320161716
youtube2007,12,dense,3,6.40316,0.827009,0.0290607,170.724,11404505557,mixed,4.7088,89566883
youtube2007,12,dense,4,0.320038,0.315826,0.0102547,0.585512,55051575,mixed,0.213887,267906
youtube2007,12,dense,6,26.1428,2.40973,0.430942,666.933,304778548449,mixed,23.7627,205693243
youtube2007,12,dense,7,3.20314,0.444207,0.0135785,80.7713,2454314845,mixed,2.83963,49515209
youtube2007,12,dense,9,0.221134,0.468401,0.0196373,2.04283,19129765,mixed,0.208639,1799609
youtube2007,12,dense,10,0.0835379,0.643227,0.0149656,0.279375,123671148,mixed,0.0829883,369254
youtube2007,12,dense,11,249.586,1.96311,0.0764885,6716.83,6883089195451,mixed,149.3,91333305
youtube2007,12,dense,14,0.000985983,0.152219,0.0021196,0.000799139,19773,1 3 2 5 8 4 9 7 6 0 11 10 ,0.000799139,403
youtube2007,12,dense,15,0.000716173,0.102391,0.0019052,0.000539565,0,0 5 10 11 7 9 3 1 4 8 2 6 ,0.000539565,8
youtube2007,12,dense,18,2.81044,0.68396,0.0247785,53.8547,11585127534,mixed,2.15092,9976761
youtube2007,12,dense,20,202.204,1.19702,0.122507,6397.46,5504669428110,mixed,121.665,1653234902
youtube2007,12,dense,22,0.000756158,0.148405,0.00157221,0.000591984,90,2 6 9 10 4 7 8 3 5 1 0 11 ,0.000591984,40
youtube2007,12,dense,24,0.428832,0.214169,0.00782752,1.05316,32825018,mixed,0.219694,695270
youtube2007,12,dense,26,1691.48,2.13517,0.566231,50651.5,4651988789021,mixed,1269.38,15643642762
youtube2007,12,dense,27,0.000692993,0.165847,0.00184045,0.000549833,600,4 7 6 8 9 10 5 3 1 11 2 0 ,0.000549833,65
youtube2007,12,dense,28,0.409819,0.255127,0.00717892,0.674414,3860614,mixed,0.206963,945876
youtube2007,12,dense,29,0.00105612,0.192976,0.00223487,0.000824449,810,7 11 10 8 2 9 0 4 5 3 6 1 ,0.000824449,241
youtube2007,12,dense,30,0.408202,0.572885,0.0124603,1.46866,18957101,mixed,0.280098,682577
youtube2007,12,dense,32,0.000925049,0.162494,0.00201326,0.000699276,108,2 1 9 3 4 8 5 7 0 6 10 11 ,0.000699276,67
youtube2007,12,dense,33,122.748,0.389845,0.027209,3658.67,239406878031,mixed,108.605,26467592
youtube2007,12,dense,34,51.1428,0.267918,0.0267333,1396.91,103793372964,mixed,32.9673,437860399
youtube2007,12,dense,36,2.49394,1.28806,0.0804004,55.7827,15614261899,mixed,1.72632,33802601
youtube2007,12,dense,37,1128.12,3.12695,0.288762,32065.3,28406987405023,mixed,1048.52,7466250837
youtube2007,12,dense,38,62.5064,0.640947,0.0805685,1527.32,867939867802,mixed,43.9745,908938723
youtube2007,12,dense,39,3.3378,0.342539,0.031895,94.9407,2195691282,mixed,1.75856,11530169
youtube2007,12,dense,40,2.00761,0.470644,0.0443941,44.6896,84199449674,mixed,1.12093,23176861
youtube2007,12,dense,42,46.3925,2.18304,0.109767,1198.84,264913885484,mixed,32.1712,691203504
youtube2007,12,dense,47,0.267805,0.330275,0.0108165,0.389514,31755754,mixed,0.207064,441716
youtube2007,12,dense,48,24.7934,0.63929,0.0568234,648.109,157454094524,mixed,14.3459,416730630
youtube2007,12,dense,51,0.0310167,0.739001,0.00921674,0.0530089,110609,mixed,0.0306896,36187
youtube2007,12,dense,52,0.01232,0.441433,0.0103125,0.0695969,5703,mixed,0.0120501,12792
youtube2007,12,dense,53,211.835,1.39466,0.243413,6243.08,9204090830327,mixed,138.864,3222756688
youtube2007,12,dense,54,2.38886,0.543019,0.0348825,52.0445,9810868816,mixed,1.28549,21256034
youtube2007,12,dense,56,0.657973,0.609927,0.0503765,12.0172,509545688124,mixed,0.384416,7916123
youtube2007,12,dense,58,74.6391,1.2509,0.260524,2025.7,65732919295,mixed,55.1386,748486578
youtube2007,12,dense,61,29.0499,0.90273,0.028382,761.083,64893882094,mixed,17.9383,48638062
youtube2007,12,dense,62,0.861524,0.278637,0.010239,14.3938,1416231241267,mixed,0.647413,8024357
youtube2007,12,dense,66,0.00153633,0.133723,0.00171764,0.00129018,1030477,8 2 0 3 4 1 5 7 9 6 11 10 ,0.00129018,368
youtube2007,12,dense,67,0.0793317,0.284653,0.0091434,0.129691,189860,mixed,0.0790012,132378
youtube2007,12,dense,68,0.615691,0.529448,0.0138582,2.41676,52335527,mixed,0.208777,2527875
youtube2007,12,dense,69,2.78532,0.539171,0.0215989,68.7583,4159957634,mixed,1.68795,30202095
youtube2007,12,dense,71,1229.3,7.77451,2.00302,30996.1,9703576678406,mixed,667.778,14316178672
youtube2007,12,dense,72,0.091989,0.258226,0.00863468,0.13283,2914631,mixed,0.0909715,131506
youtube2007,12,dense,75,2.61367,0.971872,0.0538786,66.0766,364207803,mixed,1.88844,52849426
youtube2007,12,dense,82,0.237825,0.400628,0.0108761,0.648865,116266194,mixed,0.206035,472891
youtube2007,12,dense,87,11.521,0.293466,0.042618,340.723,612874897834,mixed,6.90156,103226263
youtube2007,12,dense,88,6.25196,0.581961,0.00558934,177.744,6931048322,mixed,5.50039,9723275
youtube2007,12,dense,89,0.0175055,0.190139,0.00803771,0.0322828,370682,mixed,0.0171974,34089
youtube2007,12,dense,90,0.0486605,0.366828,0.0126795,0.0727225,4147112,mixed,0.0464966,90563
youtube2007,12,dense,93,21.5654,0.551615,0.0273615,613.784,46894768211,mixed,16.0075,382667314
youtube2007,12,sparse,1,0.0545526,0.365222,0.0129008,0.155664,13714975,mixed,0.0540983,154592
youtube2007,12,sparse,2,566.679,4.13732,0.634156,16131.9,158482373756718,mixed,452.779,6509371697
youtube2007,12,sparse,3,0.892315,0.510236,0.0420841,15.3409,2470739053,mixed,0.620543,5386312
youtube2007,12,sparse,4,0.000716448,0.117351,0.00181486,0.000607716,9,3 4 5 2 7 11 1 8 6 9 0 10 ,0.000607716,36
youtube2007,12,sparse,7,21.8288,1.47463,0.320921,612.75,975295834234,mixed,11.7299,193027352
youtube2007,12,sparse,8,23.608,1.34727,0.39546,749.184,13556756365853,mixed,16.4567,186056380
youtube2007,12,sparse,9,0.314742,0.4746,0.0159333,0.647941,3328210,mixed,0.0951627,629535
youtube2007,12,sparse,10,0.0269316,0.338808,0.0113512,0.0578565,4526967,mixed,0.026601,74448
youtube2007,12,sparse,11,0.0600119,0.158098,0.00267665,0.0597206,2570400,11 2 7 3 4 6 8 5 10 9 1 0 ,0.0597206,38288
youtube2007,12,sparse,13,778.071,1.29453,0.0909677,23087.2,2205380702191,mixed,721.849,8955044188
youtube2007,12,sparse,14,0.00187974,0.264809,0.00677471,0.0062039,93744,mixed,0.00168453,1636
youtube2007,12,sparse,18,0.0319932,0.622408,0.0155658,0.0679741,4444877,mixed,0.0299949,77758
youtube2007,12,sparse,20,3.9312,2.04477,0.220689,96.2747,72397121361,mixed,2.56982,29931915
youtube2007,12,sparse,22,0.316227,0.169924,0.00219243,0.368049,75889924,0 2 3 1 7 10 5 4 8 9 6 11 ,0.215733,169117
youtube2007,12,sparse,25,0.22076,0.397385,0.0202763,1.13974,66315571,mixed,0.208121,708735
youtube2007,12,sparse,26,0.0512337,0.27874,0.0132438,0.079248,2556051,mixed,0.0510003,90122
youtube2007,12,sparse,27,0.00129772,0.214247,0.00347621,0.00177433,1664,mixed,0.00114245,643
youtube2007,12,sparse,29,0.00150757,0.121769,0.00177057,0.00136373,372064,6 4 7 2 1 0 3 8 5 11 10 9 ,0.00136373,821
youtube2007,12,sparse,31,1424.26,1.12041,0.365539,36218.0,12808977339657,mixed,1202.83,1624623720
youtube2007,12,sparse,32,10.055,0.188577,0.00574383,10.1977,1127664096,mixed,10.0547,31454
youtube2007,12,sparse,35,0.509727,0.312204,0.0193895,2.27707,31139202,mixed,0.218968,860289
youtube2007,12,sparse,36,10.5235,0.787757,0.100457,319.917,284959837902,mixed,5.93421,136557151
youtube2007,12,sparse,37,17.812,0.659569,0.135194,500.967,49069269244,mixed,13.0904,226279765
youtube2007,12,sparse,38,805.705,0.37512,0.0520516,23345.5,866345872650,mixed,655.258,219911363
youtube2007,12,sparse,40,3.70072,0.60804,0.0597883,90.727,10542781893,mixed,3.30523,53505050
youtube2007,12,sparse,41,11.768,0.687936,0.121228,269.484,118890186178,mixed,9.65367,28030120
youtube2007,12,sparse,43,0.001369,0.107455,0.00341583,0.00197899,208352,mixed,0.00122548,642
youtube2007,12,sparse,44,0.000945267,0.139915,0.00343144,0.00120656,2,mixed,0.00060882,48
youtube2007,12,sparse,45,92.483,1.59478,0.237737,2905.75,240755337509,mixed,79.583,136146346
youtube2007,12,sparse,46,1413.21,5.3262,1.99605,42284.8,5711148656733,mixed,812.136,14604269331
youtube2007,12,sparse,48,2.24426,0.604083,0.0466565,48.2785,5254594281,mixed,1.34882,4653848
youtube2007,12,sparse,49,775.453,7.84476,2.65361,20509.2,3559069099474,mixed,386.001,6639519190
youtube2007,12,sparse,52,0.892512,1.11472,0.0995733,15.5036,1419130295,mixed,0.717534,5510586
youtube2007,12,sparse,54,0.33155,1.0698,0.119411,4.71083,669952142,mixed,0.268666,3171186
youtube2007,12,sparse,55,1131.38,2.69294,0.685505,29478.6,3034766290418,mixed,1088.51,2478903775
youtube2007,12,sparse,59,12.1502,3.16271,0.564303,331.616,762815368696,mixed,6.31512,92111005
youtube2007,12,sparse,62,0.930821,0.774816,0.069125,12.6059,190471338225,mixed,0.723313,4885589
youtube2007,12,sparse,63,374.615,3.89061,1.15278,8540.44,386503894921,mixed,265.029,4678430743
youtube2007,12,sparse,65,157.252,2.69909,1.16754,4310.92,183796740292,mixed,130.507,1524163088
youtube2007,12,sparse,66,0.0460306,0.130927,0.00542705,0.087941,13459718,mixed,0.0458157,73582
youtube2007,12,sparse,68,1305.53,2.3976,0.819801,41757.2,523186022850122,mixed,1182.58,15629038079
youtube2007,12,sparse,69,1061.76,1.31058,0.528158,33966.7,23980264457687,mixed,1026.14,7480467822
youtube2007,12,sparse,70,10.2208,1.70626,0.34421,279.217,29587570769,mixed,6.72564,96679046
youtube2007,12,sparse,72,26.2075,0.194295,0.030154,627.462,94862458453,mixed,19.1111,122220060
youtube2007,12,sparse,74,0.0565595,0.198452,0.009326,0.150554,206171738,mixed,0.0562525,96175
youtube2007,12,sparse,76,375.906,0.898416,0.0829685,11848.2,723379700777,mixed,222.67,3707046518
youtube2007,12,sparse,79,17.5386,0.312511,0.021957,465.791,37690482509,mixed,11.2592,34817797
youtube2007,12,sparse,80,397.694,1.93291,0.456718,10195.2,30051404460732,mixed,295.117,3305827484
youtube2007,12,sparse,82,1.79419,1.06298,0.0613461,39.5615,22165352608,mixed,1.08012,15253157
youtube2007,12,sparse,83,315.19,1.40292,0.764513,9418.42,130305618121,mixed,136.549,5720919361
youtube2007,12,sparse,84,1525.38,3.99731,0.869908,47984.7,14295009059450,mixed,851.684,10318209292
youtube2007,12,sparse,85,0.297113,0.295225,0.0136145,0.622207,817285283,mixed,0.217889,204441
youtube2007,12,sparse,88,0.109044,0.212107,0.00924511,0.117721,15820437,mixed,0.108726,84251
youtube2007,12,sparse,90,221.576,0.159632,0.0384282,5988.93,705804568771,mixed,127.949,126047714
youtube2007,12,sparse,93,0.446294,0.998205,0.0581531,2.40137,334168173815,mixed,0.226434,1498421
youtube2007,12,sparse,94,0.286161,0.677051,0.0193318,1.40184,26651084,mixed,0.211443,792719
