dataset,query_size,query_mode,query_index,elapsed_execution_time,filter_time,plan_time,enumerate_time,n_embeddings,order,max_task_time,n_intersections
orkut,8,dense,1,0.57464,0.210577,0.103859,14.5629,718319,mixed,0.117059,233515
orkut,8,dense,2,0.0642481,0.221544,0.113095,0.635848,2122314,mixed,0.0428655,355467
orkut,8,dense,3,0.148517,0.2128,0.0914665,0.755481,4243645,mixed,0.0642682,209041
orkut,8,dense,4,0.168297,0.246112,0.11603,1.51506,447770,mixed,0.0970005,963671
orkut,8,dense,5,0.0842184,0.203587,0.098537,0.688016,1867295,mixed,0.0643218,273437
orkut,8,dense,6,0.552805,0.241133,0.114037,11.4203,1517097,mixed,0.156806,359491
orkut,8,dense,7,0.107981,0.168583,0.100923,0.903497,86953,mixed,0.0633372,388385
orkut,8,dense,8,0.206495,0.181699,0.0877597,1.51982,832973,mixed,0.0450336,264248
orkut,8,dense,9,0.17752,0.226413,0.0850298,1.14792,878765,mixed,0.0581116,238906
orkut,8,dense,10,0.10374,0.171071,0.102621,1.05709,336581,mixed,0.0644944,682139
orkut,8,dense,11,0.112853,0.188172,0.102269,0.904912,3409886,mixed,0.0686896,326745
orkut,8,dense,12,0.0674528,0.23346,0.0875723,0.576471,41893,mixed,0.0434309,275712
orkut,8,dense,13,0.260088,0.184368,0.0990079,2.8587,13113350,mixed,0.173117,261087
orkut,8,dense,14,0.187337,0.232064,0.112432,1.24147,473717,mixed,0.0626462,223020
orkut,8,dense,15,0.185848,0.240257,0.115987,1.73991,477307,mixed,0.125488,962868
orkut,8,dense,16,0.0599765,0.239726,0.0871158,0.540803,52467,mixed,0.0415926,278643
orkut,8,dense,17,0.309996,0.265144,0.118614,3.65518,480851,mixed,0.218278,502563
orkut,8,dense,18,0.163007,0.208601,0.105409,1.20408,101888,mixed,0.118645,348994
orkut,8,dense,19,0.188771,0.224901,0.110852,1.62103,664630,mixed,0.113257,886172
orkut,8,dense,20,0.120103,0.168709,0.0885225,0.804134,29231796,mixed,0.0517759,251391
orkut,8,dense,21,0.442551,0.216994,0.113936,7.13973,80712,mixed,0.188063,374991
orkut,8,dense,22,0.0664661,0.227867,0.117036,0.532481,283362,mixed,0.04077,253240
orkut,8,dense,23,0.0637147,0.214912,0.101628,0.529018,3446020,mixed,0.0439719,223572
orkut,8,dense,24,0.200074,0.190827,0.0989795,1.29688,2129524,mixed,0.0882545,283094
orkut,8,dense,25,0.204466,0.25837,0.104753,1.34398,3545761,mixed,0.118578,321600
orkut,8,dense,26,0.238495,0.268713,0.117955,1.75529,244040,mixed,0.142327,775759
orkut,8,dense,27,0.191367,0.22465,0.102873,1.03149,48329,mixed,0.0570906,268915
orkut,8,dense,28,0.136049,0.207502,0.0908296,1.07137,19729269,mixed,0.0869782,468718
orkut,8,dense,29,0.139734,0.236815,0.0954766,0.955445,549592,mixed,0.0433384,234152
orkut,8,dense,30,0.140148,0.254304,0.0843077,0.956532,1993620,mixed,0.0679254,207796
orkut,8,dense,31,0.0889577,0.2035,0.0915349,0.584034,797987,mixed,0.0415821,295021
orkut,8,dense,32,0.0613667,0.239922,0.0947308,0.495434,71261,mixed,0.0396849,256531
orkut,8,dense,33,0.0505359,0.152186,0.0929862,0.449131,2052619,mixed,0.0341514,215637
orkut,8,dense,34,0.166418,0.246792,0.0911302,0.814628,784928,mixed,0.0392912,224082
orkut,8,dense,35,0.0727119,0.159843,0.0921672,0.61989,4389398,mixed,0.0490564,272096
orkut,8,dense,36,0.124596,0.213977,0.0905896,0.86405,1200655,mixed,0.0715895,358516
orkut,8,dense,37,0.252969,0.206362,0.126195,1.62244,187779,mixed,0.186802,542363
orkut,8,dense,38,0.182325,0.186234,0.0913399,1.04347,755522,mixed,0.102455,303781
orkut,8,dense,39,0.234111,0.240487,0.109368,1.94043,166599,mixed,0.185509,678468
orkut,8,dense,40,0.182933,0.137869,0.0928472,1.11174,5899798,mixed,0.080421,231222
orkut,8,dense,41,0.176691,0.296334,0.104674,1.11349,230916,mixed,0.064875,222876
orkut,8,dense,42,0.144962,0.174678,0.0947106,0.898217,829116,mixed,0.0382322,214871
orkut,8,dense,43,0.283744,0.266158,0.0996298,2.59566,106850,mixed,0.239018,298240
orkut,8,dense,44,0.18639,0.20117,0.0865827,1.20262,2426282,mixed,0.114818,275091
orkut,8,dense,45,0.0986284,0.229494,0.0835602,0.63424,6229287,mixed,0.0427118,235474
orkut,8,dense,46,0.0994504,0.222607,0.103527,0.9384,62796,mixed,0.0810893,500670
orkut,8,dense,47,0.121574,0.217921,0.112183,0.992616,60414,mixed,0.0665387,596067
orkut,8,dense,48,0.094581,0.226081,0.0915994,0.59594,122226,mixed,0.0310098,198186
orkut,8,dense,49,0.191188,0.204847,0.107507,1.25414,1109043,mixed,0.0799212,260525
orkut,8,dense,50,0.763398,0.184189,0.12565,13.9077,432792,mixed,0.643445,2445700
orkut,8,dense,51,0.0925371,0.264935,0.10382,0.746884,2917114,mixed,0.0567023,231562
orkut,8,dense,52,0.158007,0.197469,0.108262,1.25498,2651687,mixed,0.0928371,730428
orkut,8,dense,53,0.191565,0.186004,0.0874583,1.17323,7400846,mixed,0.0687807,225901
orkut,8,dense,54,0.199848,0.243451,0.102126,1.36987,86643,mixed,0.0530899,407375
orkut,8,dense,55,0.0582368,0.201234,0.101322,0.50757,466090,mixed,0.0360344,227825
orkut,8,dense,56,0.17521,0.215018,0.0978387,1.23284,2180718,mixed,0.128636,396887
orkut,8,dense,57,0.201765,0.187673,0.100936,1.39921,242474,mixed,0.123198,345923
orkut,8,dense,58,0.15139,0.212876,0.0926837,0.971624,1704610,mixed,0.0456505,212783
orkut,8,dense,59,0.0956633,0.170835,0.0905811,0.619259,496773,mixed,0.0483262,283861
orkut,8,dense,60,0.165592,0.199565,0.092378,0.835916,44102,mixed,0.0498173,205659
orkut,8,dense,61,0.19493,0.171874,0.0808592,1.24922,26973759,mixed,0.0503588,221865
orkut,8,dense,62,0.266892,0.243774,0.137821,2.26965,1344853,mixed,0.228102,994726
orkut,8,dense,63,0.166167,0.226389,0.0901122,1.09161,2370397,mixed,0.0541195,208066
orkut,8,dense,64,0.0755929,0.202476,0.093603,0.572784,3439603,mixed,0.0448796,234187
orkut,8,dense,65,0.125193,0.232772,0.109914,1.04245,276528,mixed,0.0978102,281984
orkut,8,dense,66,0.264918,0.274733,0.118672,2.18079,98319,mixed,0.112678,832066
orkut,8,dense,67,0.202186,0.218817,0.0963215,1.17352,3174636,mixed,0.0662067,224051
orkut,8,dense,68,0.0869327,0.268315,0.0939524,0.606507,470383,mixed,0.0284516,213198
orkut,8,dense,69,0.0795077,0.23055,0.094334,0.714994,39866,mixed,0.0516331,532639
orkut,8,dense,70,0.172336,0.246365,0.108632,1.01194,445564,mixed,0.0600007,213152
orkut,8,dense,71,0.185667,0.209368,0.0799092,1.15414,1801527,mixed,0.0719453,219705
orkut,8,dense,72,0.0736536,0.144675,0.0930137,0.565123,4322214,mixed,0.0437075,216982
orkut,8,dense,73,0.243282,0.180707,0.10662,1.46826,234693,mixed,0.0852786,274073
orkut,8,dense,74,0.0820108,0.244876,0.104425,0.60889,105581,mixed,0.0176139,230031
orkut,8,dense,75,0.0754888,0.185589,0.0940386,0.547622,504633,mixed,0.0383983,240637
orkut,8,dense,76,0.154897,0.232966,0.0869719,0.836982,777684,mixed,0.0511039,156339
orkut,8,dense,77,0.193642,0.253812,0.0892681,1.17741,310132,mixed,0.0812649,246287
orkut,8,dense,78,0.0623869,0.175969,0.110747,0.539389,857836,mixed,0.039008,227105
orkut,8,dense,79,0.161506,0.222705,0.0963803,1.17079,3641191,mixed,0.0255644,489966
orkut,8,dense,80,0.0467118,0.198213,0.0956106,0.377138,20931,mixed,0.0234754,196585
orkut,8,dense,81,0.066197,0.223506,0.0915413,0.525104,35958,mixed,0.0461066,237853
orkut,8,dense,82,0.127182,0.257924,0.117934,1.08319,82485,mixed,0.0643884,640338
orkut,8,dense,83,0.06683,0.199801,0.0875157,0.508015,1745618,mixed,0.0278771,223584
orkut,8,dense,84,0.0979292,0.241876,0.096295,0.694839,36608,mixed,0.0423334,471841
orkut,8,dense,85,0.14317,0.179234,0.0933196,0.75482,11578532,mixed,0.0602067,207229
orkut,8,dense,86,0.0650893,0.197168,0.0794521,0.460432,39979716,mixed,0.0358995,189280
orkut,8,dense,87,0.0828198,0.253156,0.101474,0.59692,222379,mixed,0.0484674,206823
orkut,8,dense,88,0.164858,0.239503,0.0957227,1.14438,169083,mixed,0.138496,591766
orkut,8,dense,89,0.194297,0.204683,0.0992554,1.4675,1573170,mixed,0.14625,691807
orkut,8,dense,90,0.0755426,0.248396,0.0941186,0.601588,79559,mixed,0.0551171,230188
orkut,8,dense,91,0.184371,0.188442,0.0968315,1.15192,1874277,mixed,0.0620358,223231
orkut,8,dense,92,0.204574,0.215442,0.0900031,1.5495,2154545,mixed,0.168894,321131
orkut,8,dense,93,0.185482,0.223835,0.106778,1.02585,86190,mixed,0.113019,342790
orkut,8,dense,94,0.0568005,0.173495,0.0981759,0.509987,217955,mixed,0.0367269,223410
orkut,8,dense,95,0.155224,0.22509,0.0901015,1.42149,129107,mixed,0.077879,842255
orkut,8,dense,96,0.162211,0.201325,0.0828027,1.01297,49136,mixed,0.0785132,238162
orkut,8,dense,97,0.218479,0.215224,0.108893,1.29639,169275,mixed,0.0926231,269583
orkut,8,dense,98,0.43285,0.228225,0.0925896,4.15452,6559768,mixed,0.123055,287707
orkut,8,dense,99,0.121368,0.267946,0.0916792,0.896518,10965512,mixed,0.0826556,255517
orkut,8,dense,100,0.169202,0.191827,0.0952433,1.06941,19363130,mixed,0.0842581,246489
orkut,8,sparse,1,0.346556,0.203333,0.0939793,5.27069,155913823,mixed,0.202309,1517372
orkut,8,sparse,2,0.326103,0.168364,0.102017,3.30311,33553669,mixed,0.13784,1975595
orkut,8,sparse,3,0.396174,0.21459,0.0921198,4.72955,1467948,mixed,0.326484,988567
orkut,8,sparse,4,0.106768,0.203685,0.075486,0.822234,23526117,mixed,0.0572164,493907
orkut,8,sparse,5,0.13339,0.217499,0.0970215,0.836804,3042220,mixed,0.0469067,214113
orkut,8,sparse,6,0.184723,0.222575,0.102015,1.79469,1013013448,mixed,0.106437,790447
orkut,8,sparse,7,0.373747,0.207776,0.115194,3.47778,4026379,mixed,0.245174,1574907
orkut,8,sparse,8,0.107484,0.207165,0.0907543,0.84926,651677125,mixed,0.0649814,288603
orkut,8,sparse,9,0.257784,0.196609,0.0990014,2.81446,27276848,mixed,0.10403,1173602
orkut,8,sparse,10,0.107985,0.206932,0.0731106,0.84684,70935632,mixed,0.0691428,277894
orkut,8,sparse,11,0.305944,0.200593,0.0949405,2.55278,41016725,mixed,0.247544,468542
orkut,8,sparse,12,0.10804,0.197266,0.0915714,0.727516,36613295,mixed,0.0386178,202385
orkut,8,sparse,13,1.42639,0.169061,0.118964,31.8424,210204263,mixed,0.802504,11308201
orkut,8,sparse,14,0.35839,0.185235,0.127802,4.39653,16368879,mixed,0.23137,1359126
orkut,8,sparse,15,0.249872,0.207149,0.0977035,3.62108,129324939,mixed,0.187047,777656
orkut,8,sparse,16,0.195392,0.174733,0.100563,1.16629,3491358,mixed,0.0644756,208935
orkut,8,sparse,17,0.218914,0.180277,0.0959553,1.32987,7174466252,mixed,0.0576557,242789
orkut,8,sparse,18,0.113323,0.189116,0.0849062,1.17078,235463640,mixed,0.0784418,517809
orkut,8,sparse,19,0.224322,0.2224,0.102671,1.96731,7035951,mixed,0.167909,505103
orkut,8,sparse,20,0.266713,0.188634,0.0987982,2.02621,68766188,mixed,0.183024,634201
orkut,8,sparse,21,0.121392,0.234986,0.112143,0.866391,8157848,mixed,0.0352874,285209
orkut,8,sparse,22,0.344236,0.186667,0.104256,3.26109,35838711,mixed,0.204922,729353
orkut,8,sparse,23,0.124497,0.161835,0.0939665,1.0084,757901461,mixed,0.0948439,251495
orkut,8,sparse,24,0.211152,0.215233,0.119932,1.41918,99195520,mixed,0.0900992,227299
orkut,8,sparse,25,0.383526,0.17867,0.115375,3.98965,8203658,mixed,0.177516,1756547
orkut,8,sparse,26,0.93721,0.208497,0.129888,17.9911,90808455,mixed,0.594117,8922984
orkut,8,sparse,27,0.281521,0.174083,0.0925759,2.20735,34188630,mixed,0.252749,386812
orkut,8,sparse,28,0.357305,0.170612,0.101009,4.41636,92861945,mixed,0.252478,1039585
orkut,8,sparse,29,0.133478,0.144743,0.124766,0.876628,159265345,mixed,0.085528,157480
orkut,8,sparse,30,0.0830182,0.18228,0.0879704,0.652324,6936870135,mixed,0.0569616,238841
orkut,8,sparse,31,0.20417,0.145084,0.069841,1.20812,176310970,mixed,0.0731406,216813
orkut,8,sparse,32,0.215701,0.207847,0.107592,1.7374,184990017,mixed,0.0585976,878512
orkut,8,sparse,33,0.265599,0.222425,0.0850846,2.1437,31596444,mixed,0.204327,464584
orkut,8,sparse,34,0.119885,0.238912,0.0743346,0.98804,417744825,mixed,0.0846672,297824
orkut,8,sparse,35,0.279993,0.183147,0.119393,2.12207,2169441,mixed,0.169738,1133746
orkut,8,sparse,36,0.0731416,0.187089,0.112521,0.599682,4689733,mixed,0.0463536,238336
orkut,8,sparse,37,1.5542,0.221745,0.127925,34.8519,12514511,mixed,0.830016,21520529
orkut,8,sparse,38,0.211771,0.201802,0.0749454,1.24406,85193202,mixed,0.0788332,281786
orkut,8,sparse,39,0.140063,0.204209,0.0929776,0.86888,231061233,mixed,0.073386,247571
orkut,8,sparse,40,0.102389,0.18766,0.0943381,0.747927,152094953,mixed,0.0721807,292330
orkut,8,sparse,41,0.178408,0.211345,0.10424,1.37938,37304323,mixed,0.120105,530680
orkut,8,sparse,42,0.213039,0.1888,0.0933935,1.70342,52987143,mixed,0.159247,663661
orkut,8,sparse,43,0.128035,0.19645,0.100711,1.0425,18661953,mixed,0.093955,324360
orkut,8,sparse,44,0.0772675,0.223306,0.0828706,0.612364,303782321,mixed,0.0594909,253666
orkut,8,sparse,45,0.0654245,0.161039,0.0748897,0.510562,358218952,mixed,0.0326431,208642
orkut,8,sparse,46,0.245786,0.211579,0.0964222,1.77172,60490894,mixed,0.0684084,971793
orkut,8,sparse,47,0.312371,0.221314,0.101914,2.38209,81804683,mixed,0.241923,672552
orkut,8,sparse,48,0.0909159,0.227906,0.0970566,0.685607,20609844401,mixed,0.051152,236557
orkut,8,sparse,49,0.331039,0.176267,0.0964615,2.29097,95526817,mixed,0.114895,745533
orkut,8,sparse,50,0.262705,0.17492,0.0940947,1.70914,1133493399,mixed,0.182293,258703
orkut,8,sparse,51,0.0505111,0.214539,0.0985355,0.471608,84301806,mixed,0.0360624,218746
orkut,8,sparse,52,0.0772609,0.197622,0.0919982,0.605721,1417027903,mixed,0.0481859,233781
orkut,8,sparse,53,0.294206,0.234374,0.0989433,2.08557,9160327,mixed,0.0376221,460204
orkut,8,sparse,54,0.140378,0.230139,0.126118,1.60169,3746747,mixed,0.117154,875892
orkut,8,sparse,55,0.178439,0.234391,0.0831857,1.37448,167478013,mixed,0.147322,431286
orkut,8,sparse,56,0.280698,0.172152,0.106316,2.54778,15869848,mixed,0.210924,783984
orkut,8,sparse,57,0.114099,0.20251,0.0883718,0.935959,52061678,mixed,0.0664133,558603
orkut,8,sparse,58,0.43377,0.190119,0.106767,3.12919,129528378,mixed,0.396716,887555
orkut,8,sparse,59,0.308927,0.141216,0.0957776,3.40154,110852721,mixed,0.275326,1024243
orkut,8,sparse,60,0.131077,0.181396,0.0868997,1.2078,73035248,mixed,0.0755329,499046
orkut,8,sparse,61,0.118976,0.175739,0.0805529,0.768749,163093189278,mixed,0.0573488,219871
orkut,8,sparse,62,0.184328,0.192755,0.0896442,1.06349,6689138,mixed,0.0694709,221244
orkut,8,sparse,63,0.0729944,0.132614,0.10188,0.603878,64843996,mixed,0.0594136,246724
orkut,8,sparse,64,0.285871,0.208468,0.110218,2.9577,99466641,mixed,0.168784,1999981
orkut,8,sparse,65,0.312526,0.175681,0.0939098,3.72163,3923620406,mixed,0.216011,1202101
orkut,8,sparse,66,0.101966,0.226544,0.0745785,0.713923,2267258441,mixed,0.0365926,211315
orkut,8,sparse,67,0.273968,0.190552,0.10384,2.78169,344039194,mixed,0.195815,862518
orkut,8,sparse,68,0.802996,0.153938,0.0962698,12.8538,273966630,mixed,0.757486,3436800
orkut,8,sparse,69,0.352658,0.196783,0.0909312,3.33469,31456870,mixed,0.219506,1001707
orkut,8,sparse,70,0.154829,0.171579,0.127763,0.977768,893084,mixed,0.0932679,402801
orkut,8,sparse,71,0.0897367,0.157091,0.0869789,0.666741,23907520,mixed,0.0538128,266117
orkut,8,sparse,72,0.442098,0.18274,0.105634,5.61044,18048580,mixed,0.26635,1904060
orkut,8,sparse,73,0.18177,0.165818,0.0863802,1.24304,10517516884,mixed,0.120097,243534
orkut,8,sparse,74,0.368664,0.151048,0.0955971,3.42383,766258107,mixed,0.255127,1160307
orkut,8,sparse,75,0.194416,0.147777,0.100246,1.67395,332022566,mixed,0.16621,736664
orkut,8,sparse,76,0.267826,0.203495,0.0975879,1.85488,232763274,mixed,0.137144,323238
orkut,8,sparse,77,0.107588,0.193361,0.0734818,0.811902,250132390,mixed,0.0614979,290194
orkut,8,sparse,78,0.121627,0.211912,0.092247,0.890493,465241707,mixed,0.0880638,303544
orkut,8,sparse,79,0.238575,0.204291,0.122688,2.28513,7008744,mixed,0.123873,998415
orkut,8,sparse,80,0.0894871,0.205245,0.114949,0.742987,21521647,mixed,0.0608031,312877
orkut,8,sparse,81,0.115192,0.209957,0.0808495,1.19808,292122423,mixed,0.0760747,612217
orkut,8,sparse,82,0.234904,0.218247,0.112178,1.61627,41304099,mixed,0.178363,375707
orkut,8,sparse,83,0.269778,0.215214,0.098512,2.01656,58158904,mixed,0.208294,518938
orkut,8,sparse,84,0.170406,0.204989,0.098981,1.12064,279170972,mixed,0.0867249,271184
orkut,8,sparse,85,0.30043,0.231397,0.112534,2.22291,4682498,mixed,0.232884,753996
orkut,8,sparse,86,0.170964,0.198109,0.106213,1.97538,50730079,mixed,0.127997,1174660
orkut,8,sparse,87,0.300517,0.224001,0.112157,2.35185,7123295,mixed,0.201638,936342
orkut,8,sparse,88,0.345139,0.219499,0.0837713,2.7648,690115599,mixed,0.212192,1004432
orkut,8,sparse,89,0.168027,0.212972,0.100858,1.96243,52596401,mixed,0.123133,1055597
orkut,8,sparse,90,0.0620307,0.150131,0.100181,0.576172,56605573,mixed,0.0403529,227955
orkut,8,sparse,91,0.13742,0.213997,0.0755401,1.10088,228034967,mixed,0.102961,282351
orkut,8,sparse,92,0.234974,0.195716,0.0835761,1.48325,6163576359,mixed,0.126967,235404
orkut,8,sparse,93,0.571156,0.182686,0.11342,6.88804,20232444,mixed,0.435707,1115415
orkut,8,sparse,94,0.0783661,0.207976,0.0723618,0.581943,3797103790,mixed,0.0514356,226118
orkut,8,sparse,95,0.160411,0.159061,0.102912,1.02222,98833927,mixed,0.0741123,211999
orkut,8,sparse,96,0.177476,0.207567,0.106935,1.27136,6030354,mixed,0.155445,259970
orkut,8,sparse,97,0.361281,0.205867,0.120868,2.77758,41239012,mixed,0.222389,1091069
orkut,8,sparse,98,0.128798,0.190177,0.0798814,0.993288,6511009833,mixed,0.0662535,294649
orkut,8,sparse,99,0.184034,0.194248,0.0813988,1.11317,4673748521,mixed,0.0813853,231685
orkut,8,sparse,100,0.201085,0.228391,0.11077,1.36243,43231350,mixed,0.0551338,274996
