dataset,query_size,query_mode,query_index,elapsed_execution_time,filter_time,plan_time,enumerate_time,n_embeddings,order,max_task_time,n_intersections
orkut,8,dense,1,0.565648,0.860076,0.00265905,14.08,718319,mixed,0.111312,225697
orkut,8,dense,2,0.0926944,0.84928,0.00237322,0.751495,2122314,mixed,0.0561508,272058
orkut,8,dense,3,0.124718,0.889794,0.00222516,0.820289,4243645,mixed,0.0415593,212391
orkut,8,dense,4,0.198701,0.932316,0.0026426,1.92131,447770,mixed,0.132325,743612
orkut,8,dense,5,0.0775539,0.881445,0.00229369,0.71901,1867295,mixed,0.0659151,301179
orkut,8,dense,6,0.126734,0.919419,0.00226591,1.06848,1517097,mixed,0.0986074,348792
orkut,8,dense,7,0.130741,0.88194,0.00219265,0.750337,86953,mixed,0.0430771,231264
orkut,8,dense,8,0.133907,0.79814,0.0023357,0.887092,832973,mixed,0.0612865,254651
orkut,8,dense,9,0.088509,0.842848,0.00221362,0.703673,878420,mixed,0.052175,219557
orkut,8,dense,10,0.303517,0.908394,0.00227188,4.22456,336570,mixed,0.236529,695300
orkut,8,dense,11,0.378775,0.909193,0.00210926,3.64441,3409886,mixed,0.086921,576774
orkut,8,dense,12,0.128754,0.996557,0.00191198,0.78513,41893,mixed,0.0655965,230512
orkut,8,dense,13,0.167549,0.90352,0.00223095,1.38658,13113350,mixed,0.110161,281658
orkut,8,dense,14,0.0799963,0.844178,0.00238826,0.675059,473717,mixed,0.0416262,196586
orkut,8,dense,15,0.174811,0.880163,0.00196203,1.485,477307,mixed,0.0624369,611529
orkut,8,dense,16,0.0596052,0.942216,0.00212833,0.639056,52467,mixed,0.0364975,270103
orkut,8,dense,17,0.525269,0.824737,0.00217912,10.6836,480851,mixed,0.170741,440383
orkut,8,dense,18,0.138891,0.975252,0.00214764,1.07326,101888,mixed,0.0396583,474457
orkut,8,dense,19,0.294519,0.893696,0.00213994,3.48963,664630,mixed,0.218148,633081
orkut,8,dense,20,0.265813,0.885539,0.00226657,2.77943,29231796,mixed,0.0914516,250327
orkut,8,dense,21,0.177806,0.932913,0.00213142,2.41346,80712,mixed,0.106756,1551751
orkut,8,dense,22,0.150029,0.875741,0.00238535,1.24897,283362,mixed,0.0546901,618271
orkut,8,dense,23,0.165095,0.888814,0.00207779,1.26722,3446020,mixed,0.0682668,229935
orkut,8,dense,24,0.127919,0.953429,0.00211244,1.24976,2129524,mixed,0.0959849,279247
orkut,8,dense,25,0.156983,0.8842,0.00208313,1.31462,3545761,mixed,0.11723,268926
orkut,8,dense,26,0.0764227,0.836775,0.00205936,0.808072,244040,mixed,0.0569921,370305
orkut,8,dense,27,0.175919,0.952414,0.00206426,1.46075,48329,mixed,0.124565,327574
orkut,8,dense,28,0.145142,0.95556,0.00214698,1.32287,19729269,mixed,0.0623175,438654
orkut,8,dense,29,0.0961696,0.863474,0.00204105,0.677367,549592,mixed,0.0576204,217797
orkut,8,dense,30,0.0994689,0.761386,0.00237435,0.726602,1993588,mixed,0.031108,184632
orkut,8,dense,31,0.0787008,0.793084,0.00225609,0.817587,797987,mixed,0.058213,296400
orkut,8,dense,32,0.0967967,1.026,0.00204816,0.932877,71261,mixed,0.059082,265926
orkut,8,dense,33,0.0674853,0.910074,0.00222753,0.578398,2052619,mixed,0.0468623,214546
orkut,8,dense,34,0.157703,0.956252,0.00205072,0.818511,784928,mixed,0.0472388,243551
orkut,8,dense,35,0.0989962,0.88585,0.00234095,0.825963,4389398,mixed,0.0554724,274948
orkut,8,dense,36,0.127499,0.856319,0.0022903,0.958122,1200655,mixed,0.0739153,245278
orkut,8,dense,37,0.095672,0.871351,0.00225856,0.910523,187779,mixed,0.0618322,529214
orkut,8,dense,38,0.0747052,0.819589,0.00216926,0.603796,755522,mixed,0.0513322,231992
orkut,8,dense,39,0.0824825,0.890823,0.00241418,1.18803,166599,mixed,0.0480141,731811
orkut,8,dense,40,0.0947198,0.876228,0.00220426,0.8308,5899798,mixed,0.0678159,221572
orkut,8,dense,41,0.0649089,0.808195,0.00213377,0.600863,230916,mixed,0.0513594,225552
orkut,8,dense,42,0.0950384,0.917195,0.00234349,0.73602,829116,mixed,0.0603974,213438
orkut,8,dense,43,0.203476,0.922036,0.00209426,1.35756,106850,mixed,0.13592,328737
orkut,8,dense,44,0.156858,0.869757,0.00246137,1.14483,2426282,mixed,0.0899892,226265
orkut,8,dense,45,0.07051,0.796523,0.00240339,0.706248,6229287,mixed,0.0447659,242534
orkut,8,dense,46,0.250073,0.980574,0.00207088,1.96862,62796,mixed,0.0456964,725130
orkut,8,dense,47,0.278476,0.876075,0.00232566,3.25209,60414,mixed,0.145168,474095
orkut,8,dense,48,0.162105,0.99631,0.00211719,1.19088,122226,mixed,0.0639858,197402
orkut,8,dense,49,0.23689,0.947504,0.00222201,2.05643,1109043,mixed,0.135153,295045
orkut,8,dense,50,0.304535,0.866396,0.00232054,2.71114,432792,mixed,0.115336,1214635
orkut,8,dense,51,0.0815698,0.810524,0.00208034,0.862391,2917114,mixed,0.0521179,248393
orkut,8,dense,52,0.160844,0.897935,0.00231064,1.19249,2651687,mixed,0.0756559,524864
orkut,8,dense,53,0.0736097,0.791849,0.00232778,0.614561,7400846,mixed,0.0454618,206628
orkut,8,dense,54,0.191533,0.911753,0.00216998,1.44638,86643,mixed,0.117669,388998
orkut,8,dense,55,0.0666749,0.919754,0.00216288,0.75648,466090,mixed,0.045699,251489
orkut,8,dense,56,0.145693,0.939842,0.00208489,1.25442,2180718,mixed,0.0890268,392051
orkut,8,dense,57,0.164699,0.869553,0.00202277,1.28581,242474,mixed,0.0920909,340092
orkut,8,dense,58,0.06202,0.918054,0.00206022,0.531409,1704610,mixed,0.0220862,232169
orkut,8,dense,59,0.067804,0.854214,0.00213473,0.596102,496773,mixed,0.0491825,241099
orkut,8,dense,60,0.0574348,0.923855,0.00194218,0.509964,44102,mixed,0.0228451,209232
orkut,8,dense,61,0.156352,0.923784,0.0022991,0.96464,26973759,mixed,0.0587911,211702
orkut,8,dense,62,0.209419,0.910454,0.0019676,1.66389,1344853,mixed,0.140085,1059694
orkut,8,dense,63,0.10324,0.771789,0.00243018,0.687356,2370397,mixed,0.0574158,207550
orkut,8,dense,64,0.0658501,0.820479,0.00223291,0.55886,3439603,mixed,0.0460959,210589
orkut,8,dense,65,0.257116,0.879374,0.00224949,2.39439,276528,mixed,0.128367,228395
orkut,8,dense,66,0.212843,0.851502,0.00213498,3.40502,98319,mixed,0.118497,2128689
orkut,8,dense,67,0.265802,0.916153,0.00242462,2.42093,3174636,mixed,0.0364888,149292
orkut,8,dense,68,0.206736,0.865474,0.00223427,1.33573,470383,mixed,0.0349202,214948
orkut,8,dense,69,0.194688,0.933721,0.00214745,1.18066,39866,mixed,0.0638036,262366
orkut,8,dense,70,0.138053,0.913413,0.00229122,0.861675,445564,mixed,0.0541459,162575
orkut,8,dense,71,0.105222,0.931941,0.00208648,0.660851,1801527,mixed,0.0404913,223959
orkut,8,dense,72,0.233232,0.943278,0.00210437,1.46853,4322214,mixed,0.0628362,221481
orkut,8,dense,73,0.130558,0.908426,0.00237223,0.81605,234693,mixed,0.0775218,275139
orkut,8,dense,74,0.0756084,0.919237,0.00228921,0.656287,105581,mixed,0.0598954,265150
orkut,8,dense,75,0.0577502,0.910284,0.00234384,0.570513,504596,mixed,0.0397012,211221
orkut,8,dense,76,0.11096,0.767768,0.00212521,0.882306,777684,mixed,0.0470782,156146
orkut,8,dense,77,0.0962328,0.870426,0.00232031,0.956345,310132,mixed,0.0674368,237102
orkut,8,dense,78,0.0907211,0.915601,0.00223438,0.768373,857836,mixed,0.0581565,242039
orkut,8,dense,79,0.172719,0.852475,0.00239763,1.54053,3641191,mixed,0.0941851,651328
orkut,8,dense,80,0.178265,0.910302,0.00213569,1.30794,20931,mixed,0.135898,589973
orkut,8,dense,81,0.0482485,0.961943,0.00203871,0.475446,35958,mixed,0.0310405,225585
orkut,8,dense,82,0.161384,0.925137,0.00236188,1.58643,82485,mixed,0.110832,699043
orkut,8,dense,83,0.175916,0.8131,0.00238941,1.75921,1745618,mixed,0.128312,233704
orkut,8,dense,84,0.0592686,0.90646,0.00239326,0.546711,36608,mixed,0.0439794,242233
orkut,8,dense,85,0.174031,0.916261,0.00223282,1.04047,11578532,mixed,0.0413198,219499
orkut,8,dense,86,0.0994614,0.755992,0.00254854,0.708707,39979669,mixed,0.0560436,136983
orkut,8,dense,87,0.0616238,0.919402,0.00216272,0.557703,222379,mixed,0.0429903,205623
orkut,8,dense,88,0.0941685,0.955497,0.00237088,0.94593,169083,mixed,0.0524368,551227
orkut,8,dense,89,0.0802372,0.869804,0.00222995,0.71729,1573170,mixed,0.0576889,267197
orkut,8,dense,90,0.0677122,0.987518,0.00196813,0.59404,79559,mixed,0.0444614,221824
orkut,8,dense,91,0.0803774,0.95094,0.00227276,0.782996,1874277,mixed,0.0568664,238548
orkut,8,dense,92,0.149653,0.916697,0.00213716,1.36711,2154545,mixed,0.108889,273902
orkut,8,dense,93,0.101557,0.941649,0.00212154,0.849586,86190,mixed,0.0370266,301263
orkut,8,dense,94,0.228274,0.970664,0.00211261,1.39172,217955,mixed,0.112342,282909
orkut,8,dense,95,0.150696,0.869308,0.00216332,1.72306,129107,mixed,0.0925506,989673
orkut,8,dense,96,0.0936063,0.880309,0.00178762,0.906739,49136,mixed,0.0675008,454021
orkut,8,dense,97,0.0690905,0.851523,0.00201237,0.621691,169275,mixed,0.0472503,266255
orkut,8,dense,98,0.0612803,0.86881,0.0019566,0.628592,6559768,mixed,0.0359686,264412
orkut,8,dense,99,0.0964171,0.799558,0.00264887,0.873082,10965512,mixed,0.0408439,239777
orkut,8,dense,100,0.145451,0.900231,0.00250381,1.06629,19363130,mixed,0.11172,213528
orkut,8,sparse,1,0.341147,0.713485,0.00268635,5.44705,155913823,mixed,0.23001,1554345
orkut,8,sparse,2,0.703044,0.77581,0.00223137,13.8236,33553669,mixed,0.360765,11231536
orkut,8,sparse,3,0.848081,0.771118,0.00204892,16.8037,1468515,mixed,0.602629,8902829
orkut,8,sparse,4,0.0470427,0.72516,0.00223624,0.493647,23526117,mixed,0.0352288,255847
orkut,8,sparse,5,0.0728561,0.780345,0.00273401,0.691325,3042220,mixed,0.0457422,208404
orkut,8,sparse,6,0.221349,0.735332,0.00265539,2.15234,1013013448,mixed,0.143172,962055
orkut,8,sparse,7,2.15841,0.760772,0.00234113,51.2144,4026379,mixed,0.51988,38755959
orkut,8,sparse,8,0.0956504,0.691108,0.00242091,0.854839,651677125,mixed,0.0628112,299675
orkut,8,sparse,9,0.192426,0.753334,0.00223752,3.51636,27276848,mixed,0.0905369,1798496
orkut,8,sparse,10,0.196891,0.772326,0.00219373,1.54739,70935632,mixed,0.133664,286742
orkut,8,sparse,11,0.14087,0.724962,0.00236043,1.58024,41016725,mixed,0.0870762,421148
orkut,8,sparse,12,0.209672,0.720578,0.00284434,1.53566,36613295,mixed,0.0300638,204218
orkut,8,sparse,13,1.26745,0.742731,0.00235594,28.3606,210204263,mixed,0.842251,12042386
orkut,8,sparse,14,0.227611,0.711567,0.00231085,2.95422,16368879,mixed,0.144746,1329037
orkut,8,sparse,15,0.37119,0.734093,0.00251622,4.95509,129324939,mixed,0.235454,782643
orkut,8,sparse,16,0.178769,0.811539,0.00279078,1.45256,3491358,mixed,0.0685595,203345
orkut,8,sparse,17,0.227395,0.713425,0.00321362,1.76985,7174466252,mixed,0.120921,238369
orkut,8,sparse,18,0.258689,0.691509,0.00225362,2.91914,235463640,mixed,0.204564,828792
orkut,8,sparse,19,0.304455,0.743334,0.00219966,4.69879,7035951,mixed,0.143676,3426364
orkut,8,sparse,20,0.109858,0.772406,0.00258544,1.04703,68766188,mixed,0.0505956,532090
orkut,8,sparse,21,0.153606,0.756752,0.00236353,1.39366,8157848,mixed,0.0880084,339683
orkut,8,sparse,22,0.354602,0.731038,0.0022017,4.2401,35838711,mixed,0.283636,731145
orkut,8,sparse,23,0.172867,0.731318,0.00257174,1.5331,757901461,mixed,0.123852,238781
orkut,8,sparse,24,0.116071,0.785336,0.00266825,1.05528,99195520,mixed,0.0955854,218939
orkut,8,sparse,25,0.491507,0.756678,0.00228,6.23552,8203658,mixed,0.392415,967152
orkut,8,sparse,26,0.681354,0.749729,0.00212947,13.6093,90808455,mixed,0.474354,8969500
orkut,8,sparse,27,0.191784,0.78036,0.00225146,2.06957,34188630,mixed,0.121633,401642
orkut,8,sparse,28,0.448108,0.688154,0.0020749,5.34192,92861945,mixed,0.258603,1470273
orkut,8,sparse,29,0.192289,0.628188,0.002078,1.82437,159277509,mixed,0.153296,213192
orkut,8,sparse,30,0.0844914,0.757047,0.00271414,0.838028,6936870135,mixed,0.0513481,235333
orkut,8,sparse,31,0.0907897,0.769549,0.00235078,0.724101,176310970,mixed,0.048048,212601
orkut,8,sparse,32,0.22551,0.695095,0.0023014,2.17085,184990017,mixed,0.150077,911351
orkut,8,sparse,33,0.163734,0.7649,0.00238711,1.65865,31596444,mixed,0.0835857,442762
orkut,8,sparse,34,0.175635,0.70317,0.00240417,1.75318,417744825,mixed,0.13143,292102
orkut,8,sparse,35,0.384071,0.772637,0.00243043,4.05414,2169441,mixed,0.274798,1038975
orkut,8,sparse,36,0.107217,0.838776,0.00246231,0.948633,4689733,mixed,0.0584411,304042
orkut,8,sparse,37,0.465532,0.73828,0.00215279,7.32694,12514511,mixed,0.296735,3703717
orkut,8,sparse,38,0.0758831,0.796523,0.00233017,0.706193,85193202,mixed,0.0623605,299894
orkut,8,sparse,39,0.141106,0.842039,0.00231337,1.19141,231061233,mixed,0.0819759,248043
orkut,8,sparse,40,0.0928219,0.728811,0.00275077,0.830876,152094953,mixed,0.05282,289273
orkut,8,sparse,41,0.128684,0.694279,0.00214973,1.27496,37304323,mixed,0.104863,633343
orkut,8,sparse,42,0.269835,0.700754,0.0025236,2.24149,52987143,mixed,0.0425732,575839
orkut,8,sparse,43,0.28579,0.76617,0.00251485,2.03412,18661953,mixed,0.194913,637518
orkut,8,sparse,44,0.215296,0.710296,0.00236036,1.75161,303782321,mixed,0.0976764,288003
orkut,8,sparse,45,0.0921456,0.766383,0.00273664,0.633165,358218952,mixed,0.0327825,199424
orkut,8,sparse,46,0.164649,0.794681,0.00252729,1.29969,60490894,mixed,0.124284,354106
orkut,8,sparse,47,0.258413,0.709737,0.00234257,2.59859,81804683,mixed,0.18447,682638
orkut,8,sparse,48,0.103657,0.736881,0.00283737,0.88196,20609844401,mixed,0.0481222,233656
orkut,8,sparse,49,0.309963,0.801348,0.00241133,2.04989,95526817,mixed,0.223583,927851
orkut,8,sparse,50,0.124896,0.781776,0.00275153,1.2342,1133493399,mixed,0.0793696,244389
orkut,8,sparse,51,0.0780665,0.781323,0.00240931,0.701048,84301806,mixed,0.042297,218854
orkut,8,sparse,52,0.10512,0.787162,0.00248527,1.00733,1417027903,mixed,0.0760417,254955
orkut,8,sparse,53,0.147122,0.869442,0.00224754,1.59725,9160327,mixed,0.073455,684455
orkut,8,sparse,54,0.313367,0.817596,0.00223442,2.19546,3746747,mixed,0.118641,918993
orkut,8,sparse,55,0.268077,0.743722,0.00233717,2.65628,167478013,mixed,0.197817,412617
orkut,8,sparse,56,0.286693,0.755324,0.00244581,3.07987,15869848,mixed,0.220774,782601
orkut,8,sparse,57,0.26726,0.680601,0.00236237,2.40376,52061678,mixed,0.184795,695825
orkut,8,sparse,58,0.292326,0.789318,0.00229229,2.8371,129528378,mixed,0.23725,769433
orkut,8,sparse,59,0.225176,0.701828,0.00206671,3.16948,110852721,mixed,0.139962,1026864
orkut,8,sparse,60,0.231506,0.731573,0.0024426,1.90803,73035248,mixed,0.101487,491826
orkut,8,sparse,61,0.0861074,0.775789,0.00271329,0.672856,163093189278,mixed,0.0505681,220912
orkut,8,sparse,62,0.0890194,0.784824,0.00221952,0.939924,6689138,mixed,0.0553681,213512
orkut,8,sparse,63,0.0979746,0.767893,0.00243868,0.941545,64843996,mixed,0.0741815,266297
orkut,8,sparse,64,0.27682,0.722385,0.00240098,3.18471,99466623,mixed,0.109528,1423841
orkut,8,sparse,65,0.527633,0.728195,0.00257768,5.43446,3923620406,mixed,0.408583,1220161
orkut,8,sparse,66,0.0903306,0.728332,0.00254913,0.775318,2267258441,mixed,0.0611114,222610
orkut,8,sparse,67,0.453571,0.776899,0.00236675,4.93194,344039194,mixed,0.397699,834964
orkut,8,sparse,68,0.901628,0.773057,0.00230851,14.552,273966630,mixed,0.796512,3614421
orkut,8,sparse,69,0.205352,0.742789,0.00246703,2.59885,31456870,mixed,0.0950663,901742
orkut,8,sparse,70,0.168059,0.754366,0.0020872,1.7393,893084,mixed,0.0862254,472033
orkut,8,sparse,71,0.165576,0.792171,0.00215528,1.30929,23907520,mixed,0.0521074,321100
orkut,8,sparse,72,0.647667,0.695449,0.00226247,7.46767,18046249,mixed,0.41226,2675574
orkut,8,sparse,73,0.15274,0.77865,0.0025091,1.11891,10517516884,mixed,0.0740352,261938
orkut,8,sparse,74,0.192026,0.750101,0.00269905,2.21798,766258107,mixed,0.0916068,1095667
orkut,8,sparse,75,0.260254,0.768588,0.00247156,2.25936,332022566,mixed,0.179969,734893
orkut,8,sparse,76,0.148874,0.718553,0.00235252,1.36754,232763274,mixed,0.108473,276361
orkut,8,sparse,77,0.0909112,0.769603,0.00241083,0.755908,250132390,mixed,0.0727028,282490
orkut,8,sparse,78,0.141123,0.740507,0.00244452,1.39879,465241707,mixed,0.0933513,308225
orkut,8,sparse,79,0.181693,0.746669,0.00235423,3.71849,7008385,mixed,0.106428,2407404
orkut,8,sparse,80,0.111833,0.78792,0.00271145,1.02475,21521647,mixed,0.06953,326058
orkut,8,sparse,81,0.168817,0.738845,0.00256939,1.68572,292122423,mixed,0.0957945,525175
orkut,8,sparse,82,0.238372,0.768549,0.00265591,2.21223,41304099,mixed,0.135666,224372
orkut,8,sparse,83,0.253026,0.726904,0.00219574,2.6814,58158904,mixed,0.138992,553991
orkut,8,sparse,84,0.248404,0.751601,0.00261264,2.09609,279170972,mixed,0.0710881,588118
orkut,8,sparse,85,0.25554,0.737427,0.00218139,2.10638,4682498,mixed,0.156923,546110
orkut,8,sparse,86,0.250918,0.705819,0.00226064,2.83512,50730079,mixed,0.119554,1538320
orkut,8,sparse,87,0.134101,0.72299,0.00233834,1.49067,7123295,mixed,0.0928151,308933
orkut,8,sparse,88,0.392308,0.707963,0.0022589,4.18979,690115599,mixed,0.102831,823848
orkut,8,sparse,89,0.231594,0.705253,0.00242454,2.95489,52596401,mixed,0.121043,1503792
orkut,8,sparse,90,0.0735692,0.836089,0.00266363,0.727564,56605573,mixed,0.050544,219060
orkut,8,sparse,91,0.106123,0.719956,0.00233229,0.985353,228034967,mixed,0.0828641,270709
orkut,8,sparse,92,0.142262,0.738029,0.00265434,1.16265,6163576359,mixed,0.107408,243661
orkut,8,sparse,93,0.210487,0.791297,0.00260108,2.08104,20232912,mixed,0.189395,510229
orkut,8,sparse,94,0.165637,0.723684,0.00270072,1.3295,3797103790,mixed,0.0572447,224612
orkut,8,sparse,95,0.205966,0.858572,0.00267266,1.53663,98833927,mixed,0.0834388,204382
orkut,8,sparse,96,0.214173,0.791139,0.00228411,1.87915,6030455,mixed,0.178945,261116
orkut,8,sparse,97,0.246525,0.760168,0.00235804,3.36208,41239012,mixed,0.138133,2091084
orkut,8,sparse,98,0.161178,0.732728,0.00246413,1.65957,6511010115,mixed,0.103,287936
orkut,8,sparse,99,0.165142,0.719195,0.00257089,1.8418,4673748521,mixed,0.129704,228557
orkut,8,sparse,100,0.129718,0.748483,0.00245874,1.47483,43231350,mixed,0.0983009,240460
