dataset,query_size,query_mode,query_index,elapsed_execution_time,filter_time,plan_time,enumerate_time,n_embeddings,order,max_task_time,n_intersections
human,8,dense,1,1.01748,0.00837209,0.000915141,19.9512,4104560319,0 6 1 2 3 7 4 5 ,0.682922,3563326
human,8,dense,2,2.90554,0.0151302,0.00166756,77.3614,135118306,mixed,1.70429,40423423
human,8,dense,3,0.328857,0.00431882,0.000961058,0.378069,6306706800,2 0 1 3 5 7 4 6 ,0.209254,175804
human,8,dense,4,0.428784,0.0078005,0.000886339,1.12346,91743660,0 1 2 3 4 5 7 6 ,0.208159,424397
human,8,dense,5,19.4065,0.012353,0.001018,545.505,236133137485,7 0 1 2 3 4 5 6 ,18.4986,93719841
human,8,dense,6,0.00368518,0.00244741,0.00117947,0.00358508,330225,1 0 2 6 7 3 4 5 ,0.00358508,32
human,8,dense,7,0.00107415,0.00205282,0.00093623,0.000958944,68531400,5 6 4 1 0 2 3 7 ,0.000958944,138
human,8,dense,8,251.107,0.0114962,0.000960658,8009.0,23513204524,0 3 4 1 2 5 6 7 ,56.3903,2027246719
human,8,dense,9,16.4286,0.00955585,0.000979642,487.308,30929486173,7 6 4 0 1 2 3 5 ,15.8733,202771968
human,8,dense,11,15.7326,0.0102063,0.00167168,491.563,5273250577,mixed,14.8442,7825251
human,8,dense,12,1.97857,0.00386166,0.000980254,1.97833,344150688,7 3 0 1 2 4 5 6 ,1.97833,795
human,8,dense,13,101.053,0.0126381,0.0010523,3054.87,6640508456,0 1 2 3 4 5 6 7 ,74.144,1192632929
human,8,dense,14,19.2944,0.00474008,0.00157838,41.3299,1899003419,mixed,19.2938,21204604
human,8,dense,15,1.57974,0.00500755,0.000892304,37.1572,154757235,0 2 6 4 7 1 3 5 ,1.32976,13010179
human,8,dense,16,0.000608411,0.00314733,0.000869757,0.000457673,1080,1 2 5 7 0 3 4 6 ,0.000457673,80
human,8,dense,17,10.0313,0.0146648,0.00250423,281.774,324152494091,mixed,7.65298,87360147
human,8,dense,18,150.085,0.0141831,0.00108807,4779.82,241965450371,5 6 0 1 2 3 4 7 ,146.587,1688784071
human,8,dense,19,83.9778,0.0100048,0.00233461,2649.21,163255197941,mixed,81.7673,696710
human,8,dense,20,406.294,0.0198937,0.00102848,12990.8,56916340083,0 7 2 3 1 4 5 6 ,97.6456,3119271596
human,8,dense,21,1.96586,0.00314139,0.00107903,1.96557,344150688,7 3 0 1 2 4 5 6 ,1.96557,795
human,8,dense,22,60.0838,0.0118308,0.00095853,1910.47,6245683416,0 5 6 1 2 3 4 7 ,25.9105,466085052
human,8,dense,23,0.949964,0.00365993,0.000927968,0.949807,164388000,3 5 7 0 4 6 1 2 ,0.949807,55460
human,8,dense,24,324.325,0.0208444,0.000848176,10366.8,38562572660,0 7 2 1 3 4 5 6 ,65.5537,3081658634
human,8,dense,25,56.6622,0.0131523,0.00250084,1575.65,9774626326867,mixed,51.5086,196497430
human,8,dense,26,1.81613,0.00871034,0.00197769,44.7473,22147186974,mixed,1.22359,7169052
human,8,dense,27,0.567184,0.00636344,0.00100271,4.05946,552624748,5 0 1 7 2 3 4 6 ,0.335856,898090
human,8,dense,28,25.1573,0.00423135,0.000934922,25.1571,4711983160,0 1 2 3 4 5 6 7 ,25.1571,3966
human,8,dense,29,0.727659,0.00918872,0.00157964,10.6269,220264654170,mixed,0.383656,2110712
human,8,dense,30,8.37053,0.00804352,0.00120849,253.371,955510248,7 0 1 5 2 3 4 6 ,1.77982,79329058
human,8,dense,31,2.33548,0.00975978,0.00184626,55.9425,185098300171,mixed,2.02224,11208553
human,8,dense,32,189.458,0.0179484,0.00110147,5946.71,1865460502530,5 1 3 4 0 2 6 7 ,179.658,981411529
human,8,dense,33,164.314,0.0104295,0.00165219,4944.31,255329375247,mixed,154.171,961353591
human,8,dense,34,1.76269,0.00613136,0.000909765,43.0509,301180362,7 0 1 2 3 4 5 6 ,0.651919,13760269
human,8,dense,35,24.3523,0.0169873,0.00273296,686.885,31792370700,mixed,13.6336,4440881
human,8,dense,36,184.442,0.00560413,0.00100491,184.441,31114478472,7 3 0 1 2 4 5 6 ,184.441,11533
human,8,dense,37,0.0751455,0.0052528,0.000963057,0.0749838,1884636600,6 7 3 0 1 2 4 5 ,0.0749838,25374
human,8,dense,38,55.2027,0.010439,0.000918618,1755.27,18966340275,0 6 1 2 3 4 5 7 ,49.9671,24834024
human,8,dense,39,0.458867,0.00330415,0.000959086,1.58316,872355969,0 1 2 3 6 7 4 5 ,0.244285,882175
human,8,dense,40,0.00759064,0.00411021,0.00094442,0.00742274,36326400,0 2 4 1 3 6 5 7 ,0.00742274,2840
human,8,dense,41,0.126455,0.00632855,0.000990421,0.126284,33420889040,7 0 1 2 3 4 5 6 ,0.126284,43491
human,8,dense,42,0.169365,0.00808207,0.000952124,0.169127,51921828,2 5 6 7 3 4 1 0 ,0.169127,108088
human,8,dense,43,1.24344,0.00855435,0.00170638,20.0165,7688049363,mixed,0.815729,3905650
human,8,dense,44,1.28144,0.00914411,0.00222286,24.2664,744152203,mixed,0.693964,7922491
human,8,dense,45,0.000919612,0.00143069,0.000895901,0.000818251,13500,5 0 6 1 2 3 7 4 ,0.000818251,436
human,8,dense,46,3.07682,0.00385064,0.00108964,3.07666,241741500,5 7 0 1 2 3 4 6 ,3.07666,26690
human,8,dense,47,6.28868,0.0181006,0.002431,192.643,2496355726,mixed,5.05726,99605904
human,8,dense,48,0.112839,0.00465064,0.000949192,0.112603,454256,2 7 0 1 3 4 5 6 ,0.112603,63426
human,8,dense,49,0.0752211,0.00313086,0.000878707,0.0749991,268903008,0 1 2 3 6 7 4 5 ,0.0749991,28718
human,8,dense,50,14.7409,0.0116632,0.00182702,453.45,39301202230,mixed,1.91906,146839762
human,8,dense,51,0.428364,0.00756342,0.0010258,0.798142,7037852577,1 3 4 2 0 6 7 5 ,0.210882,266224
human,8,dense,52,29.1184,0.00728741,0.00106119,918.869,136545915289,0 5 6 1 7 2 3 4 ,26.385,190311428
human,8,dense,53,13.1579,0.0104087,0.00160751,411.705,965521519,mixed,4.50748,111140239
human,8,dense,54,0.922188,0.00943074,0.000948877,16.3539,10730691346,1 5 2 3 6 0 4 7 ,0.570978,2582540
human,8,dense,55,1.96362,0.00316223,0.00102329,1.96337,344150688,7 3 0 1 2 4 5 6 ,1.96337,795
human,8,dense,56,8.26705,0.00866862,0.00128418,242.505,21500964608,0 1 6 2 3 4 5 7 ,4.62394,48276573
human,8,dense,57,149.827,0.0177218,0.000996427,4704.82,970854081446,0 3 1 2 4 5 6 7 ,24.0701,1336802429
human,8,dense,58,4.77073,0.00679387,0.000896888,133.14,24163956664,3 1 2 6 4 5 7 0 ,3.589,26165079
human,8,dense,59,103.614,0.0159476,0.000885888,3303.12,14795058895,0 7 1 2 3 4 5 6 ,88.4528,778244604
human,8,dense,60,0.000693766,0.00139561,0.00106785,0.000531349,16,0 1 2 3 6 7 4 5 ,0.000531349,526
human,8,dense,61,0.00153596,0.0025331,0.000793259,0.00132561,133640,0 4 3 2 1 5 7 6 ,0.00132561,714
human,8,dense,62,98.4606,0.0130102,0.00104202,3140.12,231558516504,0 1 2 3 5 4 6 7 ,93.117,1233724865
human,8,dense,63,1.69253,0.00449898,0.00153122,40.0709,40779579,mixed,1.24225,19946107
human,8,dense,64,1.1202,0.00819283,0.0009807,21.5421,28447253841,3 0 1 4 5 6 7 2 ,0.607707,10732385
human,8,dense,65,27.0071,0.0141891,0.00106082,836.416,50483661252,7 1 2 3 4 5 0 6 ,21.9569,197043722
human,8,dense,67,0.0089485,0.00474367,0.00099431,0.00881867,55262400,3 4 5 1 2 0 6 7 ,0.00881867,3409
human,8,dense,68,59.1546,0.0121662,0.00180134,397.705,658931286,mixed,59.1464,180517335
human,8,dense,69,0.00109902,0.00279862,0.00110066,0.000944339,97683360,0 2 3 4 1 5 6 7 ,0.000944339,229
human,8,dense,70,59.6003,0.0167328,0.000948374,1893.31,339501388690,0 2 6 1 3 4 5 7 ,5.50984,469179595
human,8,dense,71,32.5201,0.0148496,0.000919274,950.017,152636570134,4 7 0 3 1 2 5 6 ,27.1852,268779799
human,8,dense,72,0.00166597,0.00201545,0.000888389,0.00150453,28160,2 1 3 6 0 4 5 7 ,0.00150453,1059
human,8,dense,73,0.675035,0.00794518,0.000927554,5.93848,1888563124,2 4 7 1 3 5 6 0 ,0.443363,2257650
human,8,dense,74,0.217842,0.00466538,0.00160166,0.329963,8221976,mixed,0.205749,221508
human,8,dense,75,0.820452,0.00669727,0.000888435,12.1223,90565683,2 7 0 1 3 4 5 6 ,0.559589,4370685
human,8,dense,76,1.98306,0.00290521,0.00101905,1.98288,344150688,7 3 0 1 2 4 5 6 ,1.98288,795
human,8,dense,77,7.34012,0.00723286,0.00114621,219.462,1491296268,0 1 3 4 6 7 2 5 ,2.47951,50118113
human,8,dense,78,12.3063,0.00961153,0.00192934,380.231,1262670590871,mixed,9.27029,69325328
human,8,dense,79,12.5881,0.00560068,0.000966987,388.739,18576759384,6 0 2 1 3 4 5 7 ,11.6391,156957060
human,8,dense,81,29.3193,0.00782908,0.000891196,919.544,123536200610,1 5 7 6 2 3 4 0 ,26.7506,182022846
human,8,dense,82,0.767332,0.007664,0.00115618,11.0069,6071234974,4 1 2 3 0 6 7 5 ,0.518523,3563556
human,8,dense,83,15.0669,0.0111907,0.000981937,441.259,4399359599216,6 3 4 1 7 0 5 2 ,9.17109,107620936
human,8,dense,84,9.17247,0.0085608,0.000961517,256.894,193080825348,6 7 2 5 1 3 0 4 ,6.55508,47880388
human,8,dense,87,1.9646,0.00388797,0.00111359,1.96436,344150688,7 3 0 1 2 4 5 6 ,1.96436,795
human,8,dense,88,0.0262822,0.00155979,0.000891945,0.0261152,505341,3 1 2 5 6 4 7 0 ,0.0261152,42520
human,8,dense,89,576.497,0.00612293,0.00105089,576.497,97218668988,7 2 0 1 6 3 4 5 ,576.497,24099
human,8,dense,90,5.58313,0.0040335,0.00181592,162.465,4898475720,mixed,3.7244,72925472
human,8,dense,92,0.059843,0.00233297,0.0011655,0.0597316,78624,7 2 1 3 4 0 5 6 ,0.0597316,29020
human,8,dense,93,0.172232,0.0055724,0.00100212,0.172009,1142121672,3 4 5 6 0 1 2 7 ,0.172009,78565
human,8,dense,94,0.700918,0.00681372,0.00158167,8.17875,2429050893,mixed,0.392985,2951027
human,8,dense,95,0.00448427,0.00524947,0.000896977,0.00426996,2071842,5 4 0 6 1 7 2 3 ,0.00426996,1080
human,8,dense,96,259.46,0.0121248,0.000980373,8283.56,19557198970,0 7 1 2 3 4 5 6 ,239.785,2962645314
human,8,dense,97,57.9981,0.014475,0.00240144,1838.65,3873225567,mixed,46.5899,622737607
human,8,dense,98,51.6385,0.0158744,0.000972284,1628.8,284293235732,2 1 3 5 0 4 6 7 ,51.098,304562681
human,8,dense,99,9.39785,0.0136023,0.00104217,283.663,14702411076,1 2 6 7 0 3 4 5 ,4.82764,69614377
human,8,dense,100,2.76051,0.00611368,0.000968687,75.0829,5042060446,1 0 3 6 2 4 5 7 ,1.18081,15648250
human,8,sparse,1,0.43437,0.00798413,0.000977991,0.600877,96433430217,0 6 3 1 2 7 5 4 ,0.249723,188181
human,8,sparse,3,0.0542683,0.00434161,0.000751843,0.0540492,43585007400,2 1 0 7 3 5 6 4 ,0.0540492,20008
human,8,sparse,4,0.116535,0.0064981,0.000702705,0.116228,1370571264,0 1 2 3 7 4 6 5 ,0.116228,73893
human,8,sparse,5,16.9285,0.00950454,0.000921017,527.14,48596251770417,7 0 1 2 4 3 5 6 ,13.9256,99531786
human,8,sparse,6,1.52625,0.00210555,0.00101645,1.52607,242424000,1 0 5 6 7 3 2 4 ,1.52607,1087
human,8,sparse,7,0.0016102,0.00198202,0.000729114,0.00148144,460139400,5 6 4 2 1 3 0 7 ,0.00148144,458
human,8,sparse,8,0.88969,0.00813781,0.0010958,12.733,7035981381852,0 1 4 3 2 7 6 5 ,0.628623,1291727
human,8,sparse,9,1.91786,0.00571036,0.000901502,47.4687,931926099006,7 6 4 3 2 5 1 0 ,0.625009,10365689
human,8,sparse,11,1.59021,0.007182,0.00191584,34.8698,373472838376,mixed,0.77842,4528793
human,8,sparse,12,150.355,0.00288213,0.00127766,150.354,29406390612,7 4 2 0 1 3 5 6 ,150.354,7886
human,8,sparse,14,2.5522,0.00478562,0.0010866,2.55199,59542474371,5 7 6 3 4 1 0 2 ,2.55199,1748007
human,8,sparse,15,0.416173,0.00279604,0.000876504,0.415952,3919024200,0 4 6 7 1 2 5 3 ,0.415952,210249
human,8,sparse,16,0.000646759,0.00219231,0.000671195,0.000544976,246240,1 2 5 7 0 4 3 6 ,0.000544976,134
human,8,sparse,20,1.5149,0.0113667,0.00126703,25.9684,16564338974479,0 7 3 2 6 5 4 1 ,1.11977,4625222
human,8,sparse,21,124.538,0.00278904,0.00105791,124.538,28558234344,7 6 1 2 0 3 5 4 ,124.538,2109
human,8,sparse,22,5.39735,0.0138491,0.000908689,159.48,4027687084037,0 1 6 5 2 4 3 7 ,5.03308,19893766
human,8,sparse,23,0.0428741,0.00386271,0.00116211,0.042709,4880538000,3 4 2 7 0 6 1 5 ,0.042709,22510
human,8,sparse,24,1.00381,0.0125323,0.00148529,16.7457,6983275160382,mixed,0.449866,4488068
human,8,sparse,25,158.541,0.00956804,0.00282503,5025.72,82990553280456,mixed,154.028,460876431
human,8,sparse,26,0.507859,0.0076281,0.00211645,3.29259,44730576260,mixed,0.291045,726368
human,8,sparse,27,0.211068,0.00639193,0.00178823,0.211453,2459334751,mixed,0.210872,45618
human,8,sparse,29,1.90466,0.00812214,0.00158259,48.9118,390140039851,mixed,0.641441,11101680
human,8,sparse,30,1.57242,0.00618974,0.000960147,31.4111,46866169392,7 1 6 0 4 5 2 3 ,1.27531,6863636
human,8,sparse,32,2.16378,0.0125572,0.00110665,42.0113,10168236660597,5 1 3 2 6 4 0 7 ,1.78108,9861506
human,8,sparse,34,8.52822,0.00446077,0.00140444,251.089,22142048608,mixed,7.9674,659709
human,8,sparse,35,229.967,0.0113512,0.00285711,7329.05,455976760162,mixed,161.878,12632543
human,8,sparse,37,0.0168832,0.00498289,0.000945623,0.0166414,16521165000,6 7 3 1 0 2 4 5 ,0.0166414,7125
human,8,sparse,38,2.00974,0.00708962,0.00102741,55.7828,6740868688860,0 6 4 3 5 2 7 1 ,0.805903,7284857
human,8,sparse,39,0.246212,0.00316492,0.00117162,0.246003,3597596128,1 0 2 3 7 6 4 5 ,0.246003,201942
human,8,sparse,40,0.0269094,0.00377404,0.00113656,0.0267235,231666000,0 3 2 1 6 4 5 7 ,0.0267235,15963
human,8,sparse,41,0.758392,0.00706999,0.000758605,0.758231,5208853121472,7 0 1 2 3 5 4 6 ,0.758231,290023
human,8,sparse,42,0.384971,0.0073617,0.00111233,0.708489,1753929210,2 5 4 1 3 6 7 0 ,0.204269,524805
human,8,sparse,43,2.92703,0.00639188,0.00147885,4.1866,120312794324,mixed,2.92682,1977197
human,8,sparse,44,1.10794,0.0106214,0.00218901,19.0711,316132611893,mixed,0.657149,2463633
human,8,sparse,45,0.0188862,0.00146482,0.00102146,0.0186258,235800,5 1 0 3 2 6 7 4 ,0.0186258,4602
human,8,sparse,46,174.596,0.00293248,0.00104025,174.596,23207184000,5 1 3 7 0 6 4 2 ,174.596,318437
human,8,sparse,47,121.203,0.010649,0.002781,3776.08,259946286296,mixed,101.814,9790823
human,8,sparse,48,0.549531,0.00605978,0.000955803,5.56511,285078962,2 7 1 0 4 6 5 3 ,0.403947,2604413
human,8,sparse,49,0.158883,0.00301216,0.00099038,0.158689,1096452672,0 2 1 7 6 3 4 5 ,0.158689,56103
human,8,sparse,51,0.41852,0.00607592,0.00105035,0.951872,11773023074,1 3 4 2 0 6 7 5 ,0.207963,414515
human,8,sparse,52,1.68848,0.00661323,0.00115383,38.1382,1663708413966,6 5 3 0 1 7 2 4 ,1.15077,12156394
human,8,sparse,53,1.62313,0.00780086,0.0016813,37.1105,1013224592038,mixed,0.614159,8315897
human,8,sparse,54,0.0668797,0.00625168,0.00103404,0.0666853,22691566430,1 3 5 2 6 0 4 7 ,0.0666853,28471
human,8,sparse,55,248.521,0.00341122,0.000967194,248.521,56805214680,7 5 0 1 2 6 3 4 ,248.521,6024
human,8,sparse,56,252.73,0.00723096,0.00102952,6965.21,639553304295,0 1 6 4 2 3 5 7 ,229.148,1405408
human,8,sparse,58,0.544844,0.00608214,0.00102815,3.88402,1336301399640,2 3 1 4 6 5 7 0 ,0.225013,705666
human,8,sparse,59,0.270191,0.0112402,0.0010762,0.445731,1400719451782,0 7 6 1 2 4 3 5 ,0.21149,90712
human,8,sparse,60,0.0525181,0.00374701,0.00109649,0.0522954,1333440,3 5 1 2 6 0 4 7 ,0.0522954,24772
human,8,sparse,61,0.00171215,0.00258055,0.000743174,0.00156552,318435,1 6 3 2 5 7 0 4 ,0.00156552,972
human,8,sparse,63,29.3071,0.00332417,0.00169833,845.612,63349066776,mixed,26.9323,463468
human,8,sparse,64,0.43739,0.00692696,0.000989828,3.64104,196871019231,3 0 4 6 1 5 7 2 ,0.22889,1464267
human,8,sparse,66,0.340814,0.00770519,0.00191305,0.956194,6508207290943,mixed,0.220259,147280
human,8,sparse,67,0.0134622,0.00255196,0.000872739,0.0132038,2463834624,3 5 4 2 1 0 6 7 ,0.0132038,3430
human,8,sparse,68,5.77423,0.00825032,0.000919588,175.609,4640207560076,0 1 3 7 2 4 5 6 ,4.99484,26536031
human,8,sparse,69,0.0010256,0.00272195,0.00080724,0.000911538,681995520,0 2 3 4 1 7 5 6 ,0.000911538,259
human,8,sparse,70,2.15469,0.0131449,0.00123321,54.776,11299598975920,mixed,1.80022,7781859
human,8,sparse,71,0.694158,0.0105625,0.00138548,8.25076,3266813584887,mixed,0.3768,2164526
human,8,sparse,72,0.00131302,0.00215216,0.000871843,0.0012199,341760,2 1 3 6 0 5 4 7 ,0.0012199,917
human,8,sparse,73,0.0533091,0.00508659,0.000743231,0.0531281,24356919012,2 4 7 6 5 3 0 1 ,0.0531281,19020
human,8,sparse,74,0.671874,0.00538081,0.00148372,0.72608,1989878990,mixed,0.671693,365610
human,8,sparse,75,0.496709,0.00443477,0.000890547,2.19147,133365084612,2 7 3 0 6 1 4 5 ,0.273749,336282
human,8,sparse,76,227.484,0.00284039,0.00101497,227.484,51970348464,7 4 0 2 1 3 5 6 ,227.484,11694
human,8,sparse,77,0.3737,0.00498825,0.0014147,0.373474,182534345520,1 7 6 0 3 4 2 5 ,0.373474,146804
human,8,sparse,78,5.8138,0.00761625,0.00156871,171.277,32212075544266,mixed,5.6663,34516401
human,8,sparse,82,308.173,0.00607956,0.00126005,8546.84,778979802850,4 2 6 1 3 7 0 5 ,307.807,904972
human,8,sparse,85,8.72922,0.0134222,0.0012209,249.191,406567787136571,0 6 1 3 7 2 4 5 ,7.90664,17379797
human,8,sparse,86,13.809,0.0134851,0.00105147,419.352,126623344145783,2 6 3 7 4 1 5 0 ,13.0897,56363331
human,8,sparse,87,27.9897,0.00270336,0.000953117,27.9895,49795092672,7 3 1 2 0 4 6 5 ,27.9895,1513
human,8,sparse,88,0.0198908,0.00137933,0.000809799,0.0197374,7167186,3 6 5 4 2 1 7 0 ,0.0197374,8719
human,8,sparse,90,1.26172,0.00285636,0.00177417,22.6534,59364565344,mixed,0.762632,2948523
human,8,sparse,91,31.2376,0.015959,0.000966114,979.774,264386553043738,0 4 1 2 7 3 6 5 ,30.2367,110289533
human,8,sparse,92,0.0845719,0.00181522,0.00114977,0.0844348,3902580,7 4 1 0 6 2 3 5 ,0.0844348,3514
human,8,sparse,93,0.0624571,0.00407045,0.000783658,0.0622759,15114669918,3 4 6 0 5 1 7 2 ,0.0622759,19416
human,8,sparse,94,90.617,0.00425488,0.00225244,90.6495,12305634416,mixed,90.6167,144378
human,8,sparse,95,0.0107345,0.00518226,0.000828316,0.0105557,33295704,5 4 1 6 2 0 3 7 ,0.0105557,3008
human,8,sparse,98,2.55416,0.0111378,0.00111982,65.2984,3159443147572,2 1 3 7 5 4 0 6 ,1.5129,10223158
human,8,sparse,99,6.04116,0.00990937,0.000974826,176.958,920729454195,2 1 6 7 0 4 3 5 ,3.61517,27773889
human,8,sparse,100,0.19887,0.00460019,0.001105,0.198694,64575102320,1 4 3 0 6 2 5 7 ,0.198694,91510
