dataset,query_size,query_mode,query_index,elapsed_execution_time,filter_time,plan_time,enumerate_time,n_embeddings,order,max_task_time,n_intersections
youtube2007,8,dense,1,201.156,0.119251,0.159536,6385.56,1304704230570.0,mixed,120.783,3135442557
youtube2007,8,dense,2,307.792,0.160239,0.370842,9022.53,1942081856395.0,mixed,181.945,1625199603
youtube2007,8,dense,3,149.546,0.420167,0.813453,4768.84,355231479177.0,mixed,133.704,1536291940
youtube2007,8,dense,4,2.13514,0.129731,0.0439186,58.9438,905485938.0,mixed,1.16732,21497586
youtube2007,8,dense,5,0.0201397,0.110038,0.00423065,0.0850195,37928.0,mixed,0.00297832,21705
youtube2007,8,dense,6,2.25197,0.282147,0.362076,52.135,2078402394.0,mixed,1.01719,22345503
youtube2007,8,dense,7,156.756,0.0953946,0.2188,4805.84,335740935534.0,mixed,111.752,1817131537
youtube2007,8,dense,9,0.0490651,0.0607835,0.00686523,0.206286,1796513.0,mixed,0.013082,66693
youtube2007,8,dense,10,25.5472,0.195981,0.384848,804.773,30074837469.0,mixed,14.9597,382130490
youtube2007,8,dense,11,386.719,0.178768,0.543426,12359.6,4643680434596.0,mixed,336.656,2730791125
youtube2007,8,dense,12,0.0237911,0.0707833,0.00685014,0.125867,1166590.0,mixed,0.00636411,44842
youtube2007,8,dense,13,900.535,0.30446,0.642684,27076.8,2439015622385.0,mixed,729.271,9388780765
youtube2007,8,dense,14,0.41485,0.10947,0.0112884,8.72367,467322693.0,mixed,0.309191,2547490
youtube2007,8,dense,15,23.5098,0.264601,0.273589,722.552,83621425335.0,mixed,14.2708,315039547
youtube2007,8,dense,16,1382.15,0.196799,0.586357,42588.6,2037932693926.0,mixed,897.916,492423551
youtube2007,8,dense,17,101.123,0.0505839,0.150689,3120.9,340644655268.0,mixed,94.9251,941790056
youtube2007,8,dense,18,0.037643,0.0902566,0.0126892,0.215246,275229.0,mixed,0.0202386,115447
youtube2007,8,dense,19,0.075244,0.110768,0.00971594,0.585356,2444936.0,mixed,0.0326489,245086
youtube2007,8,dense,20,7.61974,0.38263,0.272364,174.381,1110842969.0,mixed,6.34546,97540287
youtube2007,8,dense,21,0.0798193,0.116989,0.0140147,0.546322,13491868.0,mixed,0.0599764,191892
youtube2007,8,dense,22,71.1367,0.261263,0.347563,2233.4,75657970767.0,mixed,41.3021,750630488
youtube2007,8,dense,23,0.246477,0.0927887,0.0447781,1.62538,4362765.0,mixed,0.0872154,710468
youtube2007,8,dense,24,9.33166,0.110594,0.109075,275.14,9586384619.0,mixed,4.47916,101792906
youtube2007,8,dense,25,544.958,0.115851,0.205199,15241.7,564177933989.0,mixed,469.516,4276730152
youtube2007,8,dense,26,0.0242461,0.0901368,0.00654512,0.132272,162032.0,mixed,0.0134443,96309
youtube2007,8,dense,27,0.0609933,0.155326,0.0112795,0.306209,565319.0,mixed,0.0422067,211160
youtube2007,8,dense,28,0.023456,0.127702,0.00445888,0.0738036,209248.0,mixed,0.00358453,19342
youtube2007,8,dense,29,2.18574,0.193681,0.0617575,54.4463,91068504.0,mixed,0.980298,33628923
youtube2007,8,dense,30,5.17064,0.126373,0.0948321,147.225,28310969676.0,mixed,2.26722,42469571
youtube2007,8,dense,31,0.452913,0.162976,0.0699088,4.65696,73058160.0,mixed,0.238099,1909309
youtube2007,8,dense,32,2.50482,0.356965,0.127396,63.0835,1468227389.0,mixed,1.05333,26726809
youtube2007,8,dense,34,550.804,0.108135,0.175854,16185.7,2054610200047.0,mixed,408.701,9408387084
youtube2007,8,dense,35,0.0344147,0.0592772,0.00710237,0.171847,935485.0,mixed,0.0201237,81550
youtube2007,8,dense,37,115.355,0.451776,0.396358,3405.04,56926402385.0,mixed,85.3857,989305722
youtube2007,8,dense,38,400.653,0.27092,0.842938,12310.2,7203959831160.0,mixed,380.255,2302039358
youtube2007,8,dense,39,0.0136595,0.049811,0.00436469,0.0496528,114182.0,mixed,0.00243498,20146
youtube2007,8,dense,40,1.87573,0.174215,0.0549915,46.2167,319003190.0,mixed,0.905245,20110726
youtube2007,8,dense,41,1.52194,0.169706,0.057101,35.1942,562997708.0,mixed,0.960904,21051572
youtube2007,8,dense,42,0.596617,0.164606,0.0479166,10.8192,889508800.0,mixed,0.476201,7398551
youtube2007,8,dense,43,178.643,0.134098,0.340798,5666.12,1336174314495.0,mixed,118.938,1441211909
youtube2007,8,dense,44,33.0062,0.424043,0.406502,947.274,63603910274.0,mixed,29.1637,345914762
youtube2007,8,dense,45,7.33978,0.220219,0.0664382,214.216,2729183019.0,mixed,3.95488,61568613
youtube2007,8,dense,46,59.7476,0.187567,0.760832,1875.87,507907948981.0,mixed,37.8602,568165990
youtube2007,8,dense,47,4.99778,0.360273,0.142516,145.812,8636631393.0,mixed,2.90303,47082635
youtube2007,8,dense,48,0.00392613,0.0918846,0.00361327,0.0189712,11604.0,mixed,0.00235835,2463
youtube2007,8,dense,49,1034.7,0.201677,0.578139,31874.9,4928524691434.0,mixed,766.69,17377330254
youtube2007,8,dense,50,0.0173115,0.0269434,0.002602,0.0521041,28079.0,mixed,0.00163552,12484
youtube2007,8,dense,51,1.97004,0.242684,0.0716423,53.6978,1673377853.0,mixed,0.961922,28256519
youtube2007,8,dense,52,0.00376,0.101415,0.00340999,0.0259329,1759.0,mixed,0.00152917,1658
youtube2007,8,dense,53,0.0144301,0.0949021,0.00396485,0.0416115,21807.0,mixed,0.00167837,7741
youtube2007,8,dense,54,0.811749,0.17394,0.119579,13.5306,71999588.0,mixed,0.325485,6619199
youtube2007,8,dense,55,982.436,0.167555,0.338575,25906.9,1368243336253.0,mixed,717.196,335538924
youtube2007,8,dense,56,0.0143666,0.100302,0.00369361,0.0584202,28559.0,mixed,0.001183,8630
youtube2007,8,dense,57,97.073,0.425122,0.753501,3096.25,296701768980.0,mixed,76.4734,1008579156
youtube2007,8,dense,58,34.9829,0.128756,0.0949817,1114.1,80475040022.0,mixed,20.9066,465298830
youtube2007,8,dense,60,0.038488,0.0683272,0.00995584,0.116838,857912.0,mixed,0.0173285,39599
youtube2007,8,dense,61,594.345,0.477429,1.42924,17131.0,22208852683894.0,mixed,430.983,3657321012
youtube2007,8,dense,62,0.193234,0.0822178,0.0104085,3.96791,28048280.0,mixed,0.127882,2610152
youtube2007,8,dense,63,0.29247,0.159649,0.0229776,3.81411,76220983.0,mixed,0.189444,2378747
youtube2007,8,dense,64,0.151649,0.117367,0.0339328,1.40677,11603776.0,mixed,0.0766407,883676
youtube2007,8,dense,65,1503.43,0.427578,1.84086,44558.1,57614737718224.0,mixed,904.019,14301810621
youtube2007,8,dense,67,0.12667,0.132734,0.015857,1.17667,4202454.0,mixed,0.0850163,716209
youtube2007,8,dense,68,0.157343,0.16354,0.0176715,0.805464,9340899.0,mixed,0.0744195,371925
youtube2007,8,dense,69,0.146581,0.120433,0.0164092,1.07599,1232423.0,mixed,0.0694874,1136778
youtube2007,8,dense,70,412.342,0.13808,0.391717,10722.1,591448566080.0,mixed,259.326,105252420
youtube2007,8,dense,72,227.082,0.100129,0.210413,6956.73,1250100763806.0,mixed,158.946,3141831854
youtube2007,8,dense,73,0.0546715,0.0753297,0.0108727,0.256054,12950230.0,mixed,0.0384347,130093
youtube2007,8,dense,74,86.7488,0.197524,0.555626,2763.46,1323420786930.0,mixed,71.0989,764679120
youtube2007,8,dense,75,0.151381,0.111064,0.0148041,0.44332,1030088.0,mixed,0.0178683,86994
youtube2007,8,dense,76,63.1515,0.107731,0.110934,1744.72,28290121663.0,mixed,46.0883,993879504
youtube2007,8,dense,77,36.2675,0.244486,0.230776,1021.83,15568474914.0,mixed,33.9385,327276164
youtube2007,8,dense,78,2.1682,0.0830577,0.0345193,43.2678,4656768079.0,mixed,1.76743,25654846
youtube2007,8,dense,79,0.855597,0.157553,0.056736,19.2723,4407631213.0,mixed,0.473985,11147052
youtube2007,8,dense,80,532.068,0.15388,0.379135,15356.6,772714916775.0,mixed,462.824,213117149
youtube2007,8,dense,81,19.1342,0.347289,0.31987,535.027,4931586433.0,mixed,12.2481,355586955
youtube2007,8,dense,82,913.505,0.122173,0.290583,28115.2,1281878043670.0,mixed,706.356,271258460
youtube2007,8,dense,83,1614.18,0.163697,0.439816,50295.3,597591526861.0,mixed,1091.28,18793233785
youtube2007,8,dense,84,2.89646,0.165666,0.150654,72.2915,5765328428.0,mixed,1.79961,26033777
youtube2007,8,dense,85,0.093345,0.189987,0.0104783,1.04384,22180859.0,mixed,0.0732063,590570
youtube2007,8,dense,86,16.7952,0.356314,0.453119,507.188,20871361977.0,mixed,13.118,169233753
youtube2007,8,dense,87,0.495402,0.108832,0.00837674,10.8863,568386735.0,mixed,0.279565,4242325
youtube2007,8,dense,89,4.11266,0.157029,0.121722,112.233,726753039.0,mixed,2.53404,35397074
youtube2007,8,dense,90,0.0101235,0.0886586,0.00444788,0.0236815,3698.0,mixed,0.000754538,2193
youtube2007,8,dense,91,8.25873,0.144188,0.201278,247.555,14065865196.0,mixed,5.47331,52514625
youtube2007,8,dense,92,24.4337,0.16868,0.237562,760.455,14718039248.0,mixed,13.3099,273700186
youtube2007,8,dense,94,0.955594,0.206218,0.0952838,18.3561,128830004.0,mixed,0.568768,9150801
youtube2007,8,dense,95,1.83419,0.145127,0.0493665,44.7001,8128678614.0,mixed,0.905962,11993795
youtube2007,8,dense,96,743.201,0.456264,1.22962,23497.1,107344189179706.0,mixed,467.221,5304835131
youtube2007,8,dense,97,320.329,0.449948,1.2453,9766.5,11551852297414.0,mixed,224.166,1133603577
youtube2007,8,dense,98,2.04417,0.0422117,0.0206276,52.4382,3867011564.0,mixed,1.81006,18426213
youtube2007,8,dense,99,0.0165761,0.0728012,0.00513104,0.0680951,21995.0,mixed,0.00256146,26006
youtube2007,8,dense,100,384.454,0.12538,0.277275,11509.2,1695310095988.0,mixed,257.901,3650477369
youtube2007,8,sparse,1,0.0459145,0.0952173,0.00769655,0.361924,6801281.0,mixed,0.0128084,121963
youtube2007,8,sparse,2,4.19806,0.155588,0.0914494,95.0244,21830099425.0,mixed,3.42154,39769021
youtube2007,8,sparse,5,0.595309,0.0546899,0.0134589,8.34785,447209421.0,mixed,0.582684,436793
youtube2007,8,sparse,6,0.158403,0.216782,0.0244426,1.52464,202680341.0,mixed,0.0536504,509064
youtube2007,8,sparse,7,0.0594313,0.104379,0.0099444,0.397461,94999955.0,mixed,0.0431822,131759
youtube2007,8,sparse,8,4.30679,0.0852957,0.101227,118.978,2025500362.0,mixed,1.80933,37066020
youtube2007,8,sparse,10,0.00340172,0.108954,0.00251045,0.012508,38499.0,mixed,0.0012242,919
youtube2007,8,sparse,11,187.23,0.0815357,0.175049,5634.68,592603075835.0,mixed,142.579,1454819596
youtube2007,8,sparse,12,120.755,0.134079,0.401426,3670.17,125775247941.0,mixed,71.6023,1261009019
youtube2007,8,sparse,13,9.49301,0.19917,0.676921,284.753,1556865196.0,mixed,6.57017,76247829
youtube2007,8,sparse,14,12.9354,0.328912,0.287957,396.046,10218984832.0,mixed,9.60142,117535497
youtube2007,8,sparse,15,0.120302,0.154053,0.0380891,1.00819,388611357.0,mixed,0.0509315,326550
youtube2007,8,sparse,16,3.67208,0.227826,0.323024,70.7376,719194911.0,mixed,2.83958,34849948
youtube2007,8,sparse,17,177.1,0.0403809,0.0817406,4997.34,395398561981.0,mixed,150.254,62214436
youtube2007,8,sparse,18,129.139,0.106284,0.0826244,273.384,24488001449.0,mixed,128.147,18266367
youtube2007,8,sparse,19,0.0505438,0.141953,0.019115,0.256398,80157.0,mixed,0.0297169,149863
youtube2007,8,sparse,20,44.8339,0.32485,0.236858,924.748,162093380792.0,mixed,35.6897,35826619
youtube2007,8,sparse,21,0.144001,0.0941484,0.0181983,1.26998,7542769.0,mixed,0.0708782,435142
youtube2007,8,sparse,23,0.0744719,0.167072,0.018211,0.577066,6328838.0,mixed,0.0368312,222863
youtube2007,8,sparse,24,5.58489,0.179788,0.236689,165.464,7629220299.0,mixed,3.52231,49758090
youtube2007,8,sparse,25,1.34398,0.0447499,0.0402917,28.5474,1923620631.0,mixed,0.652986,10539434
youtube2007,8,sparse,26,0.412316,0.169141,0.07867,6.68679,77866313.0,mixed,0.119815,1969626
youtube2007,8,sparse,27,66.0696,0.0470451,0.129795,2080.13,424039097103.0,mixed,63.3289,457641593
youtube2007,8,sparse,28,1.55018,0.221148,0.180135,35.1217,30794348148.0,mixed,0.705145,11298214
youtube2007,8,sparse,29,0.0309605,0.0602234,0.00844099,0.175743,262205.0,mixed,0.0125498,70272
youtube2007,8,sparse,30,521.282,0.334395,1.05475,15593.0,1553252338654.0,mixed,406.851,4239502165
youtube2007,8,sparse,31,1.63511,0.359934,0.24273,37.1562,5859646000.0,mixed,0.761502,12337748
youtube2007,8,sparse,32,8.91953,0.1554,0.0572321,259.291,12519768722.0,mixed,7.35621,7760151
youtube2007,8,sparse,33,0.158657,0.0880326,0.0206519,0.825313,84169176.0,mixed,0.0664589,346477
youtube2007,8,sparse,34,0.115567,0.0612015,0.010307,0.793718,1507735.0,mixed,0.0611039,361711
youtube2007,8,sparse,35,1029.55,0.160082,0.941945,30368.3,11081586194963.0,mixed,831.815,6275855985
youtube2007,8,sparse,36,1.82011,0.300303,0.245151,46.0227,522870260.0,mixed,1.22013,20032407
youtube2007,8,sparse,38,7.76051,0.358947,0.230839,177.191,263842843252.0,mixed,2.43477,28257066
youtube2007,8,sparse,39,0.00661237,0.105559,0.00279954,0.0242829,3037.0,mixed,0.00143437,2064
youtube2007,8,sparse,40,1.41357,0.186081,0.15899,29.1581,56562762953.0,mixed,0.619757,9442617
youtube2007,8,sparse,41,0.913929,0.154813,0.0937417,15.4736,96660576.0,mixed,0.470443,6317387
youtube2007,8,sparse,42,27.4991,0.0862896,0.0900471,698.923,54161194333.0,mixed,22.3427,10224362
youtube2007,8,sparse,43,6.45838,0.138024,0.105058,185.948,5519602526.0,mixed,5.1727,11748263
youtube2007,8,sparse,44,3.85695,0.208969,0.250545,65.6017,15269104973.0,mixed,2.96549,28406076
youtube2007,8,sparse,45,0.284711,0.151075,0.0222162,4.62964,119899767.0,mixed,0.193804,2025109
youtube2007,8,sparse,46,1.06288,0.326401,0.247392,12.8221,72308120782.0,mixed,0.716438,5061890
youtube2007,8,sparse,47,0.0207857,0.112277,0.0074316,0.0699043,33738.0,mixed,0.00154164,9405
youtube2007,8,sparse,48,63.1079,0.383336,0.464344,1895.64,1125141331153.0,mixed,43.6907,412432104
youtube2007,8,sparse,49,0.2076,0.16787,0.0441659,1.90586,36084522.0,mixed,0.0711655,819515
youtube2007,8,sparse,50,41.0714,0.385047,0.520639,917.474,47409265568.0,mixed,35.6796,386247062
youtube2007,8,sparse,51,7.83643,0.121592,0.195942,235.511,34136792637.0,mixed,4.60233,67384111
youtube2007,8,sparse,52,189.988,0.113861,0.332121,6063.99,4597625712847.0,mixed,175.875,698048034
youtube2007,8,sparse,53,1.9939,0.321769,0.121866,29.0999,374533618.0,mixed,1.61397,15957910
youtube2007,8,sparse,54,0.0255157,0.131055,0.0121271,0.12725,175996.0,mixed,0.0139468,58570
youtube2007,8,sparse,55,0.0108532,0.0782294,0.0050009,0.0323746,74888.0,mixed,0.00500912,8476
youtube2007,8,sparse,56,514.611,0.23907,0.907426,15983.4,10766163506750.0,mixed,313.382,2548183103
youtube2007,8,sparse,57,19.3041,0.159596,0.357142,597.719,52709740498.0,mixed,14.439,173934469
youtube2007,8,sparse,58,0.0163931,0.101844,0.00453539,0.0564501,618334.0,mixed,0.00170676,14969
youtube2007,8,sparse,59,0.0145912,0.141327,0.00674382,0.059942,384423.0,mixed,0.00687003,18916
youtube2007,8,sparse,60,177.757,0.336211,1.07477,5340.51,7349241216191.0,mixed,95.8104,2563117238
youtube2007,8,sparse,61,0.285882,0.124064,0.0568153,3.03619,50360120.0,mixed,0.147603,1464651
youtube2007,8,sparse,62,3.68059,0.226306,0.0870302,96.9926,5819592620.0,mixed,2.23647,5828850
youtube2007,8,sparse,63,3.02867,0.125165,0.0326678,84.3139,23493698397.0,mixed,2.42275,10508042
youtube2007,8,sparse,64,184.307,0.339276,0.404937,5228.12,275992254589.0,mixed,149.534,42936537
youtube2007,8,sparse,65,46.3124,0.333066,1.40405,1458.36,2072067943225.0,mixed,41.0012,462491205
youtube2007,8,sparse,66,2.2664,0.130538,0.153338,48.3292,11125542072.0,mixed,1.47104,9167587
youtube2007,8,sparse,67,3.24532,0.331528,0.0952479,64.7238,4045457427.0,mixed,2.82789,34232331
youtube2007,8,sparse,68,61.2128,0.0400389,0.113732,1439.17,95415247450.0,mixed,58.5116,188964114
youtube2007,8,sparse,69,0.0306641,0.0924519,0.00873431,0.126891,771568.0,mixed,0.00889481,49827
youtube2007,8,sparse,70,4.461,0.0834192,0.145801,125.564,13082101753.0,mixed,2.99167,31489232
youtube2007,8,sparse,71,0.0195548,0.102899,0.0079859,0.0723259,26132.0,mixed,0.00227117,16903
youtube2007,8,sparse,72,242.79,0.117978,0.294408,6376.74,593219625388.0,mixed,99.1558,54276115
youtube2007,8,sparse,73,79.9957,0.0391472,0.0675331,2523.9,247214941549.0,mixed,61.0298,674558404
youtube2007,8,sparse,74,0.655116,0.136337,0.0714271,9.19656,217146748.0,mixed,0.279334,5398557
youtube2007,8,sparse,75,0.534174,0.0870373,0.0721057,5.68791,32165271.0,mixed,0.275235,3183752
youtube2007,8,sparse,76,582.664,0.0825022,0.277866,18633.6,5735778233726.0,mixed,441.512,2868894489
youtube2007,8,sparse,77,0.3115,0.174715,0.145094,3.43216,19720066.0,mixed,0.141507,1403299
youtube2007,8,sparse,78,0.530842,0.130097,0.0656787,7.82597,278106771.0,mixed,0.264373,3310127
youtube2007,8,sparse,79,0.0217029,0.0514538,0.0058974,0.120935,1019974.0,mixed,0.00271824,38978
youtube2007,8,sparse,80,602.133,0.178467,0.633672,17101.6,4754887170343.0,mixed,358.342,3498555791
youtube2007,8,sparse,81,0.561053,0.106922,0.105707,10.3949,34042831.0,mixed,0.294634,4991274
youtube2007,8,sparse,82,0.349925,0.120541,0.0885385,3.41641,28641757082.0,mixed,0.162342,1016296
youtube2007,8,sparse,84,0.0145866,0.108098,0.00390195,0.0380392,120209.0,mixed,0.00137692,8769
youtube2007,8,sparse,85,0.00531085,0.0980197,0.00306198,0.0267705,2042.0,mixed,0.00181013,1026
youtube2007,8,sparse,86,5.79098,0.0866612,0.133731,165.519,8692214281.0,mixed,4.70879,60226800
youtube2007,8,sparse,87,1.35884,0.156701,0.12821,30.0325,633891481.0,mixed,0.868952,19408254
youtube2007,8,sparse,88,0.919302,0.334399,0.336437,14.1485,256382988.0,mixed,0.600325,7698345
youtube2007,8,sparse,89,0.0445569,0.073614,0.00633564,0.0833227,157728.0,mixed,0.00120831,2908
youtube2007,8,sparse,90,96.1238,0.339009,1.52407,3058.03,7977142375551.0,mixed,85.0817,736037080
youtube2007,8,sparse,91,14.8175,0.265294,0.180661,454.759,45977734959.0,mixed,12.4667,122364968
youtube2007,8,sparse,92,869.428,0.158458,0.741354,27457.6,13329894188062.0,mixed,699.723,4882076066
youtube2007,8,sparse,94,0.0813414,0.269669,0.0154681,0.34456,1024858.0,mixed,0.0298596,117700
youtube2007,8,sparse,95,9.66619,0.236627,0.535212,279.454,198348860155.0,mixed,4.54448,104976538
youtube2007,8,sparse,97,1.47246,0.183944,0.149746,33.4842,654489893.0,mixed,0.642185,9396785
youtube2007,8,sparse,99,0.0450129,0.0748778,0.0202631,0.502797,10737740.0,mixed,0.0199632,278194
youtube2007,8,sparse,100,727.815,0.170852,0.706299,23230.0,11472287969713.0,mixed,563.846,5325447954
