dataset,query_size,query_mode,query_index,elapsed_execution_time,filter_time,plan_time,enumerate_time,n_embeddings,order,max_task_time,n_intersections
orkut,12,dense,1,1.64883,1.2751,2.55546,42.9213,6164009,mixed,0.129933,243235
orkut,12,dense,2,0.190417,1.24661,2.44939,4.05416,1779145475,mixed,0.129417,243869
orkut,12,dense,3,0.34517,1.28484,2.01682,8.16926,18313414884,mixed,0.156475,268476
orkut,12,dense,4,0.592708,1.34327,2.66506,14.89,4722778,mixed,0.071422,269443
orkut,12,dense,5,0.141414,1.29742,1.80429,3.02497,1823651,mixed,0.0934525,252140
orkut,12,dense,6,0.176002,1.29378,2.04041,3.48828,638121960,mixed,0.118693,286278
orkut,12,dense,7,1.00124,1.10398,2.04082,25.0483,15314284,mixed,0.0677263,221824
orkut,12,dense,8,0.327352,1.31708,3.43105,6.48053,587414,mixed,0.174388,2325727
orkut,12,dense,9,0.738436,1.24317,2.2761,18.6611,785975,mixed,0.0585555,183447
orkut,12,dense,10,0.36538,1.40763,1.9323,8.76704,104141578,mixed,0.162349,329753
orkut,12,dense,11,0.345751,1.3075,2.92946,8.46199,1309209,mixed,0.276544,540846
orkut,12,dense,12,0.1273,1.24551,1.94012,2.80925,4449662,mixed,0.0895973,220120
orkut,12,dense,13,1.22254,1.40233,1.4404,31.391,241168,mixed,0.122619,266130
orkut,12,dense,14,1.88967,1.30786,1.65627,38.4214,1153864655,mixed,0.329126,7221857
orkut,12,dense,15,0.945987,1.24775,1.79703,23.6449,1600893,mixed,0.087737,431476
orkut,12,dense,16,0.32614,1.24575,4.5763,6.07288,26225156,mixed,0.209858,1890258
orkut,12,dense,17,0.248807,1.38156,2.4825,5.69097,311048088,mixed,0.0911628,668310
orkut,12,dense,18,0.318322,1.27359,2.88112,7.60894,2119092268,mixed,0.15606,421847
orkut,12,dense,19,0.375694,1.2226,2.28864,8.94678,64388467,mixed,0.0615013,282534
orkut,12,dense,20,0.252357,1.2872,2.31946,5.8705,1036888,mixed,0.0878582,361143
orkut,12,dense,21,0.428199,1.24794,2.66524,9.96068,388122265,mixed,0.147529,561106
orkut,12,dense,22,0.280071,1.27741,2.70061,6.41011,120957950,mixed,0.138943,577025
orkut,12,dense,23,0.446609,1.24023,2.01131,9.97013,14075084,mixed,0.105327,318390
orkut,12,dense,24,0.12131,1.40514,1.93146,2.31539,2544803,mixed,0.0938101,299704
orkut,12,dense,25,2.82838,1.45886,3.25258,66.4717,1110635,mixed,1.54677,39996555
orkut,12,dense,26,0.471805,1.37601,3.08537,10.9639,1862940,mixed,0.225313,1102214
orkut,12,dense,27,0.451507,1.27585,4.51065,6.77715,81329250,mixed,0.211578,1123260
orkut,12,dense,28,0.256133,1.13741,2.08033,5.72667,32104427,mixed,0.148566,481594
orkut,12,dense,29,0.177644,1.37593,2.26219,3.9715,947585,mixed,0.144422,304152
orkut,12,dense,30,0.121011,1.23368,1.76752,2.58583,2496700,mixed,0.0724087,234472
orkut,12,dense,31,0.119464,1.32359,1.62493,2.49714,8309117,mixed,0.057979,139266
orkut,12,dense,32,0.232654,1.33514,2.8412,3.53156,14939556,mixed,0.184252,561537
orkut,12,dense,33,0.223795,1.22796,2.44082,5.20936,19946649,mixed,0.198343,581958
orkut,12,dense,34,0.143669,1.30106,2.35267,2.51011,38701530,mixed,0.0842746,500966
orkut,12,dense,35,1.38289,1.25487,2.81473,35.2595,31141822,mixed,0.11646,283344
orkut,12,dense,36,0.164374,1.4228,3.67328,3.7397,3500983,mixed,0.0981154,262254
orkut,12,dense,37,1.38674,1.14503,2.0762,29.3888,964467713,mixed,1.14796,1301519
orkut,12,dense,38,0.598125,1.2994,2.78495,13.7465,5200899,mixed,0.0921447,602444
orkut,12,dense,39,0.181837,1.32995,1.82422,3.39291,3246127331,mixed,0.13979,335159
orkut,12,dense,40,1.04553,1.27541,2.8217,22.6277,3667664135,mixed,0.187942,463196
orkut,12,dense,41,0.397933,1.34705,1.98157,9.61695,177486159,mixed,0.323881,457716
orkut,12,dense,42,0.349246,1.31462,1.93382,8.51675,7984455,mixed,0.103724,316403
orkut,12,dense,43,0.421733,1.19805,2.7921,9.41972,2374488,mixed,0.141656,1958653
orkut,12,dense,44,0.229073,1.38205,3.44889,4.24867,2297452,mixed,0.114994,1032567
orkut,12,dense,45,0.226088,1.35416,1.67251,5.32774,3659718,mixed,0.0501471,166211
orkut,12,dense,46,0.642507,1.27949,2.02745,16.0194,28050640,mixed,0.185962,333835
orkut,12,dense,47,0.22064,1.51527,1.9553,3.96396,929575,mixed,0.152616,386463
orkut,12,dense,48,0.598672,1.37334,2.93415,14.5259,2506858,mixed,0.177552,260578
orkut,12,dense,49,0.692079,1.2767,2.02381,17.7826,531165312,mixed,0.122844,295186
orkut,12,dense,50,0.275599,1.47104,2.38724,6.58232,3628289,mixed,0.0758644,556082
orkut,12,dense,51,1.28299,1.30541,1.85752,32.3834,416121,mixed,0.0756196,190937
orkut,12,dense,52,1.53837,1.30488,2.44455,38.5337,64703,mixed,0.17819,804180
orkut,12,dense,53,0.1672,1.15263,1.98641,2.88058,3420511,mixed,0.112774,481906
orkut,12,dense,54,1.32534,1.36107,2.43592,33.8553,1322464,mixed,0.119056,771870
orkut,12,dense,55,1.00609,1.37077,2.06484,24.9071,4457801,mixed,0.141255,300090
orkut,12,dense,56,0.673796,1.28935,2.14483,16.5087,16072774,mixed,0.352586,529804
orkut,12,dense,57,0.146879,1.22812,2.6741,2.93563,14963375,mixed,0.0476906,202259
orkut,12,dense,58,1.56843,1.36522,2.21229,40.0619,170914,mixed,0.0822956,204974
orkut,12,dense,59,0.209444,1.22678,1.72694,4.74352,2405655,mixed,0.0932329,279107
orkut,12,dense,60,0.770096,1.25286,2.72982,19.7607,86439707,mixed,0.0973836,375145
orkut,12,dense,61,1.41564,1.31066,3.48207,36.211,227928,mixed,0.111966,225582
orkut,12,dense,62,0.964922,1.38644,1.87724,24.3082,12955846,mixed,0.217128,379268
orkut,12,dense,63,0.226968,1.27821,1.82493,3.73709,182810958,mixed,0.109301,580473
orkut,12,dense,64,0.210869,1.42523,2.40025,4.32098,4360556,mixed,0.171678,332442
orkut,12,dense,65,0.305392,1.29925,2.44139,7.23614,6315933,mixed,0.0852375,234580
orkut,12,dense,66,1.35373,1.15137,2.64252,33.9224,30095979,mixed,0.446833,704865
orkut,12,dense,67,0.144133,1.10218,1.45959,3.07161,387022562,mixed,0.0725247,194879
orkut,12,dense,68,0.800989,1.38799,1.72639,20.2094,5900001,mixed,0.400711,459299
orkut,12,dense,69,0.394495,1.25321,1.99251,9.13676,4188440395,mixed,0.227154,487608
orkut,12,dense,70,0.776022,1.37078,1.96209,18.9763,10772072854,mixed,0.152571,276249
orkut,12,dense,71,0.358429,1.21759,2.6783,7.7182,5525285,mixed,0.263409,1228381
orkut,12,dense,72,0.756164,1.31498,2.94763,18.6563,1113659,mixed,0.0989606,572094
orkut,12,dense,73,0.566691,1.47375,1.80221,13.9165,7163955,mixed,0.409233,731017
orkut,12,dense,74,0.821091,1.3951,2.38297,20.8335,25792118,mixed,0.620092,798700
orkut,12,dense,75,0.221872,1.25247,2.23498,5.29699,338574519,mixed,0.184931,342749
orkut,12,dense,76,1.21431,1.26944,2.82107,30.8836,2766734,mixed,0.106515,338751
orkut,12,dense,77,0.214675,1.16069,2.20911,4.81398,121800527,mixed,0.121043,303969
orkut,12,dense,78,2.08906,1.27793,1.93786,51.9294,1297322,mixed,0.162098,316605
orkut,12,dense,79,0.558775,1.22598,1.91853,11.9102,2412326,mixed,0.293796,1123330
orkut,12,dense,80,0.254217,1.54931,2.25729,5.98585,245627,mixed,0.208951,395559
orkut,12,dense,81,0.945726,1.32048,3.42934,23.1471,362201,mixed,0.150516,578091
orkut,12,dense,82,0.37513,1.38336,1.46167,9.12161,3721973,mixed,0.0890916,290340
orkut,12,dense,83,0.691421,1.23238,2.66441,16.9599,242658596,mixed,0.131481,246532
orkut,12,dense,84,0.18934,1.3587,2.64731,4.20796,802241,mixed,0.109025,338957
orkut,12,dense,85,1.52131,1.45948,2.04393,38.314,412898,mixed,0.193164,327421
orkut,12,dense,86,0.325866,1.26223,1.50869,7.81134,186287984,mixed,0.062788,210756
orkut,12,dense,87,0.165796,1.37129,2.28311,2.97144,1142458,mixed,0.0461286,284426
orkut,12,dense,88,0.751276,1.35849,2.59538,18.2732,559053989,mixed,0.451904,351874
orkut,12,dense,89,0.766631,1.25327,2.27245,18.4702,378296213,mixed,0.358023,887398
orkut,12,dense,90,0.563385,1.3557,2.81824,13.5616,440185,mixed,0.200032,702700
orkut,12,dense,91,0.738777,1.41108,2.36482,18.3595,73031202,mixed,0.106936,230010
orkut,12,dense,92,0.476393,1.40476,3.62555,11.8543,814014,mixed,0.248433,823674
orkut,12,dense,93,0.166818,1.24343,2.68714,2.37735,99180438,mixed,0.0783174,437988
orkut,12,dense,94,0.593448,1.44165,2.58483,12.4605,1340939,mixed,0.317331,1298101
orkut,12,dense,95,0.400978,1.31511,2.47077,8.2943,201816623,mixed,0.144039,813658
orkut,12,dense,96,0.486137,1.38912,3.04245,11.8679,3926809,mixed,0.0766701,281245
orkut,12,dense,97,0.504194,1.29361,2.39726,12.4542,512940739,mixed,0.307988,395202
orkut,12,dense,98,0.69063,1.23139,1.8071,17.1258,24319065,mixed,0.206746,403438
orkut,12,dense,99,0.771689,1.36333,2.46291,19.2363,21329227,mixed,0.241891,591083
orkut,12,dense,100,0.590604,1.20936,2.08521,13.5885,45054691,mixed,0.102242,257754
orkut,12,sparse,1,0.161374,1.17517,2.45479,3.45652,70617033,mixed,0.0592546,288659
orkut,12,sparse,2,0.280473,1.242,2.89678,6.11367,7347119773,mixed,0.218937,767816
orkut,12,sparse,3,0.492834,1.21555,2.45054,9.79469,6127758497,mixed,0.269028,1107378
orkut,12,sparse,4,1.00361,1.25051,2.94437,25.0247,2808695605,mixed,0.312492,387500
orkut,12,sparse,5,2.67327,1.23031,3.47494,61.1649,7274485931,mixed,0.895399,9225339
orkut,12,sparse,6,0.508415,1.28349,2.22931,12.357,875445718926,mixed,0.216121,261258
orkut,12,sparse,7,0.858933,1.21302,2.88446,16.0021,2050343569,mixed,0.532379,1925005
orkut,12,sparse,8,1.01442,1.29088,2.55943,25.2493,92709447,mixed,0.922175,1069009
orkut,12,sparse,9,1.02136,1.15343,3.75823,25.128,1151105640985,mixed,0.66698,1127725
orkut,12,sparse,10,0.915209,1.37285,3.15273,23.2841,354551855,mixed,0.839086,974211
orkut,12,sparse,11,1.15084,1.29155,3.78498,28.4628,4563650060,mixed,0.991388,984892
orkut,12,sparse,12,0.331337,1.20804,2.78507,6.39627,2129071313,mixed,0.125992,522464
orkut,12,sparse,13,0.505879,1.21069,2.21898,12.5277,17032970890,mixed,0.168658,491140
orkut,12,sparse,14,0.22794,1.29837,2.55319,4.01286,558212617,mixed,0.142026,711214
orkut,12,sparse,15,0.327801,1.24471,2.54854,7.62168,241859393,mixed,0.0593515,352128
orkut,12,sparse,16,0.28447,1.06608,1.64629,5.51535,2297235106968,mixed,0.109206,304555
orkut,12,sparse,17,0.786743,1.22055,1.87898,18.6697,1491485607,mixed,0.145829,1200668
orkut,12,sparse,18,0.721145,1.23513,1.91897,17.1151,11535471201,mixed,0.127454,346241
orkut,12,sparse,19,0.125436,1.09657,2.11011,2.0896,52747627736,mixed,0.092324,262821
orkut,12,sparse,20,1.01985,1.28244,3.84672,17.7913,338921322,mixed,0.653283,3868273
orkut,12,sparse,21,0.204359,1.13896,2.37283,4.5092,225380367,mixed,0.0938264,1080758
orkut,12,sparse,22,0.203847,1.15732,2.34601,4.1781,2737546136,mixed,0.146747,347514
orkut,12,sparse,23,4.11233,1.31524,3.07376,93.4757,21682492424,mixed,1.62011,29349874
orkut,12,sparse,24,0.868015,1.24412,2.70555,18.6255,158798314648,mixed,0.771355,1013800
orkut,12,sparse,25,1.10276,1.20696,2.54825,27.7871,186342788823,mixed,0.534708,892569
orkut,12,sparse,26,0.210643,1.32339,2.30831,4.3517,2539858908,mixed,0.129188,312982
orkut,12,sparse,27,0.141657,1.05337,1.95988,2.05591,28520821822,mixed,0.0464955,213783
orkut,12,sparse,28,0.415938,1.15837,2.55016,9.15977,74066038,mixed,0.198861,1319684
orkut,12,sparse,29,0.457628,1.20525,2.47246,8.98178,16367852745,mixed,0.25463,1587996
orkut,12,sparse,30,0.545105,1.16611,2.60671,9.35788,17570375658987,mixed,0.227043,918382
orkut,12,sparse,31,0.517876,1.21983,2.2964,10.2598,10043473536,mixed,0.358943,884956
orkut,12,sparse,32,0.624308,1.16729,2.56219,12.726,29968034469,mixed,0.414669,2847924
orkut,12,sparse,33,0.651258,1.23215,2.32334,9.90688,30516398085,mixed,0.337971,843971
orkut,12,sparse,34,0.482205,1.13678,3.89859,10.7076,108330122998,mixed,0.417317,505136
orkut,12,sparse,35,0.728804,1.23309,2.44668,15.2558,289650940,mixed,0.0475935,363555
orkut,12,sparse,36,0.319951,1.19005,2.78012,7.55846,9013777879,mixed,0.109194,411832
orkut,12,sparse,37,0.838852,1.2933,2.56383,15.3844,32542690323,mixed,0.750411,2124397
orkut,12,sparse,38,0.550841,1.22241,2.19331,9.93696,2818476692,mixed,0.137048,1669265
orkut,12,sparse,39,0.305778,1.23868,2.4374,5.7682,449040928334,mixed,0.121424,727586
orkut,12,sparse,40,0.304065,1.27998,3.03395,6.04927,4541399447,mixed,0.159045,1012988
orkut,12,sparse,41,0.684717,1.12122,2.41495,16.1273,214006662219,mixed,0.577724,442336
orkut,12,sparse,42,0.844373,1.17198,2.79488,19.8329,15151049902,mixed,0.318712,9580358
orkut,12,sparse,43,0.62674,1.18641,3.08013,15.0632,59252693049,mixed,0.362639,553812
orkut,12,sparse,44,0.656866,1.15221,1.69671,15.998,8249299891,mixed,0.1393,321882
orkut,12,sparse,45,1.28858,1.28044,3.85582,29.0267,2129603706,mixed,1.11484,1046806
orkut,12,sparse,46,3.16267,1.19839,2.75395,76.1761,9209261458,mixed,1.58768,12114905
orkut,12,sparse,47,0.67684,1.20092,3.38655,17.0068,827802107,mixed,0.415211,1726432
orkut,12,sparse,48,0.494021,1.19068,2.34553,11.3479,1239219687722,mixed,0.216952,880013
orkut,12,sparse,49,0.513163,1.08766,2.27849,10.2727,542789406666,mixed,0.390408,503808
orkut,12,sparse,50,0.249806,1.31382,2.09047,4.21921,73927910,mixed,0.190373,377162
orkut,12,sparse,51,0.268927,1.29224,3.20989,4.66713,225980944745,mixed,0.151491,1022562
orkut,12,sparse,52,0.94314,1.14463,3.39645,19.1545,289442532503,mixed,0.506159,2097043
orkut,12,sparse,53,0.276641,1.21808,3.00308,5.24563,2451457103,mixed,0.147395,726430
orkut,12,sparse,54,0.514494,1.25179,3.11248,11.4588,56310785,mixed,0.494671,754214
orkut,12,sparse,55,2.03044,1.29943,4.26689,44.7359,68078889371,mixed,1.45436,8571683
orkut,12,sparse,56,1.3806,1.19863,2.28244,31.7798,32482323683,mixed,0.740571,8487284
orkut,12,sparse,57,0.2563,1.12551,2.28068,4.76939,54528642390,mixed,0.173641,259069
orkut,12,sparse,58,0.848573,1.22721,1.62759,21.1903,114813414528,mixed,0.517548,365733
orkut,12,sparse,59,0.481721,1.13562,1.82546,10.8807,413920281,mixed,0.0718405,419956
orkut,12,sparse,60,0.711565,1.27177,2.40654,17.7064,83449467243,mixed,0.540024,865519
orkut,12,sparse,61,1.11396,1.20489,3.5367,26.7843,1325981362,mixed,0.995205,1623611
orkut,12,sparse,62,0.447838,1.34153,3.15671,9.70572,124543497,mixed,0.150913,1250204
orkut,12,sparse,63,2.23851,1.38307,3.58139,53.3288,2618402804,mixed,0.875974,19279044
orkut,12,sparse,64,2.96736,1.21478,3.51309,79.962,35720430461,mixed,1.69246,25240748
orkut,12,sparse,65,0.853204,1.30098,2.34671,19.0893,80151297891,mixed,0.815342,452697
orkut,12,sparse,66,0.457553,1.17967,2.26246,10.9901,42633001563,mixed,0.205278,378651
orkut,12,sparse,67,0.908985,1.22399,3.2686,22.423,109855883823,mixed,0.247282,331831
orkut,12,sparse,68,1.16555,1.24712,3.05733,20.3989,30995830371,mixed,0.0507092,1495857
orkut,12,sparse,69,1.09659,1.28344,1.97314,21.3444,252885380,mixed,1.01346,1833360
orkut,12,sparse,70,0.531355,1.13347,2.62155,8.6748,249740166980,mixed,0.136651,712836
orkut,12,sparse,71,0.632186,1.23925,2.54523,9.69202,384088826085,mixed,0.354839,1150093
orkut,12,sparse,72,0.13649,1.13292,1.51503,2.85388,5622743110840,mixed,0.0684553,288386
orkut,12,sparse,73,0.89335,1.19991,5.07607,17.5216,312859200,mixed,0.634939,3649616
orkut,12,sparse,74,0.241298,1.29567,3.22714,4.90761,23999906,mixed,0.11199,537974
orkut,12,sparse,75,1.14159,1.37156,5.25154,24.1876,31851839,mixed,0.523203,9280031
orkut,12,sparse,76,0.7358,1.20125,3.3639,15.2069,265361807109,mixed,0.580554,773587
orkut,12,sparse,77,0.572777,1.17229,2.32749,12.2795,57031912849,mixed,0.448784,751243
orkut,12,sparse,78,0.596092,1.07644,2.81954,12.8535,147382817577,mixed,0.497222,753646
orkut,12,sparse,79,0.74639,1.13201,2.29572,15.7088,89709660181,mixed,0.23663,636235
orkut,12,sparse,80,0.729806,1.27597,2.61015,16.6624,27739772307,mixed,0.540907,789188
orkut,12,sparse,81,0.271023,1.32252,3.6984,4.40244,1039492595,mixed,0.133989,1005792
orkut,12,sparse,82,0.726299,1.13622,2.22709,10.8925,7978416401,mixed,0.416367,1148377
orkut,12,sparse,83,1.73738,1.22341,3.41959,39.8825,74959010244,mixed,0.781917,6714017
orkut,12,sparse,84,0.970173,1.39876,3.65212,22.8143,123160480,mixed,0.854984,1000332
orkut,12,sparse,85,1.02167,1.14206,2.37704,15.4327,953354126614,mixed,0.648263,3149156
orkut,12,sparse,86,0.630414,1.31269,2.80418,11.856,311309713,mixed,0.325403,3031580
orkut,12,sparse,87,0.824961,1.29397,3.84579,18.0204,35469601875,mixed,0.244958,3349095
orkut,12,sparse,88,1.87264,1.17334,2.96335,41.606,1146656523,mixed,0.183754,1044147
orkut,12,sparse,89,0.744123,1.23066,3.68538,15.916,1939357227,mixed,0.639343,708859
orkut,12,sparse,90,1.01684,1.224,2.48917,18.6008,1025439449,mixed,0.304234,3187445
orkut,12,sparse,91,5.8385,1.25166,3.07088,77.9841,833441580,mixed,4.65332,78547432
orkut,12,sparse,92,0.423224,1.13746,2.76563,10.1553,2551596863,mixed,0.145669,539027
orkut,12,sparse,93,0.454668,1.39478,3.67157,8.65539,7785307,mixed,0.134608,1638881
orkut,12,sparse,94,0.414302,1.19016,2.37337,7.17357,36701225,mixed,0.105338,1229773
orkut,12,sparse,95,1.17778,1.32217,2.66196,30.4667,138131120,mixed,0.205751,334878
orkut,12,sparse,96,0.628366,1.24804,2.97382,10.7711,269188155079,mixed,0.158681,926573
orkut,12,sparse,97,0.126068,1.20358,2.04276,2.95091,24377627696,mixed,0.0985623,228550
orkut,12,sparse,98,0.104977,1.25145,2.48252,1.98292,28083918933,mixed,0.0833202,248277
orkut,12,sparse,99,0.750722,1.22946,3.29017,17.5839,1993512224,mixed,0.642829,1705680
orkut,12,sparse,100,1.42699,1.24382,2.39421,27.9888,3810372361,mixed,0.898026,4745255
