dataset,query_size,query_mode,query_index,elapsed_execution_time,filter_time,plan_time,enumerate_time,n_embeddings,order,max_task_time,n_intersections
friendster,8,dense,1,0.874773,1.00987,0.319998,21.2011,1594165,mixed,0.543081,746672
friendster,8,dense,2,0.482737,1.0239,0.470362,8.33109,286105,mixed,0.399594,622605
friendster,8,dense,3,0.670295,1.07281,0.57587,17.5688,32461,mixed,0.486021,2417508
friendster,8,dense,4,0.229508,1.08054,0.490925,2.27975,1749560,mixed,0.0745087,269833
friendster,8,dense,5,0.646255,1.08652,0.502359,10.8039,462068,mixed,0.365304,390581
friendster,8,dense,6,0.379972,1.02567,0.412039,2.7473,1365246,mixed,0.130538,660660
friendster,8,dense,7,0.441939,1.03174,0.59304,5.62291,171972,mixed,0.331088,999312
friendster,8,dense,8,0.336888,1.06928,0.745258,4.10343,5694,mixed,0.243396,866748
friendster,8,dense,9,0.243226,1.11166,0.36951,1.89541,1207804,mixed,0.0741798,280168
friendster,8,dense,10,0.449307,1.05229,0.461092,10.6992,370374,mixed,0.204733,2500862
friendster,8,dense,11,0.548024,1.06777,0.465528,5.54391,273913,mixed,0.115714,590781
friendster,8,dense,12,0.137504,0.938989,0.327565,1.34914,3430026,mixed,0.0797059,275401
friendster,8,dense,13,0.181108,1.1066,0.449259,1.86358,368405,mixed,0.127304,285993
friendster,8,dense,14,0.343522,1.05745,0.510616,8.37174,49677,mixed,0.214563,1901367
friendster,8,dense,15,0.126182,0.958067,0.340156,1.50592,971412,mixed,0.0775223,309595
friendster,8,dense,16,0.159,0.988054,0.339973,1.61203,1659526,mixed,0.104447,283790
friendster,8,dense,17,0.493391,1.05524,0.565627,6.12692,108009,mixed,0.421687,420270
friendster,8,dense,18,0.204764,1.04141,0.403906,1.62417,28082863,mixed,0.106543,275492
friendster,8,dense,19,0.449239,1.15079,0.537429,7.95288,15638,mixed,0.198998,1715104
friendster,8,dense,20,0.319527,1.05637,0.459494,2.90849,247940,mixed,0.203465,866831
friendster,8,dense,21,0.287921,1.06903,0.5822,2.52071,285552,mixed,0.126365,527644
friendster,8,dense,22,0.828751,1.00893,0.495059,10.6933,91967,mixed,0.468223,742035
friendster,8,dense,23,0.146058,1.07284,0.410644,1.48575,228502,mixed,0.101919,264384
friendster,8,dense,24,0.185334,1.0778,0.459864,1.64605,139149,mixed,0.112822,261573
friendster,8,dense,25,0.500872,1.0443,0.582814,5.57175,300793,mixed,0.384538,510534
friendster,8,dense,26,0.252493,1.02484,0.436059,2.4495,282658,mixed,0.151702,691983
friendster,8,dense,27,0.45451,1.07822,0.390694,6.3362,103681,mixed,0.369104,923441
friendster,8,dense,28,0.179783,1.04187,0.406906,1.59421,1023576,mixed,0.100578,285436
friendster,8,dense,29,0.786885,1.08105,0.63592,19.1932,49159,mixed,0.415501,8074281
friendster,8,dense,30,0.258607,1.07345,0.459097,2.32443,259296,mixed,0.186067,443918
friendster,8,dense,31,0.574725,1.08612,0.455398,15.6346,1027133,mixed,0.45253,1028914
friendster,8,dense,32,0.397166,1.02831,0.434335,3.38266,275009,mixed,0.222141,853484
friendster,8,dense,33,0.346525,1.05981,0.572553,2.86986,416496,mixed,0.144333,897181
friendster,8,dense,34,0.494912,1.0951,0.61087,5.91771,21142,mixed,0.417378,862894
friendster,8,dense,35,0.273169,1.18711,0.536336,2.40069,147533,mixed,0.148594,429304
friendster,8,dense,36,0.331768,1.14,0.560756,7.52221,202011,mixed,0.217193,1725981
friendster,8,dense,37,0.2057,1.09892,0.503518,1.75645,870623,mixed,0.122486,283681
friendster,8,dense,38,0.631826,1.17034,0.532445,14.6161,30002,mixed,0.298396,6418408
friendster,8,dense,39,0.226957,1.10294,0.412667,1.82055,11951630,mixed,0.102421,274753
friendster,8,dense,40,0.564284,1.08118,0.488697,7.57172,185275,mixed,0.432862,936332
friendster,8,dense,41,0.181393,1.07775,0.45898,1.64705,461608,mixed,0.0857099,279957
friendster,8,dense,42,0.535622,1.07792,0.436,5.95146,1230616,mixed,0.383859,928675
friendster,8,dense,43,0.683528,1.06617,0.563779,19.342,243646,mixed,0.631742,1130447
friendster,8,dense,44,0.202758,1.12188,0.471387,1.6242,84836,mixed,0.100491,263336
friendster,8,dense,45,0.31446,1.07592,0.418202,1.97718,1196527,mixed,0.06671,237566
friendster,8,dense,46,0.473276,1.07969,0.527315,4.85034,1300737,mixed,0.381707,441462
friendster,8,dense,47,0.597752,1.00506,0.455933,8.84333,403398,mixed,0.356571,2896934
friendster,8,dense,48,0.222601,0.994399,0.418974,1.66884,290120,mixed,0.0852225,293467
friendster,8,dense,49,0.155891,1.07623,0.370283,1.44556,2287132,mixed,0.081794,264639
friendster,8,dense,50,0.471425,1.09675,0.537596,4.83072,106245,mixed,0.300253,660016
friendster,8,dense,51,0.214231,1.05248,0.478088,1.76893,1752169,mixed,0.137567,278520
friendster,8,dense,52,0.183035,1.07768,0.544807,1.70083,185575,mixed,0.116431,261654
friendster,8,dense,53,0.234655,1.00618,0.478303,1.76877,1151603,mixed,0.105253,294840
friendster,8,dense,54,0.569082,1.07973,0.586063,8.64005,26606,mixed,0.446453,804134
friendster,8,dense,55,0.15139,1.06772,0.462763,1.63194,331782,mixed,0.0994093,283469
friendster,8,dense,56,0.233755,1.09319,0.622616,2.30252,152054,mixed,0.120174,439698
friendster,8,dense,57,0.155658,1.05994,0.439774,1.67914,351401,mixed,0.10496,284240
friendster,8,dense,58,0.27827,1.08422,0.656287,2.69707,82161,mixed,0.154464,618869
friendster,8,dense,59,0.401954,1.12479,0.628433,2.77492,49526,mixed,0.125135,690583
friendster,8,dense,60,0.168469,1.14287,0.46696,1.66733,290072,mixed,0.118043,275036
friendster,8,dense,61,0.263587,1.11709,0.47148,1.85311,8652,mixed,0.193182,421442
friendster,8,dense,62,0.1676,1.09733,0.59495,1.52658,38856,mixed,0.146911,249828
friendster,8,dense,63,0.245763,1.05475,0.474642,1.76045,307528,mixed,0.121088,336479
friendster,8,dense,64,0.39738,1.11969,0.807897,5.61947,8902,mixed,0.249437,1650197
friendster,8,dense,65,0.118617,1.08725,0.509468,1.34866,78781,mixed,0.0771055,268667
friendster,8,dense,66,0.280335,0.96833,0.579382,2.91404,374813,mixed,0.176213,583316
friendster,8,dense,67,0.287652,1.0286,0.759385,3.21928,18646,mixed,0.21852,813350
friendster,8,dense,68,0.195553,1.06739,0.419714,1.79162,743362,mixed,0.129422,289324
friendster,8,dense,69,0.212821,1.00718,0.434514,1.9291,959877,mixed,0.150591,290906
friendster,8,dense,70,0.18639,1.04407,0.461238,1.59379,92345,mixed,0.148898,268411
friendster,8,dense,71,0.172579,1.03163,0.454891,1.7649,345032,mixed,0.120781,279330
friendster,8,dense,72,0.523764,1.06492,0.542632,4.9936,714325,mixed,0.436096,433953
friendster,8,dense,73,0.209071,1.07373,0.546882,2.71087,270675,mixed,0.151168,794086
friendster,8,dense,74,0.189935,1.10471,0.47867,2.36038,69500,mixed,0.118077,708575
friendster,8,dense,75,0.422791,1.05986,0.495635,4.10572,415280,mixed,0.28916,401986
friendster,8,dense,76,0.160818,1.00811,0.569733,2.34241,673049,mixed,0.0679226,380528
friendster,8,dense,77,0.225387,0.99629,0.463166,1.68769,349246,mixed,0.0802634,288742
friendster,8,dense,78,0.129065,1.02232,0.416481,1.36397,741278,mixed,0.0789301,270303
friendster,8,dense,79,0.168047,1.13894,0.386157,1.49599,86893,mixed,0.109327,285341
friendster,8,dense,80,0.211826,1.01345,0.460948,1.83642,278432,mixed,0.0877805,285976
friendster,8,dense,81,0.44761,1.01957,0.509189,3.48327,220490,mixed,0.393915,462097
friendster,8,dense,82,0.239637,1.02894,0.508539,1.88658,413180,mixed,0.0750432,270762
friendster,8,dense,83,0.221096,1.04134,0.486686,1.96638,504928,mixed,0.146631,290711
friendster,8,dense,84,0.185169,0.963306,0.323549,1.60115,3086807,mixed,0.150952,276106
friendster,8,dense,85,0.369607,1.04802,0.422436,8.81493,71375,mixed,0.225895,2074406
friendster,8,dense,86,0.226908,1.00683,0.44412,2.04568,1114967,mixed,0.16773,298182
friendster,8,dense,87,0.242372,1.01279,0.493227,2.73352,378972,mixed,0.166737,652711
friendster,8,dense,88,0.236895,1.06781,0.495293,2.51693,254939,mixed,0.159143,517837
friendster,8,dense,89,0.176154,1.12358,0.498204,1.5582,309939,mixed,0.134991,277825
friendster,8,dense,90,0.379571,1.07077,0.489829,8.95386,358344,mixed,0.279825,2059193
friendster,8,dense,91,1.01512,1.07814,0.513264,8.69977,9806,mixed,0.557685,1364731
friendster,8,dense,92,0.195093,1.03635,0.424185,1.86017,1071882,mixed,0.0727386,295326
friendster,8,dense,93,0.426642,1.08194,0.494755,9.11057,325753,mixed,0.120701,1968434
friendster,8,dense,94,0.398846,1.09999,0.40249,4.64049,289111,mixed,0.316342,931390
friendster,8,dense,95,0.413806,1.04436,0.434713,9.08963,219036,mixed,0.22396,1987222
friendster,8,dense,96,0.199342,1.11775,0.553602,1.61341,59949,mixed,0.0808194,267355
friendster,8,dense,97,0.164495,1.10094,0.489651,1.77823,19775,mixed,0.128417,272055
friendster,8,dense,98,0.192938,1.0789,0.428297,1.52546,121073,mixed,0.0889633,258645
friendster,8,dense,99,0.375735,1.06367,0.489631,4.2131,131968,mixed,0.324638,419395
friendster,8,dense,100,0.206487,1.05339,0.455014,1.65662,2211249,mixed,0.125629,281887
friendster,8,sparse,1,0.401945,0.885261,0.381837,6.18282,8305487305,mixed,0.187087,1536503
friendster,8,sparse,2,1.34534,0.89316,0.545689,24.4928,6297510782,mixed,0.741683,3707820
friendster,8,sparse,3,0.693655,1.02235,0.418953,13.0761,7232393137,mixed,0.495163,3399258
friendster,8,sparse,4,1.52353,1.01507,0.828787,38.5892,10758,mixed,0.919452,12561608
friendster,8,sparse,5,1.25146,0.894103,0.523163,20.3565,4895401545,mixed,0.495848,5747759
friendster,8,sparse,6,1.62204,0.913333,0.465374,30.6655,5920402403,mixed,1.12987,6208734
friendster,8,sparse,7,0.596387,0.937554,0.37537,12.851,9894027731,mixed,0.269066,3048574
friendster,8,sparse,8,0.235015,1.07506,0.669541,2.03058,172298,mixed,0.125609,385836
friendster,8,sparse,9,0.576261,0.984816,0.260503,3.94361,20091400655,mixed,0.314472,1277534
friendster,8,sparse,10,0.354831,0.8526,0.350785,4.47657,9679643562,mixed,0.204636,982680
friendster,8,sparse,11,1.65756,0.889658,0.500504,41.6161,3567336283,mixed,1.1783,4034010
friendster,8,sparse,12,1.65412,1.08635,0.635991,41.5513,29443,mixed,0.860147,10511551
friendster,8,sparse,13,0.186807,0.847375,0.309938,2.14817,28176847450,mixed,0.0945414,490272
friendster,8,sparse,14,0.170896,1.01328,0.621788,1.68863,158121,mixed,0.0847047,405191
friendster,8,sparse,15,3.81224,0.917101,0.566023,111.684,2761583193,mixed,2.44552,6483123
friendster,8,sparse,16,6.16264,0.875634,0.652421,182.304,3047156636,mixed,2.58644,33413263
friendster,8,sparse,17,3.54267,0.955784,0.642293,96.0844,2295417796,mixed,1.89406,22847317
friendster,8,sparse,18,0.499913,0.917477,0.378268,4.56266,14590264428,mixed,0.215984,697593
friendster,8,sparse,19,1.40729,0.892356,0.526994,33.1379,3931724398,mixed,0.898102,6372152
friendster,8,sparse,20,1.10604,0.863263,0.51443,21.3777,4578759693,mixed,0.432747,5790338
friendster,8,sparse,21,6.02658,0.93314,0.596033,172.703,3650217124,mixed,4.16544,50585691
friendster,8,sparse,22,0.173066,1.02108,0.714422,1.54789,189634,mixed,0.0988738,306217
friendster,8,sparse,23,0.886722,0.928593,0.350631,13.7294,19115475317,mixed,0.588125,2300711
friendster,8,sparse,24,0.307418,0.880459,0.397774,3.3548,7023190137,mixed,0.12098,718369
friendster,8,sparse,25,0.437485,1.04047,0.641582,4.06619,79400,mixed,0.363058,915092
friendster,8,sparse,26,0.798525,0.888585,0.415836,10.2209,9634744509,mixed,0.554145,1386796
friendster,8,sparse,27,0.313924,0.963103,0.378082,3.64301,7817666476,mixed,0.139681,727109
friendster,8,sparse,28,0.339323,0.904405,0.412992,4.06242,9617468563,mixed,0.132673,1030393
friendster,8,sparse,29,1.25099,0.910769,0.515275,22.0027,5035403215,mixed,0.658057,5710214
friendster,8,sparse,30,1.11506,0.884444,0.532191,20.9396,5402895859,mixed,0.948536,3697315
friendster,8,sparse,31,1.27051,0.884207,0.392733,34.7354,9017203579,mixed,0.975512,2543374
friendster,8,sparse,32,3.46106,0.870689,0.613063,94.9661,3290066466,mixed,2.14208,15848551
friendster,8,sparse,33,0.342677,0.934964,0.363192,3.34346,11498330873,mixed,0.169381,696617
friendster,8,sparse,34,0.273091,0.987786,0.308071,2.27787,38012840306,mixed,0.150292,484730
friendster,8,sparse,35,1.20608,1.05807,0.675535,27.8017,272995,mixed,0.990335,1196482
friendster,8,sparse,36,0.482206,0.855501,0.257233,4.00684,22324303230,mixed,0.322293,1494728
friendster,8,sparse,37,0.294727,0.902758,0.389757,3.32795,7867418929,mixed,0.168709,730983
friendster,8,sparse,38,6.91625,0.955522,0.573706,212.943,3350828901,mixed,4.56995,53371762
friendster,8,sparse,39,1.28695,0.879525,0.483331,25.6432,8532680630,mixed,0.47883,6413201
friendster,8,sparse,40,0.465704,0.920922,0.356033,5.26663,13175656239,mixed,0.130903,1189016
friendster,8,sparse,41,0.238318,1.018,0.621551,1.78664,124111,mixed,0.08713,418348
friendster,8,sparse,42,4.77538,0.867647,0.609952,144.625,3063615122,mixed,1.96434,19087625
friendster,8,sparse,43,0.539681,1.055,0.611143,12.8687,61209,mixed,0.322238,3026337
friendster,8,sparse,44,0.889066,0.916358,0.464275,14.2782,5465557104,mixed,0.660048,3619313
friendster,8,sparse,45,1.14002,0.90316,0.554822,24.4973,4442951602,mixed,0.657111,4775156
friendster,8,sparse,46,0.293209,1.06347,0.624587,3.60361,61428,mixed,0.149304,1124722
friendster,8,sparse,47,4.0268,0.963402,0.651077,109.181,2513276371,mixed,3.13085,20839727
friendster,8,sparse,48,1.29167,0.908616,0.500086,27.426,4835655228,mixed,0.728094,6302306
friendster,8,sparse,49,0.17792,0.902778,0.320227,2.06401,34491705158,mixed,0.105553,486181
friendster,8,sparse,50,0.302071,0.990615,0.379049,3.13782,12625212231,mixed,0.168032,624052
friendster,8,sparse,51,1.51424,0.911555,0.459196,24.9756,9516097247,mixed,0.86239,6621226
friendster,8,sparse,52,3.75262,0.934236,0.565479,106.321,4269618675,mixed,0.721235,5733346
friendster,8,sparse,53,0.790327,0.949739,0.443323,14.1798,2637304805,mixed,0.381247,3167505
friendster,8,sparse,54,0.195457,0.945698,0.256418,2.05116,42089707105,mixed,0.108113,492232
friendster,8,sparse,55,1.31426,0.966895,0.448406,32.4305,7461837490,mixed,0.752796,2429884
friendster,8,sparse,56,1.86882,0.935776,0.733531,53.5367,106854899,mixed,0.679526,6425369
friendster,8,sparse,57,7.43766,0.93375,0.666163,233.258,2853984172,mixed,4.26491,71539937
friendster,8,sparse,58,1.76386,0.914259,0.526985,40.5515,4691884784,mixed,1.58081,7148626
friendster,8,sparse,59,0.228784,0.956548,0.585471,2.40803,345003105,mixed,0.0888038,490972
friendster,8,sparse,60,29.1308,0.950618,0.77308,919.974,1279495258,mixed,13.7056,206289844
friendster,8,sparse,61,0.266367,0.901631,0.367589,3.10749,13573107915,mixed,0.136469,677975
friendster,8,sparse,62,4.49087,0.935065,0.71897,137.231,2729754499,mixed,2.23469,18542230
friendster,8,sparse,63,1.15617,1.11781,0.705057,28.399,4106,mixed,0.515772,6605648
friendster,8,sparse,64,0.395095,1.07554,0.627369,7.62055,84508,mixed,0.281896,3080397
friendster,8,sparse,65,0.269083,0.831552,0.282551,2.38621,102326308517,mixed,0.0986811,463291
friendster,8,sparse,66,0.313542,0.865376,0.410603,3.95985,8226417643,mixed,0.188902,995082
friendster,8,sparse,67,0.269077,0.923136,0.359188,3.03982,15740878868,mixed,0.0787959,680609
friendster,8,sparse,68,2.21831,0.91053,0.53229,33.794,3088668564,mixed,1.77685,5942705
friendster,8,sparse,69,0.275252,0.909367,0.381288,3.38881,13344378963,mixed,0.175992,667115
friendster,8,sparse,70,3.02904,0.885544,0.66812,86.3129,2385104873,mixed,2.78957,20305844
friendster,8,sparse,71,0.352887,0.919214,0.359206,4.56506,10175634633,mixed,0.231347,1018324
friendster,8,sparse,72,1.37029,0.878538,0.690614,34.5183,116988793,mixed,0.330003,1805978
friendster,8,sparse,73,0.687877,0.873932,0.520625,11.6543,4543529644,mixed,0.382543,2746033
friendster,8,sparse,74,1.49987,0.901012,0.493143,30.617,5152885987,mixed,0.716027,6303631
friendster,8,sparse,75,0.690284,0.940529,0.512206,15.5406,3705321004,mixed,0.521526,3765756
friendster,8,sparse,76,0.390504,0.907677,0.360894,3.69992,26917502049,mixed,0.212799,696065
friendster,8,sparse,77,1.20007,0.94072,0.523592,21.1978,5582987401,mixed,0.966699,3653525
friendster,8,sparse,78,0.643599,0.918642,0.35821,5.75196,10934202388,mixed,0.434494,755301
friendster,8,sparse,79,1.60492,0.948702,0.484404,41.2502,5839504920,mixed,0.819646,7482898
friendster,8,sparse,80,0.210366,0.996675,0.314617,2.26963,47373798340,mixed,0.135954,490600
friendster,8,sparse,81,3.04299,0.971284,0.675605,89.8502,1901870853,mixed,2.04667,21755472
friendster,8,sparse,82,0.26901,0.882852,0.395942,3.26462,9104751287,mixed,0.144462,738769
friendster,8,sparse,83,1.44658,0.952654,0.463071,27.4419,5351567460,mixed,0.702045,6168705
friendster,8,sparse,84,0.341891,1.0414,0.665747,7.57509,120916,mixed,0.0988271,1770835
friendster,8,sparse,85,1.16928,1.02252,0.585441,33.1817,23636,mixed,0.477264,7602968
friendster,8,sparse,86,1.33735,0.952614,0.560546,23.4903,4189923659,mixed,0.702577,4855234
friendster,8,sparse,87,0.737083,0.856329,0.431392,9.13539,9040534307,mixed,0.516993,1369443
friendster,8,sparse,88,1.15056,0.877883,0.514566,21.649,5587252534,mixed,0.480712,6027685
friendster,8,sparse,89,1.05354,1.02131,0.838339,25.8804,32358,mixed,0.53535,12525525
friendster,8,sparse,90,7.60498,0.922373,0.635417,235.916,3079531251,mixed,4.03392,72040361
friendster,8,sparse,91,0.186224,0.85948,0.309859,1.90107,49298072241,mixed,0.116874,468054
friendster,8,sparse,92,5.57057,0.932989,0.70957,164.103,2579431110,mixed,2.5533,40603796
friendster,8,sparse,93,1.55566,0.931407,0.490658,35.2885,3273856106,mixed,0.920638,6065853
friendster,8,sparse,94,0.83158,0.88209,0.469523,18.4918,3419998033,mixed,0.400598,4694375
friendster,8,sparse,95,0.900376,0.925726,0.422882,15.2949,10165745945,mixed,0.740009,3711089
friendster,8,sparse,96,1.68799,0.893651,0.513925,29.559,4014895041,mixed,0.975752,5982680
friendster,8,sparse,97,0.566225,0.91414,0.357277,12.4424,19630885352,mixed,0.261623,3110947
friendster,8,sparse,98,0.274545,0.845229,0.391414,3.04528,26975529015,mixed,0.116066,700829
friendster,8,sparse,99,4.5509,1.00647,0.690781,130.214,1363293488,mixed,3.49255,17938467
friendster,8,sparse,100,0.933176,0.858493,0.240124,7.5354,16997377720,mixed,0.705519,919507
