dataset,query_size,query_mode,query_index,elapsed_execution_time,filter_time,plan_time,enumerate_time,n_embeddings,order,max_task_time,n_intersections
human,12,dense,1,0.0169268,0.0018248,0.00217267,0.0200389,4151727.0,1 0 4 3 8 6 7 5 2 9 10 11 ,0.0168241,12944
human,12,dense,2,0.0362673,0.00202586,0.00233569,0.0359943,1013850.0,3 7 4 11 10 9 5 6 8 2 0 1 ,0.0359943,18454
human,12,dense,4,0.907687,0.00144053,0.00226749,0.907481,896269400.0,3 9 7 11 4 1 8 0 5 6 2 10 ,0.907481,634293
human,12,dense,6,0.274741,0.00143827,0.00236648,0.274645,8365405440.0,2 0 1 5 10 3 4 6 7 8 9 11 ,0.274645,89270
human,12,dense,7,274.407,0.00182738,0.00282112,274.407,73627387646400.0,4 0 7 1 2 3 5 6 10 11 8 9 ,274.407,135844550
human,12,dense,9,52.8514,0.00182424,0.00490498,766.166,900983387220.0,mixed,52.8503,212289953
human,12,dense,11,0.0733838,0.00165204,0.00247214,0.0731789,246673570.0,3 6 5 10 11 7 4 0 2 9 8 1 ,0.0731789,91344
human,12,dense,13,0.0936488,0.00182211,0.00250667,0.0935265,0.0,3 11 1 0 2 4 9 10 8 5 6 7 ,0.0935265,44966
human,12,dense,16,856.029,0.00184969,0.00302916,20897.4,4724355992762.0,10 11 8 9 2 1 0 4 3 5 6 7 ,167.462,3616762516
human,12,dense,17,0.28011,0.0017128,0.00243976,0.371788,8682303144.0,1 5 10 9 8 0 6 7 2 3 4 11 ,0.268618,123525
human,12,dense,19,4.58142,0.00155052,0.00214043,104.394,11780450160.0,1 9 10 5 0 3 4 8 6 7 2 11 ,1.99075,33395931
human,12,dense,20,199.727,0.00142996,0.00226957,6309.04,32332743212.0,3 0 1 2 4 5 6 7 8 9 10 11 ,149.433,3558039831
human,12,dense,21,0.00168877,0.00174423,0.00206755,0.00284904,4081128786.0,2 5 1 3 9 8 0 4 7 11 6 10 ,0.00158276,692
human,12,dense,22,0.00141138,0.00155111,0.00219944,0.00131545,1202652.0,3 4 9 0 6 7 5 1 2 8 11 10 ,0.00131545,498
human,12,dense,24,0.0159295,0.00184338,0.00287636,0.030291,4485288.0,0 2 1 7 6 4 5 8 3 11 10 9 ,0.0158183,23405
human,12,dense,25,118.885,0.00142881,0.00200286,3782.7,58247022202.0,0 2 9 10 8 1 3 4 5 6 7 11 ,112.99,1225923929
human,12,dense,27,19.4228,0.00406555,0.0276216,546.943,71470593.0,mixed,17.1082,378543162
human,12,dense,29,627.66,0.00206724,0.00283899,19923.4,299469119040.0,11 6 7 8 9 10 5 4 3 0 1 2 ,600.614,4170790315
human,12,dense,31,0.00495575,0.00176238,0.00206132,0.00485906,99468.0,2 5 3 6 0 4 10 11 1 8 7 9 ,0.00485906,3174
human,12,dense,32,477.908,0.00132349,0.00243294,477.908,64173315407040.0,11 10 6 7 8 9 5 1 3 4 0 2 ,477.908,120281
human,12,dense,33,0.00270745,0.00203398,0.0022509,0.00261603,2908.0,0 7 10 1 2 3 4 5 6 8 9 11 ,0.00261603,3085
human,12,dense,34,1393.69,0.00145189,0.00307642,43803.6,3719246526171.0,2 9 11 10 0 1 3 4 5 6 7 8 ,1086.57,11862368884
human,12,dense,35,9.05162,0.00183509,0.00252506,9.05137,3428970834.0,5 2 3 0 8 4 1 9 6 7 10 11 ,9.05137,6337918
human,12,dense,36,72.9666,0.00150676,0.00229166,72.9664,11149580442.0,1 0 2 3 4 5 6 7 8 9 10 11 ,72.9664,1735
human,12,dense,39,29.017,0.00209387,0.00247643,44.1743,7677623825.0,6 11 9 10 0 2 3 4 5 7 8 1 ,29.0167,53984890
human,12,dense,40,444.787,0.00149368,0.00240634,444.787,352082999268.0,10 11 6 7 8 3 4 5 9 2 0 1 ,444.787,295904128
human,12,dense,41,0.0208658,0.00139428,0.00222085,0.0207057,225680.0,3 5 0 6 4 8 10 1 2 7 9 11 ,0.0207057,16100
human,12,dense,46,8.98261,0.00110946,0.00223367,101.407,48304154112.0,2 5 11 0 1 3 4 6 7 8 9 10 ,5.24813,182588
human,12,dense,48,14.8688,0.00133794,0.00421728,352.615,24104050963060.0,mixed,8.48902,101144109
human,12,dense,50,0.00713037,0.00126479,0.00262673,0.00701787,93150.0,1 7 4 11 0 3 6 5 9 10 2 8 ,0.00701787,7056
human,12,dense,51,3.73523,0.00116625,0.00274118,103.633,238188951000.0,0 9 3 5 7 4 6 1 8 2 10 11 ,2.18732,49561712
human,12,dense,52,25.1324,0.00121957,0.00268229,751.992,430253441087.0,9 2 3 4 0 6 10 11 1 5 7 8 ,20.8909,8553196
human,12,dense,53,9.73864,0.00141938,0.00275251,293.359,106807296960.0,3 1 0 2 6 7 9 10 4 5 8 11 ,8.08234,79973614
human,12,dense,54,0.854934,0.00124914,0.00273239,10.1623,49489667460.0,1 8 2 11 0 3 4 5 6 7 9 10 ,0.563494,3615810
human,12,dense,56,0.104914,0.0010618,0.00211623,0.104682,7514100.0,3 11 10 7 9 6 2 4 5 8 1 0 ,0.104682,61161
human,12,dense,59,216.706,0.00120015,0.00229682,575.08,517538032000.0,2 1 0 3 4 5 11 6 7 8 9 10 ,200.872,52474
human,12,dense,61,56.1796,0.00123933,0.00230187,1776.63,469112280000.0,3 1 5 6 8 9 10 11 4 2 0 7 ,41.6474,503103456
human,12,dense,63,0.0201413,0.001391,0.00187802,0.0200184,158752.0,0 7 6 1 2 3 4 5 8 9 10 11 ,0.0200184,30379
human,12,dense,68,4.65218,0.00123461,0.00505066,129.383,172160568270.0,mixed,3.17333,45087254
human,12,dense,69,1.47038,0.00100563,0.00232447,29.652,268442718138.0,1 2 8 9 10 11 3 4 0 5 6 7 ,0.986671,5652953
human,12,dense,70,0.157259,0.00115279,0.00235129,0.157161,15993180.0,1 8 7 9 0 6 3 4 5 2 10 11 ,0.157161,78139
human,12,dense,73,1.5332,0.00114709,0.0027839,1.53292,302002666781760.0,10 9 7 11 6 8 5 3 4 2 0 1 ,1.53292,438930
human,12,dense,74,7.7026,0.00144626,0.00171568,231.014,2256697219704.0,1 4 7 8 10 0 9 2 6 3 5 11 ,3.74361,70485745
human,12,dense,77,3.5346,0.00121289,0.0023723,3.53433,94569833827.0,3 5 10 1 2 6 8 7 0 4 9 11 ,3.53433,2096053
human,12,dense,79,4.22964,0.00141194,0.00437384,111.773,21189216395.0,mixed,3.61402,24074327
human,12,dense,80,283.051,0.0016577,0.00258381,283.051,344935386312.0,8 3 4 5 6 7 10 9 2 0 1 11 ,283.051,203502342
human,12,dense,81,0.066671,0.00124521,0.00302588,0.0664677,0.0,3 0 1 2 5 7 4 11 6 8 9 10 ,0.0664677,91981
human,12,dense,83,48.46,0.00148667,0.00214005,1419.7,106905077820.0,5 7 8 9 10 1 2 3 4 0 6 11 ,41.0115,490798413
human,12,dense,84,293.358,0.00129364,0.00221324,9374.75,473613623280.0,4 2 7 8 9 0 5 11 1 3 6 10 ,171.034,3031225623
human,12,dense,85,10.8265,0.00133677,0.00233662,332.284,107465358000.0,0 1 2 6 8 9 4 7 10 11 3 5 ,4.32284,164438963
human,12,dense,87,134.872,0.00150241,0.00602309,3536.39,166104624986.0,mixed,133.98,539888927
human,12,dense,88,1.05119,0.00124272,0.00213225,18.4076,15764659082.0,8 5 1 9 6 7 0 3 10 4 2 11 ,0.372834,6821630
human,12,dense,89,60.0129,0.00162989,0.00256569,1903.52,8030790967728.0,5 8 7 11 2 3 4 6 0 1 9 10 ,19.8925,268956904
human,12,dense,90,409.182,0.00129791,0.00203357,409.182,36407500012800.0,3 1 5 8 0 4 6 7 2 10 9 11 ,409.182,102262701
human,12,dense,92,3.67752,0.000989636,0.00210326,3.67894,2896707528.0,1 0 6 2 3 4 5 7 8 9 10 11 ,3.67538,3574
human,12,dense,94,0.438064,0.00126517,0.00218001,0.788579,693650100.0,1 9 10 11 0 4 5 6 7 8 2 3 ,0.227636,225806
human,12,dense,95,21.0886,0.00124665,0.00355816,381.319,1329180209280.0,0 2 3 4 10 11 5 1 6 8 7 9 ,13.9275,230498
human,12,dense,96,39.006,0.00118626,0.00225165,1094.04,384226343856000.0,0 6 1 5 3 4 8 9 10 11 2 7 ,33.6217,308404958
human,12,dense,98,4.06256,0.00135506,0.00201455,101.527,32262536664.0,1 8 0 2 6 7 3 5 9 10 11 4 ,2.93638,31726512
human,12,dense,99,2.45725,0.00125878,0.00218974,57.6264,16020956112.0,0 2 6 7 3 4 1 8 9 5 10 11 ,1.73164,21032343
human,12,dense,100,230.568,0.000925411,0.00249293,6584.38,2903051020.0,10 5 8 0 1 2 3 4 6 7 9 11 ,145.079,4874732529
human,12,sparse,1,0.0300288,0.00191196,0.00306909,0.0472904,220448604.0,0 6 7 1 5 2 3 4 10 8 11 9 ,0.0299212,20230
human,12,sparse,2,0.0169938,0.00187099,0.00230051,0.016842,43740204.0,7 8 4 5 9 6 10 3 2 0 11 1 ,0.016842,5855
human,12,sparse,4,0.0208694,0.00162016,0.00221719,0.0231941,353178285960.0,9 7 6 1 4 8 3 0 2 11 10 5 ,0.0206967,10756
human,12,sparse,6,13.3175,0.00149248,0.00260629,20.0164,148836293312.0,0 1 5 2 3 4 8 7 10 9 6 11 ,13.3173,377934
human,12,sparse,7,4.28694,0.00177043,0.00241579,4.28667,882290723750400.0,4 0 1 2 3 5 7 6 8 11 10 9 ,4.28667,3182499
human,12,sparse,8,21.0369,0.00146243,0.00330357,21.0368,98170110933990.0,5 7 1 6 3 0 2 4 8 9 10 11 ,21.0368,7624139
human,12,sparse,9,804.725,0.00167433,0.00511307,804.86,625119238161240.0,mixed,804.725,448185
human,12,sparse,10,69.1706,0.001815,0.0069374,132.1,962142439854336.0,mixed,69.1697,41899944
human,12,sparse,11,0.182493,0.00145455,0.00310285,0.182339,22259835000.0,7 11 5 3 10 6 9 2 0 4 8 1 ,0.182339,128319
human,12,sparse,16,421.69,0.00136722,0.00354503,11464.6,458111668959192.0,9 11 10 2 8 1 0 6 4 5 3 7 ,301.493,888824
human,12,sparse,17,0.435057,0.00183856,0.00284718,2.43974,316108335272.0,1 7 6 5 3 4 2 0 10 9 11 8 ,0.235808,828928
human,12,sparse,18,23.5512,0.00245559,0.00710361,578.926,1.9790473174252056e+16,mixed,18.9147,52528531
human,12,sparse,19,16.3791,0.00142327,0.00909896,462.035,10018238666410.0,mixed,14.1005,114083086
human,12,sparse,21,0.013306,0.00176696,0.00358674,0.013119,60651780840.0,2 5 1 3 8 7 11 0 6 9 4 10 ,0.013119,4662
human,12,sparse,22,0.0338091,0.00131179,0.00206442,0.0336661,1574769660.0,3 0 6 1 2 5 7 8 9 11 10 4 ,0.0336661,1525
human,12,sparse,23,309.398,0.00152295,0.00572322,6512.7,1.3811150642701776e+17,mixed,298.153,19802122
human,12,sparse,24,0.0426855,0.00145178,0.0031466,0.106124,159160976.0,7 8 6 5 4 2 1 0 3 11 10 9 ,0.0425042,78135
human,12,sparse,29,224.961,0.00159691,0.00581543,7153.91,1843000714376064.0,11 10 5 6 4 8 7 3 0 2 9 1 ,151.986,4313822
human,12,sparse,31,0.0084845,0.00191522,0.00200837,0.00833833,1749465.0,5 4 10 11 2 0 3 6 1 8 7 9 ,0.00833833,4605
human,12,sparse,32,13.1305,0.00158537,0.00446465,399.638,5.508478253135592e+16,6 10 9 4 8 7 1 3 0 2 11 5 ,5.86738,46282024
human,12,sparse,33,0.173541,0.00191187,0.00325936,0.173269,229378464.0,0 7 4 6 8 9 2 3 5 10 1 11 ,0.173269,33473
human,12,sparse,34,139.084,0.00124015,0.0112195,4360.72,72925821491892.0,mixed,80.2718,17960157
human,12,sparse,35,0.117418,0.00191645,0.00252298,0.117247,737935099404.0,2 0 3 1 5 6 7 4 9 10 8 11 ,0.117247,57151
human,12,sparse,39,199.566,0.00162677,0.00259353,318.139,1875723387144.0,6 9 10 0 7 2 1 8 5 4 3 11 ,199.566,6309562
human,12,sparse,40,2.57914,0.0015908,0.00350992,2.5789,75352337745594.0,11 7 10 8 9 6 5 3 0 1 2 4 ,2.5789,1025309
human,12,sparse,41,0.409099,0.00127849,0.00602865,0.364849,590923198.0,mixed,0.207699,236916
human,12,sparse,42,381.438,0.00192483,0.00821102,699.419,3882650056883170.0,mixed,381.437,228751068
human,12,sparse,48,15.4776,0.00132645,0.0054679,468.549,1.1567352955774464e+16,mixed,12.1668,5428555
human,12,sparse,50,0.0422255,0.00132126,0.00237432,0.0420511,129595584.0,2 6 1 4 8 3 0 5 9 7 11 10 ,0.0420511,21864
human,12,sparse,51,8.91913,0.00122025,0.0045649,228.196,28576801266048.0,4 10 7 5 6 2 1 3 8 11 9 0 ,4.25873,38503419
human,12,sparse,54,6.93868,0.00130226,0.00445554,208.196,98727369862756.0,1 10 9 2 8 0 7 4 6 3 5 11 ,5.33966,37939110
human,12,sparse,56,0.43836,0.000962302,0.00384647,1.0231,9179127540.0,7 6 2 8 5 4 3 11 1 10 9 0 ,0.214108,393098
human,12,sparse,57,5.5798,0.00109053,0.0061861,160.704,4870724971510770.0,5 10 1 7 4 8 9 2 0 6 11 3 ,4.84109,28118909
human,12,sparse,58,538.9,0.0013329,0.00547697,15248.3,7.747757972114684e+17,0 8 7 10 4 1 9 5 6 2 3 11 ,448.273,2555932778
human,12,sparse,61,1.54796,0.00123397,0.00321385,31.2205,479189458944000.0,3 2 8 10 11 1 6 0 4 7 9 5 ,0.569205,6455618
human,12,sparse,63,0.069029,0.00117056,0.00329788,0.0688645,37758636.0,0 8 9 1 5 4 2 10 7 11 6 3 ,0.0688645,41707
human,12,sparse,65,24.8385,0.00152471,0.00372466,761.021,1.6925683511962576e+16,0 2 9 1 10 11 3 6 7 4 5 8 ,11.8785,114339861
human,12,sparse,68,12.116,0.00119578,0.00578048,341.045,17158137433864.0,mixed,9.59521,3143811
human,12,sparse,69,3.19049,0.00117852,0.00407286,84.9524,22683704599296.0,4 3 0 1 11 10 9 8 6 5 2 7 ,2.68975,21252481
human,12,sparse,70,11.9311,0.0011305,0.002199,11.9308,53153278080.0,0 4 3 6 10 2 11 5 1 9 8 7 ,11.9308,166425
human,12,sparse,71,26.9084,0.00150628,0.00737858,749.654,5.12995527000767e+18,2 1 3 10 9 5 7 8 0 11 6 4 ,22.5594,59689664
human,12,sparse,73,1.05144,0.00114318,0.00320848,9.25362,8088324639212160.0,9 11 4 7 5 2 8 3 0 1 10 6 ,0.499627,1439596
human,12,sparse,74,1.22354,0.00131987,0.00297529,20.3518,90639975904620.0,1 6 0 9 7 8 2 4 5 3 10 11 ,0.70919,2899550
human,12,sparse,75,0.95679,0.00130787,0.00364123,12.4641,9702395909902080.0,5 9 10 8 7 3 6 0 2 1 4 11 ,0.635147,2850549
human,12,sparse,77,1.67516,0.00113931,0.00248162,1.67487,14549945147466.0,3 2 0 9 7 4 1 5 10 8 11 6 ,1.67487,946122
human,12,sparse,78,87.5553,0.00152508,0.0101546,2594.56,1.2891789695930314e+16,mixed,33.3961,930158469
human,12,sparse,81,23.7616,0.00124444,0.00409045,744.274,1.015700400749407e+17,2 5 1 4 11 10 0 3 7 8 9 6 ,8.86076,108284489
human,12,sparse,82,182.761,0.00161948,0.00650076,3413.39,1.696629097257268e+16,5 9 10 6 0 3 2 4 8 1 7 11 ,106.202,1055641326
human,12,sparse,83,4.37221,0.00111451,0.0036067,120.052,268209330120288.0,5 1 10 2 3 9 4 6 0 8 7 11 ,2.01888,31279057
human,12,sparse,84,7.51611,0.00119171,0.00448817,197.167,4927068503093816.0,5 1 9 7 6 10 4 3 8 0 11 2 ,6.66597,24489828
human,12,sparse,85,5.03246,0.00121208,0.00463087,132.441,699658777995750.0,2 9 8 3 1 7 6 0 4 10 11 5 ,3.97914,40374545
human,12,sparse,86,66.5477,0.00136535,0.00396793,1883.98,3961996793639040.0,11 8 9 5 3 0 2 7 10 6 1 4 ,22.8622,295942210
human,12,sparse,87,267.497,0.00143467,0.0135525,8153.75,73188612952348.0,mixed,261.644,22298662
human,12,sparse,88,0.451635,0.00129946,0.00324097,1.33199,2203143214516.0,3 1 0 8 5 9 6 2 10 7 11 4 ,0.229832,374587
human,12,sparse,90,26.5995,0.0012044,0.0032916,26.5992,1.1823800008149504e+16,5 1 8 4 6 2 0 7 9 11 3 10 ,26.5992,7925612
human,12,sparse,94,0.638114,0.0012883,0.00265648,0.637912,46606181245920.0,1 0 10 9 3 5 4 8 7 11 6 2 ,0.637912,307727
human,12,sparse,95,0.99593,0.00135895,0.00351185,16.7138,518957787503232.0,0 3 1 6 11 2 4 5 10 7 8 9 ,0.27052,1801438
human,12,sparse,98,0.50475,0.00132045,0.00944277,3.61856,5857392565420.0,mixed,0.235069,958605
human,12,sparse,99,8.33964,0.0011206,0.00370266,110.906,4971832124256.0,1 4 5 3 6 7 10 8 2 0 11 9 ,5.98933,461184
