dataset,query_size,query_mode,query_index,elapsed_execution_time,filter_time,plan_time,enumerate_time,n_embeddings,order,max_task_time,n_intersections
orkut,12,dense,1,1.4594,1.24831,0.0103555,36.6451,6164009,mixed,0.150201,343298
orkut,12,dense,2,0.325519,1.19607,0.0104865,7.7602,1779145475,mixed,0.124029,242905
orkut,12,dense,3,0.3959,1.2959,0.0113664,9.53359,18313414884,mixed,0.188279,269202
orkut,12,dense,4,0.421626,1.29618,0.00818908,10.2482,4722778,mixed,0.0660829,260338
orkut,12,dense,5,1.33665,1.27841,0.0104324,34.0099,1823651,mixed,0.0889569,237696
orkut,12,dense,6,0.379159,1.28814,0.00930732,6.70129,638121960,mixed,0.0359807,206333
orkut,12,dense,7,0.64572,1.08961,0.0101179,16.2197,15314284,mixed,0.0676619,218027
orkut,12,dense,8,0.940916,1.28498,0.00787902,21.4464,587414,mixed,0.226904,1478007
orkut,12,dense,9,0.101145,1.25835,0.00889714,2.41195,785975,mixed,0.0534978,190792
orkut,12,dense,10,0.662062,1.37839,0.0101462,16.6435,104141578,mixed,0.194442,324533
orkut,12,dense,11,0.370896,1.3717,0.00862872,8.98835,1309209,mixed,0.272785,613214
orkut,12,dense,12,0.113994,1.2409,0.00750703,2.21221,4449662,mixed,0.0877903,174491
orkut,12,dense,13,0.862809,1.39645,0.00803591,21.9434,241168,mixed,0.0944648,240044
orkut,12,dense,14,0.443858,1.27129,0.0100657,10.2953,1153864655,mixed,0.210149,1729881
orkut,12,dense,15,0.150784,1.23252,0.00850454,3.03426,1601135,mixed,0.137298,399600
orkut,12,dense,16,0.41125,1.20776,0.00732945,8.67845,26225156,mixed,0.327462,2268521
orkut,12,dense,17,0.155879,1.35868,0.00960541,3.21576,311048088,mixed,0.0871533,405782
orkut,12,dense,18,0.286705,1.23606,0.0085546,6.59334,2119092268,mixed,0.164347,374423
orkut,12,dense,19,0.299258,1.24911,0.00824042,6.84357,64388467,mixed,0.049308,261664
orkut,12,dense,20,0.66342,1.29007,0.00822844,16.8398,1036888,mixed,0.185797,362607
orkut,12,dense,21,0.79149,1.27505,0.00850899,19.6489,388122265,mixed,0.195657,302854
orkut,12,dense,22,0.158744,1.23024,0.00961987,3.05446,120957950,mixed,0.108924,389220
orkut,12,dense,23,0.228548,1.26039,0.00705756,4.88962,14075084,mixed,0.134757,439141
orkut,12,dense,24,0.326983,1.41004,0.00872585,7.69347,2544803,mixed,0.0702454,279818
orkut,12,dense,25,1712.33,1.43495,0.00765063,49587.6,1110635,mixed,1540.4,66553319603
orkut,12,dense,26,0.467552,1.34655,0.0074635,9.85871,1862940,mixed,0.338346,1283932
orkut,12,dense,27,0.573627,1.25686,0.00750386,10.4944,81329250,mixed,0.291084,1257910
orkut,12,dense,28,0.159085,1.14058,0.0107965,2.1388,32104427,mixed,0.109938,377416
orkut,12,dense,29,0.208148,1.39451,0.00810222,4.89471,947585,mixed,0.139733,289898
orkut,12,dense,30,0.301428,1.25009,0.00954023,7.11734,2496700,mixed,0.131298,234472
orkut,12,dense,31,1.18867,1.35254,0.0105954,30.152,8309117,mixed,0.0684787,140592
orkut,12,dense,32,0.221032,1.35267,0.00866429,5.10796,14939556,mixed,0.0900685,407584
orkut,12,dense,33,0.216847,1.22598,0.00951113,5.01018,19946649,mixed,0.0980517,361240
orkut,12,dense,34,0.16038,1.27616,0.00825184,3.51695,38701530,mixed,0.140135,369968
orkut,12,dense,35,0.950703,1.2193,0.00979283,23.9124,31141822,mixed,0.10464,286774
orkut,12,dense,36,0.449911,1.40872,0.0082489,10.0285,3500983,mixed,0.0543481,195291
orkut,12,dense,37,0.675824,1.14507,0.0088927,15.0401,964467713,mixed,0.527292,1412984
orkut,12,dense,38,0.195373,1.30575,0.00690251,4.34908,5200899,mixed,0.0771263,574207
orkut,12,dense,39,0.297377,1.35615,0.00916189,6.93065,3246127331,mixed,0.146033,331498
orkut,12,dense,40,1.01454,1.28858,0.00880119,23.0484,3667664135,mixed,0.817875,689325
orkut,12,dense,41,0.380682,1.35098,0.0090526,8.95592,177486159,mixed,0.323885,459776
orkut,12,dense,42,0.366168,1.36972,0.00977131,8.93688,7984455,mixed,0.113775,265180
orkut,12,dense,43,0.353009,1.25734,0.00780651,8.14785,2374488,mixed,0.265526,2159593
orkut,12,dense,44,0.399429,1.36674,0.00721823,6.50551,2297452,mixed,0.0828497,1004246
orkut,12,dense,45,0.115519,1.35474,0.00982791,2.46453,3659718,mixed,0.0475986,167510
orkut,12,dense,46,0.352694,1.30681,0.00783945,8.61838,28050640,mixed,0.167278,386847
orkut,12,dense,47,0.651219,1.56006,0.00894205,16.4599,929575,mixed,0.175368,401437
orkut,12,dense,48,0.287428,1.38298,0.00874965,6.74163,2506858,mixed,0.143949,258160
orkut,12,dense,49,0.385274,1.26944,0.0087608,9.23122,531165312,mixed,0.133604,336021
orkut,12,dense,50,0.429575,1.46419,0.0087002,10.4799,3628289,mixed,0.124235,334129
orkut,12,dense,51,0.115227,1.32533,0.0100856,2.69221,416121,mixed,0.0285018,183918
orkut,12,dense,52,1.32397,1.32681,0.0069753,33.9243,64703,mixed,0.247111,895291
orkut,12,dense,53,1.62353,1.20974,0.00940087,41.8487,3420511,mixed,0.165226,485776
orkut,12,dense,54,0.33231,1.32539,0.00891397,8.10948,1322464,mixed,0.220672,834672
orkut,12,dense,55,0.107053,1.37506,0.010165,2.48775,4457801,mixed,0.0455018,241517
orkut,12,dense,56,0.336764,1.25055,0.00837599,5.98568,16072774,mixed,0.190252,738391
orkut,12,dense,57,0.137028,1.25204,0.00813066,2.76618,14963375,mixed,0.0686881,243113
orkut,12,dense,58,0.097964,1.31858,0.0087975,1.92799,170914,mixed,0.0427232,214016
orkut,12,dense,59,0.494573,1.23985,0.00998178,12.1845,2405655,mixed,0.0923548,282458
orkut,12,dense,60,0.210797,1.20047,0.00969333,5.09475,86439707,mixed,0.11771,381312
orkut,12,dense,61,0.295277,1.3361,0.0068564,6.90293,227928,mixed,0.0668642,223360
orkut,12,dense,62,0.286295,1.34968,0.00857395,6.71447,12955846,mixed,0.175371,362481
orkut,12,dense,63,0.43106,1.27907,0.00978128,9.39198,182810958,mixed,0.339048,604100
orkut,12,dense,64,1.38564,1.43927,0.00739005,34.7794,4360556,mixed,0.178163,385870
orkut,12,dense,65,0.279957,1.32012,0.00869628,6.64071,6315933,mixed,0.0850949,234966
orkut,12,dense,66,0.436494,1.17315,0.0088015,8.38716,30095979,mixed,0.286373,724273
orkut,12,dense,67,0.117196,1.11511,0.0104901,2.35605,387022562,mixed,0.070614,193412
orkut,12,dense,68,0.300587,1.41186,0.00724495,5.45381,5900001,mixed,0.244847,435746
orkut,12,dense,69,0.433334,1.23843,0.0090069,10.3006,4188440395,mixed,0.21433,491179
orkut,12,dense,70,0.91995,1.38035,0.00962695,22.8456,10772072854,mixed,0.157293,275067
orkut,12,dense,71,0.209992,1.22434,0.00999245,4.47492,5525285,mixed,0.172837,1038084
orkut,12,dense,72,0.150427,1.38686,0.00850556,2.94134,1113659,mixed,0.0651306,569773
orkut,12,dense,73,0.631075,1.48474,0.0094545,15.6914,7163955,mixed,0.127655,256311
orkut,12,dense,74,0.893487,1.41576,0.00831495,22.8629,25792118,mixed,0.64658,799565
orkut,12,dense,75,0.119823,1.30723,0.010018,2.29508,338574519,mixed,0.0714218,329947
orkut,12,dense,76,1.76425,1.325,0.00833583,45.5488,2766734,mixed,0.191925,437406
orkut,12,dense,77,0.155465,1.17486,0.00906651,3.15169,121800527,mixed,0.0783669,303787
orkut,12,dense,78,0.172719,1.31581,0.00697207,3.63528,1297322,mixed,0.139069,270110
orkut,12,dense,79,0.985992,1.24405,0.00908488,22.111,2412326,mixed,0.0971733,1132715
orkut,12,dense,80,1.21078,1.48018,0.00759659,30.7632,245627,mixed,0.203992,378273
orkut,12,dense,81,0.890691,1.32198,0.00643835,22.3107,362201,mixed,0.109117,875645
orkut,12,dense,82,0.989094,1.39816,0.00915815,24.752,3721973,mixed,0.106031,294789
orkut,12,dense,83,0.774082,1.21266,0.00939593,19.2742,242658596,mixed,0.117487,246548
orkut,12,dense,84,0.184469,1.34195,0.00712748,3.97487,802241,mixed,0.105765,339156
orkut,12,dense,85,0.260564,1.48223,0.0089905,5.55875,412898,mixed,0.0967326,315364
orkut,12,dense,86,0.0837777,1.25509,0.0103218,1.798,186287984,mixed,0.0711506,205951
orkut,12,dense,87,1.49411,1.37696,0.00843668,37.7033,1142458,mixed,0.164952,372154
orkut,12,dense,88,0.856355,1.29,0.00964973,21.1201,559053989,mixed,0.465073,390037
orkut,12,dense,89,0.401079,1.2569,0.0098892,8.86682,378296213,mixed,0.269034,867210
orkut,12,dense,90,0.221399,1.33059,0.00790334,3.64286,440185,mixed,0.109128,607362
orkut,12,dense,91,0.190003,1.38138,0.00878205,4.02503,73031202,mixed,0.0965368,235765
orkut,12,dense,92,0.213647,1.38623,0.00817175,3.95522,814014,mixed,0.120982,650003
orkut,12,dense,93,0.17729,1.21018,0.00807784,3.24698,99180438,mixed,0.0728829,439878
orkut,12,dense,94,1.41228,1.39494,0.00725997,32.4216,1340919,mixed,1.04359,2289159
orkut,12,dense,95,0.483993,1.32229,0.00892646,11.3288,201816623,mixed,0.45017,893554
orkut,12,dense,96,0.71907,1.35665,0.010083,17.5486,3926809,mixed,0.102089,285197
orkut,12,dense,97,0.384409,1.30508,0.00974984,9.22049,512940739,mixed,0.250268,446793
orkut,12,dense,98,0.773824,1.30435,0.0100912,19.1261,24319065,mixed,0.164216,364661
orkut,12,dense,99,0.509291,1.34215,0.00869012,12.3823,21329227,mixed,0.228465,608330
orkut,12,dense,100,0.13073,1.20533,0.00970195,2.74546,45054691,mixed,0.0980886,263697
orkut,12,sparse,1,0.311247,1.19053,0.0103801,7.46113,70617033,mixed,0.114832,299992
orkut,12,sparse,2,0.816885,1.214,0.0111102,19.1455,7347119773,mixed,0.132461,801869
orkut,12,sparse,3,0.562075,1.25501,0.0103342,9.20229,6127758497,mixed,0.385955,1069117
orkut,12,sparse,4,0.505751,1.26886,0.00924005,12.1405,2808695605,mixed,0.289081,423432
orkut,12,sparse,5,1.32688,1.22834,0.0100037,30.9712,7274485931,mixed,0.734728,7084905
orkut,12,sparse,6,0.639284,1.25359,0.0143059,15.6849,875445718926,mixed,0.234416,261595
orkut,12,sparse,7,0.859036,1.23429,0.0111143,17.3218,2050343569,mixed,0.559648,2221044
orkut,12,sparse,8,0.464737,1.271,0.01076,10.1457,92709447,mixed,0.384558,790387
orkut,12,sparse,9,0.619865,1.14674,0.00990865,11.8855,1151105640985,mixed,0.143912,1087197
orkut,12,sparse,10,0.428939,1.36283,0.00954235,10.4906,354551855,mixed,0.345619,529240
orkut,12,sparse,11,0.873623,1.30809,0.0121325,20.2361,4563650060,mixed,0.783982,984780
orkut,12,sparse,12,0.233447,1.21029,0.00895205,4.56941,2129071313,mixed,0.103111,458334
orkut,12,sparse,13,0.337875,1.19043,0.0117643,7.31912,17032970890,mixed,0.228758,488053
orkut,12,sparse,14,0.827042,1.31875,0.0100362,20.5178,558212617,mixed,0.60322,893063
orkut,12,sparse,15,0.134184,1.24266,0.00931039,2.17155,241859393,mixed,0.055025,347054
orkut,12,sparse,16,0.362424,1.07133,0.0136138,7.35251,2297235106968,mixed,0.124534,186012
orkut,12,sparse,17,0.843482,1.23855,0.0106438,18.6455,1491485607,mixed,0.179031,690185
orkut,12,sparse,18,0.278507,1.23947,0.0145573,6.4333,11535471201,mixed,0.169568,331528
orkut,12,sparse,19,0.185396,1.12311,0.0174153,3.65235,52747627736,mixed,0.0864686,299631
orkut,12,sparse,20,1.16316,1.30235,0.0103464,24.2352,338921322,mixed,0.629838,5709021
orkut,12,sparse,21,0.188005,1.10973,0.0118285,4.25349,225380367,mixed,0.101593,998267
orkut,12,sparse,22,0.180893,1.13654,0.0115235,3.52615,2737546136,mixed,0.148818,347457
orkut,12,sparse,23,3.57841,1.32488,0.00951122,86.2589,21682492424,mixed,2.03119,30280505
orkut,12,sparse,24,0.746393,1.24235,0.012467,12.6975,158798314648,mixed,0.305871,1030109
orkut,12,sparse,25,0.782202,1.23527,0.0122846,19.5984,186342788823,mixed,0.553858,885007
orkut,12,sparse,26,0.492058,1.31179,0.0109441,11.9063,2539858908,mixed,0.301594,337742
orkut,12,sparse,27,0.221123,1.0728,0.0136947,4.53182,28520821822,mixed,0.0961164,291002
orkut,12,sparse,28,0.462678,1.13288,0.00964489,9.47539,74066038,mixed,0.197473,810255
orkut,12,sparse,29,0.766987,1.22334,0.013534,18.8748,16367852745,mixed,0.203878,1699783
orkut,12,sparse,30,0.950263,1.19385,0.0135517,18.778,17570375658987,mixed,0.207727,868578
orkut,12,sparse,31,0.315438,1.18673,0.0129939,5.36611,10043473536,mixed,0.115994,875440
orkut,12,sparse,32,0.61983,1.14826,0.011092,12.5127,29968034469,mixed,0.444208,2412933
orkut,12,sparse,33,0.742696,1.22527,0.00975803,12.8159,30516398085,mixed,0.618627,942612
orkut,12,sparse,34,0.536607,1.11169,0.0102815,12.1056,108330122998,mixed,0.457609,512017
orkut,12,sparse,35,0.569344,1.22088,0.0113064,8.87293,289650940,mixed,0.0401541,399979
orkut,12,sparse,36,0.159341,1.20315,0.0100743,3.25872,9013777879,mixed,0.114873,413134
orkut,12,sparse,37,0.958067,1.32802,0.0129906,17.0432,32542690323,mixed,0.610339,2240645
orkut,12,sparse,38,0.531927,1.26577,0.010936,9.30863,2818476692,mixed,0.115129,1605024
orkut,12,sparse,39,0.314949,1.21202,0.0107022,5.28313,449040928334,mixed,0.137184,727167
orkut,12,sparse,40,0.286951,1.2455,0.00969747,6.37823,4541399447,mixed,0.226722,1209559
orkut,12,sparse,41,0.566533,1.15902,0.013124,13.0365,214006662219,mixed,0.523578,442404
orkut,12,sparse,42,0.817172,1.18356,0.00924758,19.6342,15151049902,mixed,0.58136,9893306
orkut,12,sparse,43,0.417045,1.18713,0.0117199,8.74756,59252693049,mixed,0.154032,524300
orkut,12,sparse,44,0.711386,1.14378,0.016653,17.392,8249299891,mixed,0.157989,321795
orkut,12,sparse,45,0.505359,1.26135,0.0110312,10.1418,2129603706,mixed,0.362922,1046385
orkut,12,sparse,46,3.14608,1.19576,0.00899195,71.4734,9209261458,mixed,2.02127,13852487
orkut,12,sparse,47,0.682976,1.21184,0.0107183,17.0983,827802107,mixed,0.274359,1726424
orkut,12,sparse,48,0.268955,1.16283,0.0128371,4.43442,1239219687722,mixed,0.115027,647168
orkut,12,sparse,49,0.517851,1.08733,0.0116364,10.3762,542789406666,mixed,0.370874,512347
orkut,12,sparse,50,0.464571,1.34074,0.0109419,10.2911,73927910,mixed,0.078045,274891
orkut,12,sparse,51,0.29156,1.26711,0.0130787,5.59124,225980944745,mixed,0.183287,1032643
orkut,12,sparse,52,0.709149,1.13167,0.0103294,15.0898,289442532503,mixed,0.521738,1400691
orkut,12,sparse,53,0.303014,1.2401,0.010012,6.37565,2451457103,mixed,0.152427,722035
orkut,12,sparse,54,0.632509,1.24425,0.00907991,14.6975,56310785,mixed,0.292831,657629
orkut,12,sparse,55,2.09406,1.33414,0.0117045,44.3984,68078889371,mixed,1.1034,8950336
orkut,12,sparse,56,1.12492,1.24996,0.0133167,25.3212,32482323683,mixed,0.525802,8432731
orkut,12,sparse,57,0.339557,1.11401,0.0130579,6.59227,54528642390,mixed,0.0744642,268574
orkut,12,sparse,58,0.442973,1.2309,0.0134399,10.8543,114813414528,mixed,0.274058,265192
orkut,12,sparse,59,0.601946,1.19645,0.0124159,14.5777,413920281,mixed,0.451294,717545
orkut,12,sparse,60,0.882493,1.28291,0.0124191,20.631,83449467243,mixed,0.0887749,626853
orkut,12,sparse,61,0.580508,1.22489,0.0107871,10.7633,1325981362,mixed,0.337564,1608249
orkut,12,sparse,62,0.521476,1.3313,0.00978693,11.3938,124543497,mixed,0.102785,1030075
orkut,12,sparse,63,2.48757,1.37125,0.00949403,59.36,2618402804,mixed,0.914533,19302935
orkut,12,sparse,64,1.09399,1.22955,0.0122098,22.6743,35720430461,mixed,0.553534,4172966
orkut,12,sparse,65,0.324034,1.29172,0.0136727,4.89027,80151297891,mixed,0.253727,439497
orkut,12,sparse,66,0.877739,1.21364,0.012193,22.0121,42633001563,mixed,0.216818,379481
orkut,12,sparse,67,0.530429,1.23141,0.0118317,12.9462,109855883823,mixed,0.21796,332121
orkut,12,sparse,68,1.28213,1.27011,0.0110607,21.3223,30995830371,mixed,0.0596751,1253768
orkut,12,sparse,69,0.897616,1.2277,0.0112367,18.9664,252885380,mixed,0.87258,1666942
orkut,12,sparse,70,0.576685,1.20173,0.0113674,11.4546,249740166980,mixed,0.390716,778336
orkut,12,sparse,71,0.685588,1.22514,0.0117291,11.7815,384088826085,mixed,0.369243,1100583
orkut,12,sparse,72,0.15384,1.19565,0.0173084,3.05257,5622743110840,mixed,0.062078,260389
orkut,12,sparse,73,0.727905,1.21349,0.00884058,14.8246,312859200,mixed,0.483004,3677703
orkut,12,sparse,74,0.200236,1.32567,0.00967092,4.39485,23999906,mixed,0.0683475,315699
orkut,12,sparse,75,1.15631,1.37774,0.00849105,24.3574,31851839,mixed,0.617338,9186297
orkut,12,sparse,76,0.608692,1.24371,0.0103321,12.12,265361807109,mixed,0.425037,751161
orkut,12,sparse,77,0.50959,1.16834,0.0123211,9.73182,57031912849,mixed,0.356518,751564
orkut,12,sparse,78,0.901027,1.06172,0.0117015,21.9581,147382817577,mixed,0.380013,806237
orkut,12,sparse,79,0.512072,1.15181,0.0130881,10.0571,89709660181,mixed,0.177734,782902
orkut,12,sparse,80,0.51211,1.30609,0.0110106,8.50579,27739772307,mixed,0.243761,1454230
orkut,12,sparse,81,0.29442,1.32974,0.009755,6.13904,1039492595,mixed,0.193815,864732
orkut,12,sparse,82,0.846281,1.1354,0.0100971,18.9197,7978416401,mixed,0.299844,1134731
orkut,12,sparse,83,1.99668,1.26386,0.0103851,42.0012,74959010244,mixed,0.956958,6210809
orkut,12,sparse,84,0.922983,1.38535,0.0104406,23.6819,123160480,mixed,0.863608,1076964
orkut,12,sparse,85,1.12123,1.1463,0.0133446,19.2582,953354126614,mixed,0.781976,3184194
orkut,12,sparse,86,0.808499,1.29453,0.00964956,16.7179,311309713,mixed,0.622581,5037517
orkut,12,sparse,87,0.702367,1.29496,0.0108109,14.7372,35469601875,mixed,0.148023,2633950
orkut,12,sparse,88,1.84363,1.16125,0.010753,41.9461,1146656523,mixed,0.159449,1164360
orkut,12,sparse,89,0.558619,1.21677,0.0105834,13.4882,1939357227,mixed,0.120273,308906
orkut,12,sparse,90,1.11136,1.24687,0.00929347,24.5025,1025439449,mixed,0.946341,3674547
orkut,12,sparse,91,6.08116,1.27267,0.0132961,76.7927,833441580,mixed,3.69567,76388150
orkut,12,sparse,92,0.460552,1.14733,0.0100045,10.9821,2551596863,mixed,0.142887,539095
orkut,12,sparse,93,0.364518,1.43187,0.0091552,7.49189,7785307,mixed,0.113856,1668324
orkut,12,sparse,94,0.427079,1.18806,0.0094983,7.22109,36701225,mixed,0.283428,1305824
orkut,12,sparse,95,0.773505,1.35636,0.00925275,19.7098,138131120,mixed,0.177469,309517
orkut,12,sparse,96,0.765801,1.22513,0.0126756,15.5666,269188155079,mixed,0.26674,1044067
orkut,12,sparse,97,0.930077,1.1975,0.0122306,23.2717,24377627696,mixed,0.120811,228199
orkut,12,sparse,98,0.286347,1.22303,0.0137167,6.60364,28083918933,mixed,0.0915477,310547
orkut,12,sparse,99,0.61723,1.2744,0.0112416,11.7772,1993512224,mixed,0.160592,1136469
orkut,12,sparse,100,0.905452,1.27507,0.00974628,15.931,3810372361,mixed,0.343204,4491861
