dataset,query_size,query_mode,query_index,elapsed_execution_time,filter_time,plan_time,enumerate_time,n_embeddings,order,max_task_time,n_intersections
friendster,12,dense,1,0.332099,1.44032,0.817918,5.89907,1201796955,mixed,0.183605,691365
friendster,12,dense,2,0.364406,1.65003,0.675833,6.61868,178866503,mixed,0.238941,809710
friendster,12,dense,3,0.77253,1.52005,0.611504,15.1418,82104021,mixed,0.5863,1058694
friendster,12,dense,4,0.34429,1.50341,0.547961,7.28047,5443641,mixed,0.27869,1802982
friendster,12,dense,5,2.1085,1.50828,0.954613,49.3635,1065135,mixed,0.756003,9446742
friendster,12,dense,6,0.364916,1.55813,0.71893,7.76758,165252,mixed,0.304217,1266935
friendster,12,dense,7,1.52608,1.45607,0.962697,34.05,55078500,mixed,0.683348,12982978
friendster,12,dense,8,0.942623,1.50808,0.766369,17.9846,111677110,mixed,0.548239,827268
friendster,12,dense,9,0.636574,1.69675,0.470356,15.5058,2,mixed,0.126058,521313
friendster,12,dense,10,0.349203,1.5572,0.705395,7.82216,1653356,mixed,0.129324,190717
friendster,12,dense,11,0.211374,1.52227,0.676609,3.97726,691886668,mixed,0.158823,292379
friendster,12,dense,12,0.909786,1.51693,0.630629,18.6181,377624814,mixed,0.748957,1474051
friendster,12,dense,13,0.289593,1.42666,0.606817,6.3312,22986648304,mixed,0.151811,231587
friendster,12,dense,14,0.51644,1.67587,0.617844,11.6327,166026,mixed,0.237323,331180
friendster,12,dense,15,0.368825,1.47913,0.764977,8.28171,80321957,mixed,0.0554225,236617
friendster,12,dense,16,0.326001,1.42325,0.64311,6.28156,7860714736,mixed,0.124904,240194
friendster,12,dense,17,0.371408,1.65217,0.85371,7.67633,64074,mixed,0.24147,1368231
friendster,12,dense,18,0.341023,1.5841,0.613752,7.70816,17668434,mixed,0.131174,188898
friendster,12,dense,19,0.744989,1.56773,0.676735,18.1558,14951780,mixed,0.107885,1516293
friendster,12,dense,20,0.451376,1.48774,0.566598,10.2426,1362884726,mixed,0.0859255,250512
friendster,12,dense,21,0.42495,1.68102,0.600846,9.10614,99889,mixed,0.194523,2424769
friendster,12,dense,22,0.462741,1.48497,0.64825,10.3771,2005082024,mixed,0.145056,481094
friendster,12,dense,23,0.33592,1.44072,0.893432,6.81044,499817201,mixed,0.292965,356441
friendster,12,dense,24,0.229609,1.44769,0.626531,4.1002,12704206914,mixed,0.155273,238622
friendster,12,dense,25,0.21903,1.49242,0.689034,4.64864,83136659,mixed,0.163987,211208
friendster,12,dense,26,0.966339,1.55634,0.824525,18.6161,75574560,mixed,0.82966,2039204
friendster,12,dense,27,0.746923,1.70562,0.78453,18.7629,531,mixed,0.471797,568043
friendster,12,dense,28,1.25356,1.60065,0.810005,31.0972,406193,mixed,0.473393,506532
friendster,12,dense,29,1.01448,1.49093,0.960802,24.634,119844516,mixed,0.57305,7645621
friendster,12,dense,30,0.402463,1.63487,0.7017,6.72598,33247,mixed,0.112976,406532
friendster,12,dense,31,0.390382,1.6046,0.603767,7.65586,1327995,mixed,0.0814342,291864
friendster,12,dense,32,0.668706,1.40997,0.973883,10.0591,1420306277,mixed,0.3974,873355
friendster,12,dense,33,0.47688,1.5096,0.674135,11.2805,843495648,mixed,0.0493529,229760
friendster,12,dense,34,0.202744,1.42344,0.667374,3.75314,19460932772,mixed,0.146959,229667
friendster,12,dense,35,0.848122,1.56898,0.727853,18.9976,32301699,mixed,0.356693,356755
friendster,12,dense,36,0.476222,1.51159,0.725171,10.4475,190281744,mixed,0.35679,1656942
friendster,12,dense,37,0.4291,1.5241,0.723767,8.20768,355733698,mixed,0.211077,725226
friendster,12,dense,38,0.519588,1.73062,0.49454,12.215,2,mixed,0.12541,456969
friendster,12,dense,39,0.228309,1.50138,0.626236,4.73432,83950050,mixed,0.159842,227043
friendster,12,dense,40,0.791284,1.4797,0.84563,18.7204,231018778,mixed,0.608996,1068811
friendster,12,dense,41,0.537541,1.42489,0.726103,12.241,6014903810,mixed,0.106828,232450
friendster,12,dense,42,0.238239,1.40587,0.780357,4.45864,3643919418,mixed,0.112376,199448
friendster,12,dense,43,0.287953,1.50028,0.712366,6.2152,379533496,mixed,0.215892,312253
friendster,12,dense,44,0.209129,1.55905,0.622741,4.32878,39179760,mixed,0.15756,217168
friendster,12,dense,45,0.193424,1.54531,0.742223,3.74461,3055036,mixed,0.137712,211588
friendster,12,dense,46,0.354039,1.61405,0.576679,7.82449,11318581,mixed,0.021901,190883
friendster,12,dense,47,0.385739,1.50889,0.669506,8.49962,6850314,mixed,0.106955,191313
friendster,12,dense,48,0.202452,1.45162,0.624253,3.89652,2272093861,mixed,0.153749,235543
friendster,12,dense,49,0.434832,1.516,0.718674,9.58631,14497751,mixed,0.350424,1401038
friendster,12,dense,50,0.386415,1.49533,0.583608,8.77232,1624828797,mixed,0.157255,221024
friendster,12,dense,51,0.282037,1.47864,0.639362,6.13495,1394629059,mixed,0.161158,217722
friendster,12,dense,52,0.466526,1.55008,0.759394,10.7048,4187206,mixed,0.119355,651747
friendster,12,dense,53,0.553401,1.46509,0.947613,11.4667,143893715,mixed,0.411139,421028
friendster,12,dense,54,0.728207,1.50966,0.74413,16.0349,2442584211,mixed,0.323764,1188713
friendster,12,dense,55,0.292417,1.5829,0.807202,5.1316,23509459,mixed,0.0278989,168377
friendster,12,dense,56,0.736462,1.49562,0.7395,15.9161,69103404,mixed,0.295662,4426856
friendster,12,dense,57,0.607056,1.4219,0.628572,14.0888,125578888,mixed,0.061794,209430
friendster,12,dense,58,1.34977,1.47793,0.926905,31.9229,4760401,mixed,0.583806,989672
friendster,12,dense,59,0.29294,1.51085,0.585183,6.37287,54745667,mixed,0.132869,202262
friendster,12,dense,60,0.434565,1.44031,0.549256,8.00686,2174061857,mixed,0.301342,655094
friendster,12,dense,61,0.355381,1.61244,0.701335,7.90588,19334503,mixed,0.155675,212853
friendster,12,dense,62,0.329365,1.53881,0.64852,6.39108,89917148,mixed,0.174177,488996
friendster,12,dense,63,1.33361,1.60456,0.45954,28.5577,243529,mixed,1.06859,1271879
friendster,12,dense,64,0.305956,1.60159,0.751406,6.49657,1405508,mixed,0.170693,660520
friendster,12,dense,65,0.371001,1.64041,0.837028,5.98395,585231,mixed,0.0281602,246412
friendster,12,dense,66,1.30311,1.50957,0.771279,31.6469,904006655,mixed,0.476886,821754
friendster,12,dense,67,0.271433,1.49733,0.650151,4.61168,2165991,mixed,0.107799,351965
friendster,12,dense,68,0.338807,1.4893,0.668096,5.03334,2336148338,mixed,0.224962,401695
friendster,12,dense,69,1.45811,1.47378,0.98626,39.1565,21064107,mixed,1.07102,6187204
friendster,12,dense,70,0.962602,1.50138,0.621875,22.8137,208450468,mixed,0.750133,4672150
friendster,12,dense,71,1.05802,1.55153,0.580102,25.3961,9482993,mixed,0.532647,420899
friendster,12,dense,72,0.894591,1.54893,0.617541,21.6899,14765130,mixed,0.422388,1132367
friendster,12,dense,73,1.11296,1.54111,0.838302,27.0583,159275358,mixed,0.14288,1902818
friendster,12,dense,74,1.03164,1.57762,0.640314,21.3605,161468,mixed,0.0692918,3039565
friendster,12,dense,75,0.232232,1.43022,0.591756,4.49327,528949597,mixed,0.186185,214199
friendster,12,dense,76,1.94959,1.54157,0.994632,45.7764,499100,mixed,0.807404,13137534
friendster,12,dense,77,0.313338,1.65876,0.581721,7.18895,308843,mixed,0.264312,334050
friendster,12,dense,78,0.302901,1.80872,0.572517,6.66944,16302,mixed,0.110287,157331
friendster,12,dense,79,4.93366,1.52988,0.98144,119.035,380488,mixed,4.34449,39354570
friendster,12,dense,80,0.701517,1.61847,0.632843,16.2734,22314645,mixed,0.374452,318243
friendster,12,dense,81,1.21,1.42884,0.752316,28.9425,1392539085,mixed,0.597766,844013
friendster,12,dense,82,0.339338,1.55717,0.488661,7.40062,1968323765,mixed,0.0287622,211094
friendster,12,dense,83,0.420303,1.49173,0.699524,7.91797,66646401,mixed,0.127578,354913
friendster,12,dense,84,0.145171,1.75066,0.616484,3.11159,1732,mixed,0.102405,144319
friendster,12,dense,85,0.302563,1.50107,0.633358,5.91817,4682132,mixed,0.149049,599269
friendster,12,dense,86,0.392884,1.40038,0.660521,7.17723,5201544924,mixed,0.233227,805532
friendster,12,dense,87,0.310173,1.57429,0.818999,5.67263,3795950,mixed,0.14361,573495
friendster,12,dense,88,0.376613,1.48143,0.614797,8.06347,1535399192,mixed,0.118435,636961
friendster,12,dense,89,0.797129,1.68043,0.633207,18.3454,225165,mixed,0.519333,365185
friendster,12,dense,90,1.75428,1.53316,1.13918,47.5996,2752510,mixed,1.54243,11734965
friendster,12,dense,91,0.628479,1.38505,0.707663,14.6063,1848127880,mixed,0.0918295,258294
friendster,12,dense,92,1.63447,1.43217,0.696294,36.1176,653819406,mixed,1.2319,1896220
friendster,12,dense,93,1.3522,1.40714,0.581256,26.4817,2774623452,mixed,0.749162,469849
friendster,12,dense,94,0.639018,1.44597,0.636209,14.6742,10007799,mixed,0.536242,470939
friendster,12,dense,95,0.504956,1.59165,0.713428,11.985,2189456,mixed,0.0807962,1604473
friendster,12,dense,96,0.362529,1.57897,0.665077,7.69711,324445202,mixed,0.119883,597346
friendster,12,dense,97,0.636562,1.69419,0.681783,13.493,122,mixed,0.523143,1456896
friendster,12,dense,98,1.86974,1.37103,0.868917,49.4993,131068352,mixed,1.48568,12808604
friendster,12,dense,99,0.317382,1.63638,0.655097,7.39332,69701285,mixed,0.105389,199137
friendster,12,dense,100,0.254956,1.51093,0.676218,5.15936,2872005029,mixed,0.0648434,237222
friendster,12,sparse,1,0.736567,1.59416,0.794865,15.6217,133492268,mixed,0.292847,956182
friendster,12,sparse,2,0.750317,1.51827,0.766234,18.7321,14624164,mixed,0.476427,7190113
friendster,12,sparse,3,0.272283,1.48985,0.633333,5.69972,325661127,mixed,0.224606,317618
friendster,12,sparse,4,1.14268,1.63691,0.920453,28.7315,4627,mixed,0.852433,5258845
friendster,12,sparse,5,0.636433,1.54655,0.695934,14.5816,1778302,mixed,0.539199,2373567
friendster,12,sparse,6,1.61078,1.5267,1.03132,43.711,28302789,mixed,1.16329,7340813
friendster,12,sparse,7,0.205077,1.45558,0.441839,4.12177,7102894569,mixed,0.147287,221472
friendster,12,sparse,8,0.984315,1.58816,0.741458,21.8812,7585550,mixed,0.524564,673181
friendster,12,sparse,9,0.733159,1.52308,0.974828,13.5116,12657408,mixed,0.599439,1564366
friendster,12,sparse,10,0.78042,1.49825,0.723261,13.6727,130291715,mixed,0.40737,989934
friendster,12,sparse,11,0.349141,1.53523,0.843636,8.32346,30933414,mixed,0.212244,275487
friendster,12,sparse,12,0.202637,1.39901,0.657043,3.66313,997544845,mixed,0.14242,282627
friendster,12,sparse,13,0.38456,1.64343,0.752733,8.87868,15633,mixed,0.142914,601208
friendster,12,sparse,14,0.46238,1.69747,0.822589,9.27875,27836,mixed,0.216119,832180
friendster,12,sparse,15,4.30116,1.63058,1.00894,110.329,60547,mixed,1.61669,33771897
friendster,12,sparse,16,0.515459,1.51712,0.615492,10.6878,205651317,mixed,0.266874,1873201
friendster,12,sparse,17,2.24977,1.47705,0.873243,61.4243,16824937,mixed,1.2483,18642225
friendster,12,sparse,18,0.538769,1.42103,0.732695,11.0769,30841145,mixed,0.282919,1057819
friendster,12,sparse,19,1.37446,1.52941,0.817065,30.6109,12943284,mixed,0.660021,508737
friendster,12,sparse,20,0.783662,1.48386,0.836012,18.5349,22622602,mixed,0.47736,403665
friendster,12,sparse,21,1.19343,1.51892,0.616931,28.1196,850546134,mixed,0.617921,772330
friendster,12,sparse,22,0.841511,1.46135,0.741464,18.0196,519545438,mixed,0.469222,882879
friendster,12,sparse,23,1.33993,1.58231,0.771149,30.5609,159613601,mixed,0.182696,779799
friendster,12,sparse,24,1.20232,1.51253,0.711001,29.5928,73602698,mixed,0.501673,6890916
friendster,12,sparse,25,0.356527,1.44777,0.504659,7.8659,7619024153,mixed,0.0369203,224050
friendster,12,sparse,26,1.17583,1.42375,0.78438,20.6,12169554,mixed,0.723614,5156807
friendster,12,sparse,27,1.19465,1.41432,0.602895,27.8336,329049889,mixed,0.97206,1026774
friendster,12,sparse,28,0.357783,1.45774,0.767599,7.72649,2080813533,mixed,0.0837847,356228
friendster,12,sparse,29,0.322891,1.66878,0.645766,7.41416,271391,mixed,0.0351447,179426
friendster,12,sparse,30,0.714602,1.50653,0.796507,13.2272,160192246,mixed,0.515648,1047237
friendster,12,sparse,31,0.274041,1.43987,0.534342,5.66353,2985049998,mixed,0.161549,227393
friendster,12,sparse,32,1.31584,1.51711,0.901997,23.9508,167960995,mixed,0.290794,1298337
friendster,12,sparse,33,0.640011,1.47915,0.618781,13.7921,18855791,mixed,0.1118,693621
friendster,12,sparse,34,0.423861,1.51255,0.829726,9.17357,55081756,mixed,0.247424,717446
friendster,12,sparse,35,1.13413,1.47322,0.867653,24.2156,4839869,mixed,0.611658,6582906
friendster,12,sparse,36,0.314131,1.54824,0.748232,7.15362,41236756,mixed,0.160548,231195
friendster,12,sparse,37,0.22814,1.5204,0.635212,3.96889,8808483,mixed,0.121103,237421
friendster,12,sparse,38,0.220447,1.44393,0.865907,3.86337,107804607,mixed,0.14796,703620
friendster,12,sparse,39,0.549577,1.45919,0.55777,11.8988,5184186132,mixed,0.118495,354919
friendster,12,sparse,40,0.519626,1.40438,0.614858,11.1042,59517995,mixed,0.316895,1058696
friendster,12,sparse,41,0.231578,1.4835,0.6287,4.1512,514124525,mixed,0.155929,264080
friendster,12,sparse,42,0.296499,1.54473,0.910624,5.67846,149150,mixed,0.162525,821759
friendster,12,sparse,43,5.26522,1.4726,0.950648,135.568,33614983,mixed,2.29904,41390561
friendster,12,sparse,44,0.347995,1.57228,0.699044,7.66888,6402029,mixed,0.117868,682485
friendster,12,sparse,45,1.42163,1.52705,1.01903,29.8413,297146274,mixed,1.13667,3339874
friendster,12,sparse,46,0.801313,1.46407,0.675585,18.031,612565243,mixed,0.188334,794651
friendster,12,sparse,47,0.332052,1.4428,0.761605,7.28218,144602646,mixed,0.181206,297137
friendster,12,sparse,48,0.277415,1.48787,0.666988,4.14502,3892797154,mixed,0.139055,494197
friendster,12,sparse,49,60.7272,1.51618,0.963224,1680.55,665040,mixed,50.4147,679236843
friendster,12,sparse,50,0.242044,1.50514,0.620309,5.27183,198278865,mixed,0.180171,218300
friendster,12,sparse,51,0.248252,1.58091,0.71431,4.86477,8293318,mixed,0.139937,615717
friendster,12,sparse,52,0.938009,1.52116,0.616997,22.1748,130232956,mixed,0.394227,564980
friendster,12,sparse,53,1.31472,1.45802,0.749221,34.1624,2024528457,mixed,0.326696,5353162
friendster,12,sparse,54,0.41706,1.51702,0.743406,6.73202,1018151108,mixed,0.309866,968571
friendster,12,sparse,55,0.257441,1.53194,0.559572,5.37613,15349154785,mixed,0.140616,247623
friendster,12,sparse,56,0.567436,1.65175,0.811399,10.9094,20757,mixed,0.278375,1312633
friendster,12,sparse,57,1.87414,1.39344,0.627792,44.5835,6961814801,mixed,0.83859,6041168
friendster,12,sparse,58,0.474318,1.521,0.660085,11.6468,321617495,mixed,0.205343,2213866
friendster,12,sparse,59,0.565485,1.51761,0.679956,13.4532,78211110,mixed,0.0307195,222409
friendster,12,sparse,60,0.290633,1.48937,0.817083,6.5717,47796934,mixed,0.134786,211678
friendster,12,sparse,61,1.41224,1.45896,0.776029,34.6803,425345637,mixed,0.662086,496422
friendster,12,sparse,62,0.209877,1.43475,0.597141,3.49026,27847112,mixed,0.127331,221972
friendster,12,sparse,63,0.437083,1.46359,0.802876,7.96315,119802110,mixed,0.20438,1599802
friendster,12,sparse,64,1.03349,1.491,0.917388,18.6049,10928070,mixed,0.876703,2051000
friendster,12,sparse,65,0.720544,1.52383,0.776968,13.4685,23246992,mixed,0.0750438,490603
friendster,12,sparse,66,0.291937,1.46744,0.614491,6.42613,615673265,mixed,0.149505,212556
friendster,12,sparse,67,1.42289,1.45271,0.651175,34.0538,977855426,mixed,0.405817,839887
friendster,12,sparse,68,1.16894,1.52269,0.710892,25.2959,863525,mixed,0.69752,1141204
friendster,12,sparse,69,2.22837,1.4406,0.990968,53.0922,31307247,mixed,0.330558,10508516
friendster,12,sparse,70,0.604779,1.54418,0.888332,12.3406,29388687,mixed,0.466699,947814
friendster,12,sparse,71,0.909397,1.44234,0.815216,20.3871,172711862,mixed,0.488032,495444
friendster,12,sparse,72,1.07243,1.52349,0.836445,22.4461,3028629,mixed,0.796074,2995314
friendster,12,sparse,73,0.423364,1.58785,0.692815,8.892,960303075,mixed,0.119286,235581
friendster,12,sparse,74,0.866055,1.44745,0.767672,18.7863,367841072,mixed,0.780033,1672455
friendster,12,sparse,75,0.686846,1.55887,0.521234,15.8053,654309734,mixed,0.0751971,232330
friendster,12,sparse,76,0.589314,1.52832,0.847845,13.9021,2184939,mixed,0.193054,865287
friendster,12,sparse,77,1.04904,1.43272,0.829118,19.2299,230803582,mixed,0.873382,2088878
friendster,12,sparse,78,1.76865,1.43024,0.820708,45.2818,59744226,mixed,0.584846,13682749
friendster,12,sparse,79,0.565293,1.49508,0.822228,10.9454,96481170,mixed,0.153312,505053
friendster,12,sparse,80,1.16773,1.52676,0.794271,34.5052,14050159,mixed,0.673034,978772
friendster,12,sparse,81,0.330824,1.40969,0.699461,5.54204,156680959,mixed,0.182868,773023
friendster,12,sparse,82,0.756329,1.44092,0.753259,14.6588,7164797379,mixed,0.473119,502699
friendster,12,sparse,83,0.492063,1.45182,0.76952,7.72521,1678035170,mixed,0.394427,938180
friendster,12,sparse,84,6.22963,1.54108,1.01731,157.844,9086978,mixed,5.25596,66348157
friendster,12,sparse,85,3.47473,1.54917,0.997344,87.074,9300171,mixed,1.99306,34184998
friendster,12,sparse,86,0.56702,1.60467,0.759012,13.708,8413769,mixed,0.288366,4543431
friendster,12,sparse,87,1.20318,1.42957,0.668378,28.5494,260648082,mixed,0.606746,778040
friendster,12,sparse,88,0.442387,1.39004,0.746096,9.58117,17676817700,mixed,0.154142,781609
friendster,12,sparse,89,0.610236,1.46972,0.593919,10.9235,447439645,mixed,0.394092,1313822
friendster,12,sparse,90,1.2209,1.61015,1.11078,28.2716,4573676,mixed,0.978559,7128284
friendster,12,sparse,91,1.10077,1.48529,0.844726,24.1104,30166278,mixed,0.724268,2756950
friendster,12,sparse,92,0.325552,1.54049,0.909582,7.49783,3316006,mixed,0.198775,273747
friendster,12,sparse,93,0.63168,1.56758,0.65299,13.033,30358841,mixed,0.176419,864731
friendster,12,sparse,94,0.496357,1.48204,0.560726,11.2338,1184470211,mixed,0.1211,717441
friendster,12,sparse,95,0.587203,1.47587,0.873811,13.9818,11642910,mixed,0.181086,1682846
friendster,12,sparse,96,0.626613,1.49919,0.674306,14.0393,4181941,mixed,0.367508,6280400
friendster,12,sparse,97,0.55061,1.53805,0.627766,12.8405,33543847,mixed,0.373167,1971216
friendster,12,sparse,98,0.738449,1.46853,0.773261,15.9512,371205485,mixed,0.585609,622251
friendster,12,sparse,99,1.9475,1.49381,1.06826,44.3837,31474750,mixed,1.77215,4913113
friendster,12,sparse,100,0.705622,1.55895,0.767225,13.1473,111555916,mixed,0.372527,969249
