dataset,query_size,query_mode,query_index,elapsed_execution_time,filter_time,plan_time,enumerate_time,n_embeddings,order,max_task_time,n_intersections
youtube2007,8,dense,1,205.041,0.984773,0.00393364,6233.93,1304704230570.0,mixed,161.034,3030780044
youtube2007,8,dense,2,311.965,2.42003,0.00417985,9161.86,1942081856395.0,mixed,177.29,1862395476
youtube2007,8,dense,3,154.399,6.80206,0.00290858,4704.38,355231479177.0,mixed,134.62,1520201599
youtube2007,8,dense,4,2.07083,0.715831,0.00404574,54.709,905472708.0,mixed,1.6381,20246212
youtube2007,8,dense,5,0.0168162,0.227141,0.00307609,0.0608518,34841.0,mixed,0.00526098,17310
youtube2007,8,dense,6,3.55317,1.77468,0.00338743,74.1941,2078402394.0,mixed,2.82253,27399609
youtube2007,8,dense,7,151.473,1.13105,0.00397013,4274.41,335740935534.0,mixed,105.08,1661865031
youtube2007,8,dense,9,0.0345508,0.130031,0.00333103,0.154538,1796241.0,mixed,0.016178,51858
youtube2007,8,dense,10,24.6431,1.94953,0.00326899,690.84,30074837469.0,mixed,16.2132,338910183
youtube2007,8,dense,11,387.33,2.87361,0.0034253,11963.0,4643680434596.0,mixed,291.82,2762247311
youtube2007,8,dense,12,0.0148966,0.141989,0.00349308,0.0862198,1166590.0,mixed,0.00419985,30736
youtube2007,8,dense,13,761.698,3.50226,0.00405469,23527.1,2439015622358.0,mixed,482.151,9687724530
youtube2007,8,dense,14,0.403525,0.243564,0.00374579,8.73366,467309947.0,mixed,0.29497,2431288
youtube2007,8,dense,15,23.0739,2.29265,0.00302442,728.69,83621425335.0,mixed,18.1849,331013105
youtube2007,8,dense,16,1381.63,3.19739,0.0036857,42005.2,2037932693926.0,mixed,1081.12,484633698
youtube2007,8,dense,17,98.7266,0.639133,0.00329224,2579.68,340644655268.0,mixed,91.671,830420096
youtube2007,8,dense,18,0.0256552,0.24329,0.00287728,0.136609,275229.0,mixed,0.0108506,70185
youtube2007,8,dense,19,0.0704951,0.228423,0.00335397,0.572532,2444936.0,mixed,0.0529855,233030
youtube2007,8,dense,20,4.36226,3.05865,0.0032986,120.289,1110842969.0,mixed,3.87616,57223487
youtube2007,8,dense,21,0.0545253,0.269142,0.00323849,0.488629,14471295.0,mixed,0.040824,208208
youtube2007,8,dense,22,51.1105,2.30008,0.00305519,1410.39,75657970563.0,mixed,13.7706,384822648
youtube2007,8,dense,23,0.149583,0.311521,0.00401034,1.72702,5760354.0,mixed,0.0653753,903754
youtube2007,8,dense,24,9.10245,0.585837,0.00352198,261.499,9586384619.0,mixed,8.05232,96757177
youtube2007,8,dense,25,570.695,0.988494,0.00317803,17719.3,564177933989.0,mixed,466.635,5375511219
youtube2007,8,dense,26,0.0224835,0.209304,0.00308494,0.120738,162032.0,mixed,0.00589986,85311
youtube2007,8,dense,27,0.0522477,0.421088,0.00368024,0.281116,565319.0,mixed,0.0218558,186143
youtube2007,8,dense,28,0.0121925,0.277662,0.00297847,0.0539913,209248.0,mixed,0.00635814,12241
youtube2007,8,dense,29,1.56165,0.752377,0.00309204,41.0909,91068504.0,mixed,0.843039,17558455
youtube2007,8,dense,30,4.93241,0.745422,0.00303577,146.717,28310969676.0,mixed,2.97531,42230861
youtube2007,8,dense,31,0.302854,0.56685,0.00308928,4.00471,73058160.0,mixed,0.141149,1411886
youtube2007,8,dense,32,2.19981,2.29599,0.00304328,60.7063,1468227389.0,mixed,1.37561,24674095
youtube2007,8,dense,34,555.336,1.26872,0.00314998,16800.5,2054610200043.0,mixed,377.444,9542963931
youtube2007,8,dense,35,0.0243516,0.116306,0.00312832,0.162731,935485.0,mixed,0.00705599,82869
youtube2007,8,dense,37,115.32,5.38242,0.00332518,3336.37,56926401049.0,mixed,81.3637,970469640
youtube2007,8,dense,38,419.711,3.36009,0.00374205,12850.3,7203959831160.0,mixed,342.499,2854974381
youtube2007,8,dense,39,0.00971801,0.0688571,0.00315922,0.0354806,114182.0,mixed,0.00306509,20078
youtube2007,8,dense,40,1.62865,0.651579,0.00306087,43.4927,319003190.0,mixed,1.38193,16760868
youtube2007,8,dense,41,1.44551,0.957506,0.00332068,34.1575,545537107.0,mixed,1.09217,21394362
youtube2007,8,dense,42,0.725437,0.57984,0.00363482,10.3374,889508800.0,mixed,0.529616,7136895
youtube2007,8,dense,43,297.691,1.72151,0.00354157,9346.6,1336174314495.0,mixed,221.626,5032983745
youtube2007,8,dense,44,23.5823,4.03585,0.00309261,692.736,63603857432.0,mixed,21.6222,278203220
youtube2007,8,dense,45,9.17328,1.06364,0.00314761,263.997,2729183019.0,mixed,6.19863,99312408
youtube2007,8,dense,46,284.083,3.07425,0.00351913,8674.14,507907948855.0,mixed,281.016,3476481550
youtube2007,8,dense,47,4.67562,2.58945,0.00331413,140.657,8636631393.0,mixed,2.88958,45572330
youtube2007,8,dense,48,0.00307121,0.140983,0.00224237,0.012696,11604.0,mixed,0.0018864,2412
youtube2007,8,dense,49,1070.25,3.32821,0.00325467,33077.2,4928524690402.0,mixed,803.586,17619695177
youtube2007,8,dense,50,0.00917805,0.0462714,0.00172655,0.0358927,28079.0,mixed,0.00233368,9624
youtube2007,8,dense,51,1.65604,0.9952,0.00305387,48.3041,1673377853.0,mixed,0.802024,26125890
youtube2007,8,dense,52,0.00419066,0.145757,0.00308296,0.0243928,1759.0,mixed,0.00175174,1623
youtube2007,8,dense,53,0.00734518,0.143433,0.00289738,0.0337718,21807.0,mixed,0.00613897,10061
youtube2007,8,dense,54,0.634075,0.813421,0.00324651,13.0367,71999588.0,mixed,0.378946,6667619
youtube2007,8,dense,55,972.846,2.40521,0.00387555,26393.9,1368243336253.0,mixed,463.748,324127861
youtube2007,8,dense,56,0.00638417,0.165675,0.00339713,0.0278265,28108.0,mixed,0.00285896,10393
youtube2007,8,dense,57,93.1098,6.34567,0.00273609,2760.67,296701768980.0,mixed,87.1579,717269817
youtube2007,8,dense,58,29.4469,0.843527,0.00331634,874.248,80475040022.0,mixed,14.8589,293293384
youtube2007,8,dense,60,0.0167363,0.12224,0.00315045,0.0627488,857912.0,mixed,0.00712598,26810
youtube2007,8,dense,61,655.142,9.57183,0.00360328,19336.7,22208852683894.0,mixed,451.631,3642979184
youtube2007,8,dense,62,0.166489,0.136931,0.00337321,3.15278,28048280.0,mixed,0.0899528,1816685
youtube2007,8,dense,63,0.219798,0.651672,0.00354534,3.34603,76220983.0,mixed,0.183694,2135730
youtube2007,8,dense,64,0.206536,0.554352,0.00329772,1.49571,11603776.0,mixed,0.112776,1038317
youtube2007,8,dense,65,921.576,8.5725,0.00336518,27341.3,57614737718224.0,mixed,548.922,4796484026
youtube2007,8,dense,67,0.104201,0.34642,0.00374424,0.86639,3957070.0,mixed,0.0500373,500501
youtube2007,8,dense,68,0.0627793,0.412437,0.00309615,0.740934,9340899.0,mixed,0.0310891,434188
youtube2007,8,dense,69,0.106294,0.273372,0.00342718,0.724853,1232423.0,mixed,0.0600901,381092
youtube2007,8,dense,70,376.067,2.12878,0.00448249,11236.6,591448566080.0,mixed,367.478,103404685
youtube2007,8,dense,72,262.395,1.16917,0.00329692,8218.34,1250100763802.0,mixed,238.591,3877863418
youtube2007,8,dense,73,0.0392562,0.140438,0.0036873,0.239251,12950230.0,mixed,0.0296037,117319
youtube2007,8,dense,74,88.8255,3.14018,0.00330345,2827.31,1323420786930.0,mixed,78.1118,751076056
youtube2007,8,dense,75,0.0257788,0.204638,0.00315499,0.119034,1030088.0,mixed,0.00564587,66261
youtube2007,8,dense,76,62.8047,1.04935,0.00284482,1761.17,28290121663.0,mixed,13.7136,974541413
youtube2007,8,dense,77,35.8922,1.87635,0.00324947,1135.42,15568474914.0,mixed,20.9742,374310965
youtube2007,8,dense,78,1.87585,0.365402,0.00325794,42.5424,4656768079.0,mixed,1.02921,24628259
youtube2007,8,dense,79,0.761949,0.710977,0.00370478,19.096,4407631213.0,mixed,0.302191,10930252
youtube2007,8,dense,80,524.454,2.33076,0.00380097,14181.4,772714916775.0,mixed,272.836,201935830
youtube2007,8,dense,81,10.5184,2.98357,0.00317644,294.961,4946920097.0,mixed,8.60119,111676661
youtube2007,8,dense,82,913.133,1.48371,0.0038608,27708.0,1281878043670.0,mixed,607.028,265393059
youtube2007,8,dense,83,1137.33,2.55021,0.00349777,34323.4,597591526861.0,mixed,1071.52,9463670800
youtube2007,8,dense,84,2.57128,1.0963,0.00338512,71.3571,5765245398.0,mixed,1.21142,26623519
youtube2007,8,dense,85,0.123376,0.533043,0.00289223,1.1192,24644806.0,mixed,0.0620788,645020
youtube2007,8,dense,86,17.5427,3.61485,0.00317213,498.82,20871361977.0,mixed,13.7522,153092133
youtube2007,8,dense,87,0.668165,0.252671,0.00326647,10.5918,568383298.0,mixed,0.368195,3874659
youtube2007,8,dense,89,4.47036,1.33488,0.0033682,129.605,726753039.0,mixed,2.96186,42863637
youtube2007,8,dense,90,0.00256803,0.126926,0.00191422,0.00475822,3698.0,mixed,0.00242501,1384
youtube2007,8,dense,91,9.76943,1.18068,0.00313477,244.346,14065865196.0,mixed,8.24877,57248387
youtube2007,8,dense,92,32.3379,1.59057,0.00278326,924.609,14718039248.0,mixed,30.4995,510360092
youtube2007,8,dense,94,0.815471,0.94522,0.00360538,17.3873,128830004.0,mixed,0.36846,8660390
youtube2007,8,dense,95,1.45183,0.507529,0.0034635,41.6158,8128678615.0,mixed,1.10514,12324888
youtube2007,8,dense,96,740.129,8.56291,0.0033985,23670.3,107344189179706.0,mixed,515.385,5448949694
youtube2007,8,dense,97,320.423,8.51691,0.00378644,9448.99,11551852297414.0,mixed,223.177,1117146065
youtube2007,8,dense,98,1.77881,0.13152,0.00333931,49.9627,3867011564.0,mixed,1.25831,16590996
youtube2007,8,dense,99,0.00624599,0.109253,0.00293763,0.0339965,21989.0,mixed,0.00333319,14709
youtube2007,8,dense,100,388.822,1.60146,0.00342767,12294.0,1695310095982.0,mixed,271.488,4049578633
youtube2007,8,sparse,1,0.0430115,0.187659,0.00379309,0.364744,6801281.0,mixed,0.0141111,139680
youtube2007,8,sparse,2,3.08926,0.934024,0.00349881,68.1282,21830099425.0,mixed,1.95028,24036382
youtube2007,8,sparse,5,0.416539,0.136801,0.00353275,8.31574,447209421.0,mixed,0.389728,369546
youtube2007,8,sparse,6,0.2833,0.711694,0.00341422,3.70821,201635311.0,mixed,0.121152,1392993
youtube2007,8,sparse,7,0.0472108,0.183499,0.00334841,0.499661,94984057.0,mixed,0.0458878,137761
youtube2007,8,sparse,8,5.70591,0.459238,0.00369915,136.886,2025500362.0,mixed,4.01571,70119193
youtube2007,8,sparse,10,0.00289362,0.124196,0.00265915,0.0110549,38499.0,mixed,0.00157826,632
youtube2007,8,sparse,11,293.308,0.829712,0.00323171,9175.47,572080814979.0,mixed,262.791,2770048368
youtube2007,8,sparse,12,119.372,1.72227,0.00289235,3280.89,125775247775.0,mixed,106.873,1155771217
youtube2007,8,sparse,13,11.595,1.93057,0.00314628,335.875,1556865196.0,mixed,10.0712,73533611
youtube2007,8,sparse,14,12.6117,2.96339,0.00311546,379.12,10218984832.0,mixed,8.81677,111420815
youtube2007,8,sparse,15,0.150859,0.603038,0.00300186,1.13665,388611357.0,mixed,0.0350625,290480
youtube2007,8,sparse,16,1.97826,1.24503,0.0032403,40.913,767768916.0,mixed,1.77465,19233729
youtube2007,8,sparse,17,176.326,0.434245,0.0042857,4580.58,395398561981.0,mixed,157.77,58653690
youtube2007,8,sparse,18,133.929,0.578092,0.00442555,254.746,24488001449.0,mixed,131.981,18863694
youtube2007,8,sparse,19,0.0223652,0.298389,0.00313466,0.125758,78101.0,mixed,0.00964592,58383
youtube2007,8,sparse,20,47.0031,3.1135,0.00352567,1340.5,162093380792.0,mixed,40.0001,29048066
youtube2007,8,sparse,21,0.0767463,0.332861,0.0039419,0.703514,7542769.0,mixed,0.0588261,280752
youtube2007,8,sparse,23,0.0555909,0.398168,0.00368849,0.417866,4780857.0,mixed,0.022978,193383
youtube2007,8,sparse,24,5.96546,1.02078,0.00336497,170.044,7629220299.0,mixed,5.27223,56703964
youtube2007,8,sparse,25,1.50942,0.326531,0.00298772,39.6889,1923620631.0,mixed,0.717781,13281681
youtube2007,8,sparse,26,0.312494,0.62529,0.00324193,5.25877,77866313.0,mixed,0.182149,2376425
youtube2007,8,sparse,27,85.3661,0.515776,0.00373729,2654.02,424039097103.0,mixed,70.3478,899255606
youtube2007,8,sparse,28,1.41665,1.21745,0.00409859,34.5775,30794348148.0,mixed,0.913905,11190557
youtube2007,8,sparse,29,0.0254735,0.101454,0.00358803,0.16889,278514.0,mixed,0.0128229,70239
youtube2007,8,sparse,30,463.627,5.3398,0.00321134,14521.9,1553252338561.0,mixed,441.093,6250204946
youtube2007,8,sparse,31,1.42556,2.88424,0.00375981,31.5667,5859646000.0,mixed,0.835027,10749894
youtube2007,8,sparse,32,8.79195,0.568849,0.00386641,253.993,12519768722.0,mixed,8.47408,10400830
youtube2007,8,sparse,33,0.0639152,0.249279,0.00340236,0.46,84169176.0,mixed,0.0309505,288577
youtube2007,8,sparse,34,0.115694,0.151877,0.00385256,0.746688,1507735.0,mixed,0.0731652,331542
youtube2007,8,sparse,35,979.683,2.32519,0.00360006,28631.9,11081586194963.0,mixed,515.31,5317724941
youtube2007,8,sparse,36,1.58709,1.95819,0.00338902,36.311,522870260.0,mixed,0.83699,14344283
youtube2007,8,sparse,38,7.42243,3.07511,0.00301289,189.557,263842843252.0,mixed,4.54864,29976337
youtube2007,8,sparse,39,0.00273244,0.152533,0.0023254,0.0137442,2749.0,mixed,0.00144025,1520
youtube2007,8,sparse,40,1.41367,1.35164,0.0039645,26.8596,56562762953.0,mixed,0.865186,8096292
youtube2007,8,sparse,41,0.795855,0.93316,0.00391535,9.97864,96660576.0,mixed,0.360201,4049635
youtube2007,8,sparse,42,25.3699,0.629926,0.00347249,737.132,54161194333.0,mixed,18.7797,6249895
youtube2007,8,sparse,43,8.62549,0.956004,0.00433945,256.551,5519602526.0,mixed,7.66363,26940793
youtube2007,8,sparse,44,3.45348,1.61515,0.0033524,61.7997,15269104973.0,mixed,2.77245,24880745
youtube2007,8,sparse,45,0.325135,0.648711,0.00335975,4.43111,119633776.0,mixed,0.243298,2012644
youtube2007,8,sparse,46,1.29681,2.52643,0.00347183,12.5159,72308120782.0,mixed,0.886107,4596141
youtube2007,8,sparse,47,0.0132789,0.16472,0.00318391,0.0484954,33735.0,mixed,0.00389837,7829
youtube2007,8,sparse,48,40.0478,4.32934,0.00352744,1248.02,1125141316577.0,mixed,36.5363,329279053
youtube2007,8,sparse,49,0.135565,0.580631,0.00411798,1.54098,36424549.0,mixed,0.0909476,652029
youtube2007,8,sparse,50,16.9871,4.25611,0.00364141,519.9,47409265568.0,mixed,14.7295,146761511
youtube2007,8,sparse,51,29.9235,1.05404,0.00296416,906.635,80147648372.0,mixed,18.6668,237767569
youtube2007,8,sparse,52,188.061,1.21543,0.00400171,5975.35,4597625712847.0,mixed,162.912,703626708
youtube2007,8,sparse,53,0.833959,1.83961,0.0031029,15.4733,374533618.0,mixed,0.484217,5192637
youtube2007,8,sparse,54,0.0176395,0.384173,0.0032608,0.107197,175996.0,mixed,0.0119909,50099
youtube2007,8,sparse,55,0.0185123,0.115843,0.00289202,0.0677431,74901.0,mixed,0.00676803,13398
youtube2007,8,sparse,56,527.327,3.12971,0.00379411,16260.4,10766163481996.0,mixed,250.052,3353137132
youtube2007,8,sparse,57,15.1196,1.6384,0.00381024,473.199,52709740498.0,mixed,10.2824,126109315
youtube2007,8,sparse,58,0.0140483,0.13367,0.00329688,0.0673996,618334.0,mixed,0.00186645,15824
youtube2007,8,sparse,59,0.0167185,0.27822,0.00420581,0.0715963,384423.0,mixed,0.00467712,18972
youtube2007,8,sparse,60,130.851,6.16205,0.00306597,3986.1,7349660548310.0,mixed,119.772,1446972923
youtube2007,8,sparse,61,0.186458,0.528641,0.00371588,2.83151,50360120.0,mixed,0.142635,1132404
youtube2007,8,sparse,62,3.70111,1.03206,0.00388208,102.123,5819592620.0,mixed,2.28008,8697036
youtube2007,8,sparse,63,2.92393,0.456472,0.00370338,86.053,23493678680.0,mixed,2.32411,10525281
youtube2007,8,sparse,64,184.536,4.17735,0.00319211,5252.11,275992254589.0,mixed,134.646,41571927
youtube2007,8,sparse,65,969.679,5.381,0.00333958,27411.4,2068586267097.0,mixed,807.869,1222408755
youtube2007,8,sparse,66,1.87276,1.1946,0.00299118,49.3957,11131759822.0,mixed,1.04348,9074988
youtube2007,8,sparse,67,2.34382,1.79878,0.00353811,62.0553,4045457427.0,mixed,2.09016,31194335
youtube2007,8,sparse,68,61.1431,0.409636,0.00369574,1881.24,95493438777.0,mixed,58.6063,266269680
youtube2007,8,sparse,69,0.0232639,0.166475,0.00326602,0.110045,771568.0,mixed,0.00735553,41312
youtube2007,8,sparse,70,4.36863,0.589629,0.00360689,120.967,13082101753.0,mixed,3.16251,31000829
youtube2007,8,sparse,71,0.0105497,0.16556,0.00352871,0.0385947,24796.0,mixed,0.00244638,8953
youtube2007,8,sparse,72,263.98,1.1233,0.00336289,6332.81,593219625388.0,mixed,120.54,53167240
youtube2007,8,sparse,73,85.8149,0.257136,0.00366353,2685.91,247214941549.0,mixed,44.709,1103861988
youtube2007,8,sparse,74,0.841348,0.520651,0.0036666,7.62028,217284030.0,mixed,0.569003,3761960
youtube2007,8,sparse,75,0.485004,0.349752,0.00354656,3.79408,32165271.0,mixed,0.104901,1410901
youtube2007,8,sparse,76,469.999,0.898162,0.00405065,14530.9,5735778233726.0,mixed,346.589,2543180304
youtube2007,8,sparse,77,0.244789,0.75659,0.00470563,2.92017,19720066.0,mixed,0.16188,1378376
youtube2007,8,sparse,78,0.279911,0.664261,0.00363356,4.82144,281908678.0,mixed,0.178068,2095394
youtube2007,8,sparse,79,0.0470229,0.0802812,0.00326227,0.261679,1019974.0,mixed,0.0203545,130910
youtube2007,8,sparse,80,559.339,2.68716,0.00387903,16935.5,4754887170343.0,mixed,451.278,3502648089
youtube2007,8,sparse,81,0.636516,0.341693,0.00352683,7.49613,34042831.0,mixed,0.448237,3255361
youtube2007,8,sparse,82,0.409333,0.60298,0.00465237,2.49897,28641757082.0,mixed,0.275837,709080
youtube2007,8,sparse,84,0.0106607,0.21764,0.0028635,0.035617,119932.0,mixed,0.00288626,7515
youtube2007,8,sparse,85,0.00186476,0.144766,0.00158658,0.00543745,2042.0,mixed,0.00153301,1028
youtube2007,8,sparse,86,4.94547,0.672808,0.00287973,143.701,8791606868.0,mixed,3.93124,47825976
youtube2007,8,sparse,87,1.52919,0.655691,0.0035703,34.5891,633891481.0,mixed,1.3415,26139900
youtube2007,8,sparse,88,0.802073,2.55769,0.00323453,13.8989,256382988.0,mixed,0.573503,7124917
youtube2007,8,sparse,89,0.00732739,0.0919014,0.00184505,0.0166906,157728.0,mixed,0.000629488,1674
youtube2007,8,sparse,90,101.547,6.05513,0.00326363,2940.13,7977142375551.0,mixed,55.8765,631284596
youtube2007,8,sparse,91,11.1616,2.09558,0.00330802,310.941,45977734959.0,mixed,9.83954,90345968
youtube2007,8,sparse,92,845.617,2.38513,0.00421389,27028.2,13329894188062.0,mixed,766.883,4506627008
youtube2007,8,sparse,94,0.0432816,1.32879,0.00373767,0.241195,1024858.0,mixed,0.0203803,89892
youtube2007,8,sparse,95,9.67577,2.21639,0.00337235,257.525,198348860155.0,mixed,8.04612,104032176
youtube2007,8,sparse,97,1.4549,1.08256,0.00371649,28.3802,654489948.0,mixed,1.01261,12479659
youtube2007,8,sparse,99,0.0519104,0.164979,0.00327267,0.478553,10737740.0,mixed,0.0248057,229553
youtube2007,8,sparse,100,727.784,2.65268,0.00342957,23238.0,11472287969677.0,mixed,541.608,5326153103
