dataset,query_size,query_mode,query_index,elapsed_execution_time,filter_time,plan_time,enumerate_time,n_embeddings,order,max_task_time,n_intersections
friendster,12,dense,1,0.466439,1.51766,26.853,9.25135,1201796955,mixed,0.392,1070845
friendster,12,dense,2,0.506884,1.55788,21.8847,11.004,178866503,mixed,0.373785,3175073
friendster,12,dense,3,0.881471,1.52899,27.015,24.931,82104021,mixed,0.456619,1692347
friendster,12,dense,4,0.512266,1.55855,13.5338,9.98839,5443641,mixed,0.126073,1476440
friendster,12,dense,5,3.18229,1.57826,22.691,89.8744,1065135,mixed,2.25446,13735974
friendster,12,dense,6,0.388929,1.52454,16.1153,9.47804,165252,mixed,0.274093,1532109
friendster,12,dense,7,18.475,1.47705,41.7105,572.256,55078500,mixed,7.49086,370346353
friendster,12,dense,8,2.04478,1.51105,20.447,53.6239,111677110,mixed,0.503671,11604429
friendster,12,dense,9,0.382172,1.72041,13.6629,9.09131,2,mixed,0.159505,1611754
friendster,12,dense,10,0.413556,1.52339,17.9566,9.12894,1653356,mixed,0.0994891,190055
friendster,12,dense,11,0.223932,1.4922,14.7784,4.19096,691886668,mixed,0.109851,296563
friendster,12,dense,12,1.45006,1.52125,21.4218,40.0408,377624814,mixed,1.08957,5049539
friendster,12,dense,13,0.155547,1.39576,17.1965,2.51073,22986648304,mixed,0.0894763,240697
friendster,12,dense,14,0.377902,1.6586,16.7583,8.91593,166026,mixed,0.0754653,1032016
friendster,12,dense,15,0.243439,1.50847,17.7997,5.34047,80321957,mixed,0.185363,239144
friendster,12,dense,16,0.177377,1.52879,15.4512,3.14174,7860714736,mixed,0.0809938,241375
friendster,12,dense,17,0.385799,1.56679,20.4484,9.44076,64074,mixed,0.228513,1627719
friendster,12,dense,18,0.160345,1.57208,15.2641,2.45902,17668434,mixed,0.0912061,189910
friendster,12,dense,19,0.416332,1.50157,18.3238,10.3528,14951780,mixed,0.242094,1687995
friendster,12,dense,20,0.265869,1.4961,19.0587,5.28264,1362884726,mixed,0.0824027,254727
friendster,12,dense,21,0.499507,1.62903,18.8858,12.5143,99889,mixed,0.237211,3612299
friendster,12,dense,22,0.423203,1.48141,19.2091,9.54802,2005082024,mixed,0.22571,2173886
friendster,12,dense,23,0.335684,1.43331,18.4717,6.9637,499817201,mixed,0.289186,365035
friendster,12,dense,24,0.414112,1.44017,16.4978,8.54841,12704206914,mixed,0.132866,240732
friendster,12,dense,25,0.24336,1.56641,14.5042,3.92056,83136659,mixed,0.121197,259864
friendster,12,dense,26,2.66054,1.4681,39.2176,80.5356,75574560,mixed,0.921591,27570908
friendster,12,dense,27,1.30027,1.65084,22.3816,27.719,531,mixed,0.419861,681913
friendster,12,dense,28,0.794719,1.6269,19.5402,19.3644,406193,mixed,0.394672,505486
friendster,12,dense,29,0.989465,1.49951,23.0623,24.734,119844516,mixed,0.496118,7672424
friendster,12,dense,30,0.330639,1.62877,13.9453,7.35501,33247,mixed,0.192817,1206201
friendster,12,dense,31,0.348087,1.6489,14.9067,7.51129,1327995,mixed,0.223087,1577239
friendster,12,dense,32,0.85851,1.44342,64.6367,19.8824,1420306277,mixed,0.661548,2450651
friendster,12,dense,33,0.271471,1.58431,16.6647,5.36995,843495648,mixed,0.0853358,216107
friendster,12,dense,34,0.279861,1.41984,18.3691,6.00319,19460932772,mixed,0.144242,231044
friendster,12,dense,35,0.629736,1.51765,11.4404,15.1516,32301699,mixed,0.383965,1651030
friendster,12,dense,36,0.498854,1.48534,22.6066,11.2507,190281744,mixed,0.273704,1688772
friendster,12,dense,37,0.61103,1.58992,21.9069,13.9369,355733698,mixed,0.179702,3085295
friendster,12,dense,38,0.312421,1.74636,16.329,7.70881,2,mixed,0.158368,977707
friendster,12,dense,39,0.322986,1.4816,17.1192,7.0647,83950050,mixed,0.163197,228514
friendster,12,dense,40,0.686296,1.49305,49.5836,17.0012,231018778,mixed,0.637207,1059101
friendster,12,dense,41,0.356539,1.4403,14.9826,7.81801,6014903810,mixed,0.0322331,235131
friendster,12,dense,42,0.277735,1.42534,17.0233,5.12126,3643919418,mixed,0.188473,341924
friendster,12,dense,43,0.308478,1.51678,31.4768,6.26692,379533496,mixed,0.0818408,319969
friendster,12,dense,44,0.213728,1.51906,11.5882,4.35434,39179760,mixed,0.141649,216479
friendster,12,dense,45,0.225092,1.56448,29.011,4.72689,3055036,mixed,0.139642,212660
friendster,12,dense,46,0.213666,1.54997,11.2561,4.51658,11318581,mixed,0.149363,192423
friendster,12,dense,47,0.295332,1.52582,18.1903,6.48279,6850314,mixed,0.0289213,195157
friendster,12,dense,48,0.287222,1.47198,17.8488,5.58992,2272093861,mixed,0.108823,240817
friendster,12,dense,49,0.580758,1.54552,19.4897,14.2625,14497751,mixed,0.382582,1868650
friendster,12,dense,50,0.513364,1.47806,18.8933,11.8549,1624828797,mixed,0.0926361,224366
friendster,12,dense,51,0.227518,1.48718,14.6552,4.78348,1394629059,mixed,0.166468,217625
friendster,12,dense,52,0.347452,1.52388,36.2174,8.2003,4187206,mixed,0.0949559,1165451
friendster,12,dense,53,0.830227,1.44676,39.5857,20.2178,143893715,mixed,0.492371,535974
friendster,12,dense,54,0.501025,1.53826,32.2832,11.9329,2442584211,mixed,0.406956,1450640
friendster,12,dense,55,0.48091,1.54228,24.7396,9.97922,23509459,mixed,0.26335,2348988
friendster,12,dense,56,0.639609,1.45334,13.0877,14.0542,69103824,mixed,0.343999,4235038
friendster,12,dense,57,0.183966,1.45605,18.4404,2.76644,125578888,mixed,0.103102,208535
friendster,12,dense,58,0.629671,1.58024,35.444,13.7158,4760401,mixed,0.407215,994496
friendster,12,dense,59,0.24012,1.58231,17.2047,4.86484,54745667,mixed,0.0595666,157943
friendster,12,dense,60,1.43041,1.47991,11.615,33.4519,2174061857,mixed,0.250956,862267
friendster,12,dense,61,0.282134,1.55205,25.406,6.10314,19334503,mixed,0.0643455,208674
friendster,12,dense,62,0.726147,1.52299,15.6039,17.0042,89917148,mixed,0.357675,4860225
friendster,12,dense,63,0.939362,1.59304,14.1005,24.6397,243529,mixed,0.602289,4312930
friendster,12,dense,64,0.830759,1.65947,15.9,22.9973,1405508,mixed,0.360974,4054232
friendster,12,dense,65,0.363199,1.63699,17.0725,8.94328,585231,mixed,0.227058,1309477
friendster,12,dense,66,1.46875,1.44435,26.3468,35.637,904006655,mixed,0.482755,748894
friendster,12,dense,67,0.716512,1.53342,17.4512,17.3832,2165991,mixed,0.506936,6736334
friendster,12,dense,68,0.587125,1.47671,13.902,14.1491,2336148338,mixed,0.148169,1225989
friendster,12,dense,69,1.80405,1.55302,21.4863,49.9534,21064107,mixed,0.95015,11919836
friendster,12,dense,70,1.25732,1.5311,25.9213,32.2703,208450468,mixed,0.760849,7978697
friendster,12,dense,71,0.970771,1.53708,14.4594,23.3974,9482993,mixed,0.391918,501607
friendster,12,dense,72,0.633572,1.49805,17.741,15.305,14765130,mixed,0.42193,2992167
friendster,12,dense,73,1.19691,1.55416,22.6395,26.1148,159275358,mixed,0.340028,4137619
friendster,12,dense,74,0.66509,1.59151,28.4276,15.958,161468,mixed,0.332204,4567376
friendster,12,dense,75,0.334915,1.42788,12.8892,6.88528,528949597,mixed,0.163512,252124
friendster,12,dense,76,9.23282,1.55721,32.0056,268.183,499100,mixed,4.03575,57317111
friendster,12,dense,77,0.363786,1.64922,14.5795,8.7052,308843,mixed,0.242536,1211675
friendster,12,dense,78,0.140183,1.69667,10.0319,2.99065,16302,mixed,0.115032,157865
friendster,12,dense,79,54.8224,1.61051,30.3716,1548.5,380488,mixed,38.2896,346622128
friendster,12,dense,80,0.72221,1.62978,13.4944,16.885,22314645,mixed,0.323672,440638
friendster,12,dense,81,1.15333,1.43598,24.4904,28.236,1392539085,mixed,0.510717,860718
friendster,12,dense,82,0.209314,1.57243,9.92481,3.9877,1968323765,mixed,0.152861,211583
friendster,12,dense,83,0.815771,1.48483,12.9295,19.7869,66646401,mixed,0.0817479,1115215
friendster,12,dense,84,0.165142,1.74198,8.56826,2.74477,1732,mixed,0.0878306,144010
friendster,12,dense,85,0.401237,1.47767,16.4104,8.95712,4682132,mixed,0.130598,534515
friendster,12,dense,86,0.710876,1.4342,19.3468,19.0184,5201544924,mixed,0.553337,2878262
friendster,12,dense,87,0.302445,1.54312,25.1014,6.67473,3795950,mixed,0.126112,1179760
friendster,12,dense,88,0.35401,1.41808,13.2283,7.90983,1535399192,mixed,0.199454,1495918
friendster,12,dense,89,1.39605,1.69339,15.6486,35.66,225165,mixed,0.597264,705996
friendster,12,dense,90,1.96806,1.53127,23.26,54.3333,2752510,mixed,1.66906,16338199
friendster,12,dense,91,0.753036,1.42169,21.0618,17.3517,1848127880,mixed,0.12541,345084
friendster,12,dense,92,1.58276,1.51566,19.2851,36.2105,653819406,mixed,1.15583,1897762
friendster,12,dense,93,0.987667,1.41009,18.4695,22.1818,2774623452,mixed,0.875554,1659550
friendster,12,dense,94,0.647291,1.41623,15.5449,15.9164,10007799,mixed,0.300389,3366793
friendster,12,dense,95,1.00894,1.5832,13.3253,24.2374,2189456,mixed,0.10129,1602416
friendster,12,dense,96,0.377838,1.50193,12.4981,8.62919,324445202,mixed,0.183192,1938342
friendster,12,dense,97,0.48981,1.69534,14.2343,10.6335,122,mixed,0.384269,1509428
friendster,12,dense,98,1.86067,1.45384,20.8104,50.0651,131068352,mixed,1.49244,12716989
friendster,12,dense,99,0.565355,1.62155,17.8837,13.5797,69701285,mixed,0.0830832,201858
friendster,12,dense,100,0.279527,1.49394,15.9381,5.01361,2872005029,mixed,0.146988,248404
friendster,12,sparse,1,0.607266,1.48837,17.2935,13.8492,133492268,mixed,0.512704,4840537
friendster,12,sparse,2,0.978846,1.50822,15.6232,24.5044,14624164,mixed,0.286746,6670159
friendster,12,sparse,3,0.205833,1.4917,23.2757,4.30337,325661127,mixed,0.17403,278267
friendster,12,sparse,4,0.993687,1.58962,16.9393,23.6868,4627,mixed,0.907761,4982261
friendster,12,sparse,5,0.559678,1.53488,23.3507,13.4532,1778302,mixed,0.336485,2419430
friendster,12,sparse,6,2.01377,1.50699,24.7672,57.5256,28302789,mixed,1.59016,12529768
friendster,12,sparse,7,0.236433,1.45687,7.26577,4.13116,7102894569,mixed,0.122041,222138
friendster,12,sparse,8,0.526049,1.539,17.3395,12.2953,7585550,mixed,0.274421,2225378
friendster,12,sparse,9,1.72124,1.50076,24.7019,46.0174,12657408,mixed,1.27284,7613070
friendster,12,sparse,10,0.698025,1.47481,22.0641,16.3948,130291715,mixed,0.107151,1549154
friendster,12,sparse,11,0.280109,1.5871,22.0807,6.24582,30933414,mixed,0.192845,294028
friendster,12,sparse,12,0.502002,1.40816,19.0303,11.1651,997544845,mixed,0.134919,293337
friendster,12,sparse,13,0.335131,1.66296,14.8321,7.76039,15633,mixed,0.254966,1570424
friendster,12,sparse,14,0.750142,1.70664,19.0338,18.7826,27836,mixed,0.298591,3066961
friendster,12,sparse,15,17.9318,1.57038,31.4072,450.405,60547,mixed,12.1709,157859185
friendster,12,sparse,16,0.854306,1.4641,12.2621,19.9165,205651317,mixed,0.42037,2325285
friendster,12,sparse,17,2.26557,1.46582,27.8546,63.1052,16824937,mixed,1.67973,19372299
friendster,12,sparse,18,1.06048,1.48969,18.7058,27.6191,30841145,mixed,0.974243,4002285
friendster,12,sparse,19,0.832405,1.5299,16.7731,19.4579,12943284,mixed,0.745916,1673791
friendster,12,sparse,20,1.00275,1.46959,30.3086,25.0094,22622602,mixed,0.820392,11939244
friendster,12,sparse,21,1.23465,1.47392,15.2983,30.175,850546134,mixed,0.786473,729468
friendster,12,sparse,22,0.515285,1.48772,20.4015,11.2595,519545438,mixed,0.410584,860323
friendster,12,sparse,23,0.653933,1.56447,22.5048,12.4028,159613601,mixed,0.267043,4063892
friendster,12,sparse,24,0.828899,1.47179,33.518,19.7262,73602698,mixed,0.702816,6824578
friendster,12,sparse,25,0.296162,1.43179,11.8249,6.42004,7619024153,mixed,0.159062,226233
friendster,12,sparse,26,0.817191,1.45476,21.885,19.7765,12169554,mixed,0.566795,7628289
friendster,12,sparse,27,1.16064,1.48136,17.9968,30.7978,329049889,mixed,0.510803,5274818
friendster,12,sparse,28,0.331534,1.47249,13.6705,7.17286,2080813533,mixed,0.205858,274914
friendster,12,sparse,29,0.219004,1.60997,9.6475,4.81002,271391,mixed,0.142945,180506
friendster,12,sparse,30,0.585983,1.58379,27.2916,13.6283,160192246,mixed,0.445903,2243114
friendster,12,sparse,31,0.324064,1.47632,10.4811,7.21562,2985049998,mixed,0.158543,228974
friendster,12,sparse,32,0.516539,1.54866,20.9489,12.1488,167960995,mixed,0.294816,2217058
friendster,12,sparse,33,0.432391,1.49211,12.224,10.1104,18855791,mixed,0.0733218,1484078
friendster,12,sparse,34,0.796574,1.47,19.9935,19.3458,55081756,mixed,0.623294,7661371
friendster,12,sparse,35,0.949377,1.48464,34.5765,23.0692,4839869,mixed,0.404361,7088824
friendster,12,sparse,36,0.272643,1.49761,17.7098,5.88684,41236756,mixed,0.169788,235084
friendster,12,sparse,37,0.215042,1.51365,13.4556,4.72616,8808483,mixed,0.156543,312328
friendster,12,sparse,38,0.245465,1.3878,10.9765,5.38834,107804607,mixed,0.200716,627611
friendster,12,sparse,39,0.38223,1.53876,11.8474,8.90077,5184186132,mixed,0.222837,1741660
friendster,12,sparse,40,1.19328,1.44719,23.0393,29.87,59517995,mixed,0.300063,3517312
friendster,12,sparse,41,0.311574,1.46382,20.6016,6.87096,514124525,mixed,0.226698,419810
friendster,12,sparse,42,0.925812,1.57864,25.4834,22.5804,149150,mixed,0.377604,4103239
friendster,12,sparse,43,17.2721,1.47271,20.9492,469.017,33614983,mixed,11.1358,132365910
friendster,12,sparse,44,0.424887,1.5715,15.1224,9.98751,6402029,mixed,0.0608873,1125652
friendster,12,sparse,45,0.99403,1.44484,51.7199,23.1989,297146274,mixed,0.413819,4552580
friendster,12,sparse,46,0.484755,1.46455,18.648,9.64397,612565243,mixed,0.322747,762449
friendster,12,sparse,47,0.29684,1.43448,20.6537,6.49588,144602646,mixed,0.195599,299311
friendster,12,sparse,48,0.517826,1.47462,14.1136,11.4272,3892797154,mixed,0.307749,3113765
friendster,12,sparse,49,665.053,1.56461,27.7434,19190.5,665040,mixed,464.14,4901392585
friendster,12,sparse,50,0.27027,1.50719,11.0845,5.71112,198278865,mixed,0.0650166,221543
friendster,12,sparse,51,0.248453,1.58821,13.1256,5.35958,8293318,mixed,0.153219,295371
friendster,12,sparse,52,1.07194,1.56589,14.2152,25.3813,130232956,mixed,0.46366,529857
friendster,12,sparse,53,1.10443,1.46182,31.0623,31.313,2024528457,mixed,0.415903,5562342
friendster,12,sparse,54,0.310492,1.48058,10.5865,7.186,1018151108,mixed,0.173521,1033969
friendster,12,sparse,55,0.344202,1.52562,12.5635,7.42925,15349154785,mixed,0.189033,261758
friendster,12,sparse,56,0.473445,1.64757,23.5674,9.76813,20757,mixed,0.219121,1526881
friendster,12,sparse,57,1.19236,1.35897,17.5325,31.376,6961814801,mixed,0.830961,9151280
friendster,12,sparse,58,0.638425,1.42648,17.2308,4.60222,321617495,mixed,0.60635,1664281
friendster,12,sparse,59,0.150238,1.59737,21.894,2.90673,78211110,mixed,0.113697,226996
friendster,12,sparse,60,0.127782,1.48576,17.8489,1.03399,47796934,mixed,0.0989728,223732
friendster,12,sparse,61,0.911971,1.4883,24.6832,16.3081,425345637,mixed,0.876918,1981759
friendster,12,sparse,62,0.15089,1.42327,15.3157,0.655629,27847112,mixed,0.11308,225878
friendster,12,sparse,63,4.76938,1.48666,14.8729,18.4908,119802110,mixed,4.73567,7760130
friendster,12,sparse,64,1.62582,1.60482,28.4809,34.5273,10928070,mixed,1.59501,3776402
friendster,12,sparse,65,0.695758,1.57812,19.3568,4.62657,23246992,mixed,0.663876,1929433
friendster,12,sparse,66,0.13898,1.51676,11.8887,0.62752,615673265,mixed,0.110211,225158
friendster,12,sparse,67,0.497392,1.46126,16.8342,2.68442,977855426,mixed,0.460549,796668
friendster,12,sparse,68,5.80243,1.52149,25.8257,31.5171,863525,mixed,5.77453,22237291
friendster,12,sparse,69,39.1886,1.50446,28.2069,121.296,31307247,mixed,39.1608,55670475
friendster,12,sparse,70,1.8386,1.46491,21.1594,32.3678,29388687,mixed,1.80778,4895947
friendster,12,sparse,71,0.508358,1.53857,13.0371,2.67613,172711862,mixed,0.478058,457180
friendster,12,sparse,72,2.49506,1.52133,23.1419,28.7943,3028629,mixed,2.46503,5876397
friendster,12,sparse,73,0.154204,1.50549,10.4273,0.689301,960303075,mixed,0.120176,242661
friendster,12,sparse,74,3.0022,1.42842,34.0382,22.6139,367841072,mixed,2.96604,7644362
friendster,12,sparse,75,0.273251,1.55952,19.5944,2.13145,654309734,mixed,0.118013,245260
friendster,12,sparse,76,0.749975,1.54141,19.1721,5.87801,2184939,mixed,0.724376,1706398
friendster,12,sparse,77,4.03899,1.45719,21.5505,33.5743,230803582,mixed,4.00582,8602064
friendster,12,sparse,78,4.1606,1.42566,18.4268,25.4864,59744226,mixed,4.12992,14078679
friendster,12,sparse,79,0.891264,1.52419,22.4855,3.82117,96481170,mixed,0.859601,1868281
friendster,12,sparse,80,0.573612,1.50846,30.4697,4.05241,14050159,mixed,0.546755,986198
friendster,12,sparse,81,0.692976,1.42078,18.0796,4.71257,156680959,mixed,0.659457,1988371
friendster,12,sparse,82,2.23244,1.41519,26.3454,13.4304,7164797379,mixed,2.1934,5866752
friendster,12,sparse,83,2.46068,1.49029,16.5542,14.4695,1678035170,mixed,2.42721,5523275
friendster,12,sparse,84,105.36,1.52294,29.1592,253.796,9086978,mixed,105.331,232587553
friendster,12,sparse,85,4.51032,1.53729,28.5164,20.9149,9300067,mixed,4.48509,14404563
friendster,12,sparse,86,0.945554,1.51483,19.6401,6.28339,8413769,mixed,0.917936,4662184
friendster,12,sparse,87,1.64884,1.45094,18.751,7.93732,260648082,mixed,1.60994,2922291
friendster,12,sparse,88,0.69655,1.38448,23.2419,6.14881,17676817700,mixed,0.662671,1896752
friendster,12,sparse,89,0.834059,1.41288,25.8138,7.19134,447439645,mixed,0.799218,1486962
friendster,12,sparse,90,1.81002,1.58552,63.0637,16.5519,4573676,mixed,1.779,7175269
friendster,12,sparse,91,4.02503,1.47995,23.1601,30.0738,30166278,mixed,3.99256,8374127
friendster,12,sparse,92,0.15043,1.51848,36.9834,1.64831,3316006,mixed,0.123837,278823
friendster,12,sparse,93,0.938134,1.57605,13.828,4.05216,30358841,mixed,0.906052,1898525
friendster,12,sparse,94,1.33385,1.46367,11.0202,5.40367,1184470211,mixed,1.30155,2626129
friendster,12,sparse,95,0.808456,1.44971,24.8236,5.28019,11642910,mixed,0.7793,1706339
friendster,12,sparse,96,3.25374,1.50634,13.5002,20.3758,4181941,mixed,3.23,12146867
friendster,12,sparse,97,1.61917,1.64144,16.7321,7.00706,33543847,mixed,1.5862,2205224
friendster,12,sparse,98,0.941923,1.46025,28.6559,14.1,371205485,mixed,0.592259,1232390
friendster,12,sparse,99,1.87713,1.6083,32.7613,12.1701,31474750,mixed,1.84768,4979153
friendster,12,sparse,100,0.659371,1.55777,14.7582,4.59403,111555916,mixed,0.621274,1533527
