dataset,query_size,query_mode,query_index,elapsed_execution_time,filter_time,plan_time,enumerate_time,n_embeddings,order,max_task_time,n_intersections
orkut,12,dense,1,0.759341,0.34715,2.65817,18.8833,6164009,mixed,0.180262,297130
orkut,12,dense,2,1.08445,0.357262,2.5333,27.1738,1779145475,mixed,0.172868,212491
orkut,12,dense,3,0.928005,0.315095,2.3059,22.9909,18313414884,mixed,0.16455,272334
orkut,12,dense,4,0.590984,0.3552,2.66157,14.6576,4722778,mixed,0.0690786,376978
orkut,12,dense,5,0.877276,0.272766,1.61371,21.7326,1823651,mixed,0.144249,307825
orkut,12,dense,6,0.734515,0.335402,2.24569,18.1999,638121960,mixed,0.0828764,260800
orkut,12,dense,7,0.542304,0.269359,2.29021,13.0544,15314284,mixed,0.0315087,131445
orkut,12,dense,8,1.05959,0.37383,4.20559,22.3039,587410,mixed,0.879675,4530793
orkut,12,dense,9,0.911799,0.379002,2.40341,22.9871,785975,mixed,0.0799459,311469
orkut,12,dense,10,0.692593,0.348528,2.90838,17.2896,104141578,mixed,0.19246,306021
orkut,12,dense,11,0.313561,0.38203,3.3655,7.64772,1309209,mixed,0.166483,385641
orkut,12,dense,12,0.927308,0.285816,1.66984,23.4369,4449662,mixed,0.0757781,138389
orkut,12,dense,13,0.188262,0.30685,1.79265,3.83266,241168,mixed,0.104346,377816
orkut,12,dense,14,0.76696,0.325793,2.79737,19.1024,1153864479,mixed,0.265052,340869
orkut,12,dense,15,0.458621,0.354694,1.98935,10.7967,1602724,mixed,0.0488235,444542
orkut,12,dense,16,1.14041,0.388129,3.1368,24.7256,26225156,mixed,0.894205,1988078
orkut,12,dense,17,0.949915,0.330908,2.59266,21.1796,311048088,mixed,0.795285,2447909
orkut,12,dense,18,0.98595,0.294175,2.87539,24.5203,2119092268,mixed,0.296033,395760
orkut,12,dense,19,0.560378,0.389083,2.37389,13.8652,64388467,mixed,0.0868364,361468
orkut,12,dense,20,0.187584,0.387225,2.09042,4.06959,1036888,mixed,0.0832518,393586
orkut,12,dense,21,0.476323,0.279233,3.07538,11.6369,388122265,mixed,0.157711,382955
orkut,12,dense,22,0.717936,0.293991,2.00624,17.748,120957950,mixed,0.580199,616079
orkut,12,dense,23,0.893267,0.409162,2.20829,21.5948,14075084,mixed,0.105393,319999
orkut,12,dense,24,0.673779,0.316652,2.42129,16.8016,2544803,mixed,0.0590996,358656
orkut,12,dense,25,1.32453,0.366057,3.18267,24.8709,1110635,mixed,0.730188,4661906
orkut,12,dense,26,1.28731,0.377028,3.03661,28.3625,1862940,mixed,1.00295,3318882
orkut,12,dense,27,0.978872,0.257973,4.72913,17.7143,81327845,mixed,0.475602,3072762
orkut,12,dense,28,0.621273,0.311066,2.25408,15.5589,32104427,mixed,0.0994235,454252
orkut,12,dense,29,0.365277,0.301959,2.76686,8.87955,947585,mixed,0.113072,248904
orkut,12,dense,30,0.950629,0.311519,2.43622,24.2326,2496309,mixed,0.168969,535191
orkut,12,dense,31,0.107633,0.291335,1.66057,2.48181,8385575,mixed,0.0329439,174561
orkut,12,dense,32,0.211147,0.362132,2.83132,3.86603,14939556,mixed,0.0539695,303517
orkut,12,dense,33,0.347929,0.313381,2.56589,8.40966,19946656,mixed,0.0966865,367960
orkut,12,dense,34,1.24593,0.298516,2.59525,31.8632,38701530,mixed,0.217622,458925
orkut,12,dense,35,0.898596,0.246105,3.73125,22.9682,31133806,mixed,0.108754,336473
orkut,12,dense,36,0.321899,0.297857,4.19456,7.24448,3500983,mixed,0.0390513,306661
orkut,12,dense,37,0.507114,0.369467,2.23992,9.51242,964467713,mixed,0.343714,1349937
orkut,12,dense,38,0.578324,0.307162,2.24105,14.6297,5200899,mixed,0.105879,262479
orkut,12,dense,39,0.823859,0.352625,3.03899,20.7508,3246127331,mixed,0.197795,314452
orkut,12,dense,40,0.679927,0.310416,3.68909,12.576,3667664135,mixed,0.333064,659894
orkut,12,dense,41,0.753335,0.37581,2.85894,17.5957,177486159,mixed,0.547509,493718
orkut,12,dense,42,0.543528,0.344591,2.06211,10.4362,7984455,mixed,0.118895,944678
orkut,12,dense,43,0.133756,0.365448,3.14519,3.1592,2374488,mixed,0.0847356,376996
orkut,12,dense,44,0.623056,0.278191,4.0662,12.8136,2297452,mixed,0.291387,1830071
orkut,12,dense,45,0.34095,0.303156,2.16472,8.28334,3659718,mixed,0.0412502,180100
orkut,12,dense,46,0.137488,0.355698,2.27309,3.0728,28050640,mixed,0.10504,354934
orkut,12,dense,47,0.905708,0.288222,1.85263,22.5639,929575,mixed,0.109769,238079
orkut,12,dense,48,0.696764,0.255262,2.83295,17.343,2506858,mixed,0.348813,641217
orkut,12,dense,49,0.312269,0.346973,1.83093,7.43648,531165312,mixed,0.107146,287121
orkut,12,dense,50,0.883039,0.273925,2.23947,22.3718,3628289,mixed,0.123258,312846
orkut,12,dense,51,1.60748,0.394387,2.11688,41.2059,416121,mixed,0.0731365,204387
orkut,12,dense,52,0.487982,0.399068,2.57301,11.8225,64703,mixed,0.10224,662538
orkut,12,dense,53,0.151879,0.353523,1.8063,2.85315,3420511,mixed,0.0476532,279039
orkut,12,dense,54,0.652873,0.329321,2.62815,16.5862,1322464,mixed,0.152041,393728
orkut,12,dense,55,0.271291,0.325145,2.46,5.38508,4457801,mixed,0.0840149,431634
orkut,12,dense,56,0.621828,0.373386,2.72354,14.2313,16072774,mixed,0.542723,567918
orkut,12,dense,57,0.834485,0.321702,2.31594,21.3194,14963375,mixed,0.122588,257943
orkut,12,dense,58,1.30567,0.351254,1.99782,33.1683,170914,mixed,0.0804797,246523
orkut,12,dense,59,0.469468,0.234082,3.07135,11.4424,2405655,mixed,0.0980388,310037
orkut,12,dense,60,1.00904,0.353468,2.53488,19.1642,86441390,mixed,0.240079,4026387
orkut,12,dense,61,0.222565,0.440304,2.42574,5.17481,227928,mixed,0.139372,310903
orkut,12,dense,62,0.225177,0.310177,2.33578,4.87178,12955846,mixed,0.191018,282676
orkut,12,dense,63,1.15014,0.330927,2.28719,28.7137,182810958,mixed,0.549269,554213
orkut,12,dense,64,0.133489,0.330223,2.68163,2.92417,4360556,mixed,0.104301,369710
orkut,12,dense,65,0.119767,0.358675,2.63391,2.78569,6315933,mixed,0.0436399,205363
orkut,12,dense,66,0.574726,0.31412,2.69925,14.141,30095979,mixed,0.221039,578888
orkut,12,dense,67,0.452353,0.253125,1.55667,11.0209,387022562,mixed,0.0433584,250944
orkut,12,dense,68,0.96758,0.389094,2.37093,23.6249,5900594,mixed,0.385352,460175
orkut,12,dense,69,0.867526,0.269134,2.22143,21.6215,4188440395,mixed,0.564216,671541
orkut,12,dense,70,0.322777,0.267725,2.68122,7.64202,10772072854,mixed,0.157271,256520
orkut,12,dense,71,1.14026,0.314502,3.69093,28.5269,5525285,mixed,0.223213,410249
orkut,12,dense,72,0.401897,0.427337,1.73872,9.68691,1113659,mixed,0.0634686,272536
orkut,12,dense,73,0.665468,0.32512,2.54089,16.5661,7163955,mixed,0.120305,249236
orkut,12,dense,74,1.08606,0.308003,2.46379,26.7705,25792580,mixed,0.768013,961680
orkut,12,dense,75,0.669722,0.358918,3.1661,17.176,338574519,mixed,0.31047,555808
orkut,12,dense,76,0.723062,0.342842,1.89013,18.0343,2763700,mixed,0.194931,396770
orkut,12,dense,77,0.129956,0.313861,2.02802,2.72267,121800527,mixed,0.0763582,305073
orkut,12,dense,78,0.337888,0.410063,2.14818,8.06361,1297322,mixed,0.150442,351287
orkut,12,dense,79,0.770045,0.296596,2.60452,19.1341,2412326,mixed,0.0814022,324481
orkut,12,dense,80,0.140117,0.371132,2.41075,3.03147,245627,mixed,0.102592,355229
orkut,12,dense,81,0.9862,0.365901,2.5182,24.1864,362201,mixed,0.123016,1053091
orkut,12,dense,82,0.468575,0.400223,1.98277,11.489,3721973,mixed,0.110098,257596
orkut,12,dense,83,0.868414,0.354544,2.86499,22.0269,242658596,mixed,0.165037,313079
orkut,12,dense,84,0.994211,0.386496,2.9222,25.733,802241,mixed,0.0871461,339618
orkut,12,dense,85,0.876486,0.420879,1.90335,21.5981,412898,mixed,0.214021,379359
orkut,12,dense,86,0.140761,0.33269,2.07373,2.80913,186287984,mixed,0.086309,236795
orkut,12,dense,87,0.946938,0.348262,2.65758,24.0728,1142458,mixed,0.180375,370409
orkut,12,dense,88,0.296149,0.30635,2.26455,3.74754,559053989,mixed,0.251569,403286
orkut,12,dense,89,0.180831,0.342572,2.34735,3.62658,378296213,mixed,0.09884,281944
orkut,12,dense,90,0.232532,0.258175,2.74089,4.42192,440185,mixed,0.133958,908499
orkut,12,dense,91,0.803507,0.323427,2.31656,20.0182,73031202,mixed,0.113131,220448
orkut,12,dense,92,1.19669,0.335346,3.65866,28.4869,814014,mixed,1.08454,1403664
orkut,12,dense,93,0.488098,0.317785,3.35446,9.35547,99180438,mixed,0.398147,742348
orkut,12,dense,94,1.3011,0.289111,2.56548,32.4003,1340939,mixed,0.286414,572894
orkut,12,dense,95,1.03684,0.301053,2.10202,27.0469,201816623,mixed,0.377517,670624
orkut,12,dense,96,0.14845,0.34221,2.87705,3.24601,3926809,mixed,0.114178,507170
orkut,12,dense,97,0.455098,0.344775,2.06541,10.8888,512940739,mixed,0.332272,544989
orkut,12,dense,98,1.04555,0.404193,2.62367,26.193,24319065,mixed,0.171446,409117
orkut,12,dense,99,0.535154,0.273841,2.55998,12.9852,21329227,mixed,0.0916138,309637
orkut,12,dense,100,1.09979,0.28421,2.09329,27.7228,45054691,mixed,0.0864362,249887
orkut,12,sparse,1,0.331685,0.239917,3.32768,7.78444,70617033,mixed,0.114699,734999
orkut,12,sparse,2,1.28402,0.305929,3.3009,31.8171,7347119773,mixed,1.13423,917377
orkut,12,sparse,3,0.807987,0.313527,3.16833,13.0814,6127758497,mixed,0.389389,1129989
orkut,12,sparse,4,1.15317,0.28983,2.60065,29.1526,2808695605,mixed,0.606792,522186
orkut,12,sparse,5,8.80743,0.325109,2.27406,198.32,7274486625,mixed,2.76259,87574896
orkut,12,sparse,6,0.774778,0.294254,3.34347,19.1111,875445718926,mixed,0.302474,270685
orkut,12,sparse,7,1.47506,0.341128,3.55709,29.5222,2050343569,mixed,0.588843,6929261
orkut,12,sparse,8,1.0453,0.347968,2.94752,26.1375,92709447,mixed,0.606655,857834
orkut,12,sparse,9,0.809525,0.317374,3.9588,17.6772,1151105640985,mixed,0.653171,1088161
orkut,12,sparse,10,0.533517,0.287941,3.66446,11.9522,354551855,mixed,0.44542,916416
orkut,12,sparse,11,1.45026,0.293828,4.12705,31.3833,4563650060,mixed,0.0980995,1430415
orkut,12,sparse,12,1.15999,0.270119,3.62001,29.4697,2129071313,mixed,1.07024,1253406
orkut,12,sparse,13,1.00591,0.287858,2.58957,25.5698,17032970890,mixed,0.25924,635306
orkut,12,sparse,14,1.44374,0.248604,3.31869,34.7735,558212617,mixed,1.29875,3184880
orkut,12,sparse,15,0.685186,0.300919,2.42316,16.9545,241859393,mixed,0.475907,860817
orkut,12,sparse,16,0.196062,0.297877,2.05119,3.22454,2297235106968,mixed,0.131422,245535
orkut,12,sparse,17,0.873586,0.308676,1.63574,21.4349,1491485607,mixed,0.595277,927650
orkut,12,sparse,18,0.228902,0.265165,1.80417,4.81747,11535471201,mixed,0.0567768,269497
orkut,12,sparse,19,1.355,0.340162,3.10847,31.5769,52747627736,mixed,0.331398,717692
orkut,12,sparse,20,2.39608,0.271559,3.56587,53.8665,338921322,mixed,1.0553,19012773
orkut,12,sparse,21,0.580489,0.358995,2.54539,14.0059,225380367,mixed,0.173847,362214
orkut,12,sparse,22,0.824346,0.332936,3.80051,20.223,2737546136,mixed,0.408004,466140
orkut,12,sparse,23,12.5017,0.271051,4.99606,379.547,21682492424,mixed,7.00169,245072842
orkut,12,sparse,24,17.0469,0.244077,2.74609,341.104,158798314648,mixed,16.9866,80294606
orkut,12,sparse,25,0.967935,0.301883,3.07739,23.9611,186342788823,mixed,0.479778,744552
orkut,12,sparse,26,0.296569,0.320274,2.48768,5.65534,2539858908,mixed,0.138252,328364
orkut,12,sparse,27,0.833873,0.316452,2.24869,20.6451,28520821822,mixed,0.632027,469603
orkut,12,sparse,28,1.54368,0.333711,3.77096,34.8795,74066038,mixed,1.35563,2049915
orkut,12,sparse,29,0.539898,0.302848,2.26574,12.134,16367852745,mixed,0.416257,1449305
orkut,12,sparse,30,0.675489,0.305302,2.45258,12.7569,17570375658987,mixed,0.388512,1117840
orkut,12,sparse,31,0.974863,0.303759,2.6007,20.1354,10043473536,mixed,0.151982,1231310
orkut,12,sparse,32,0.891968,0.280573,2.6431,18.7344,29968034469,mixed,0.555747,2264223
orkut,12,sparse,33,1.18432,0.312402,2.6171,26.2558,30516398085,mixed,0.995438,1259699
orkut,12,sparse,34,0.998748,0.254015,4.00341,24.4692,108330122998,mixed,0.214027,569858
orkut,12,sparse,35,0.52597,0.290067,2.16864,10.8134,289650940,mixed,0.083762,476896
orkut,12,sparse,36,1.10791,0.330804,3.38509,27.5496,9013777879,mixed,0.604401,875770
orkut,12,sparse,37,1.06134,0.282175,2.85516,20.1274,32542690323,mixed,0.65345,2235492
orkut,12,sparse,38,0.99513,0.299967,1.96052,22.4557,2818476666,mixed,0.867351,1088120
orkut,12,sparse,39,1.12997,0.308372,1.65795,23.697,449040903143,mixed,0.528645,1655841
orkut,12,sparse,40,1.16858,0.351955,3.3488,29.6926,4541399447,mixed,0.835441,1321770
orkut,12,sparse,41,0.517638,0.250924,2.12352,11.5826,214006662219,mixed,0.108002,332239
orkut,12,sparse,42,1.67048,0.303054,2.75294,32.2463,15151049902,mixed,1.05696,8657359
orkut,12,sparse,43,0.926407,0.355244,3.69604,22.4944,59252693049,mixed,0.412078,419004
orkut,12,sparse,44,0.365873,0.295634,2.0687,8.54082,8249299891,mixed,0.220151,401672
orkut,12,sparse,45,0.999005,0.317294,5.08926,21.7315,2129603706,mixed,0.808573,1009685
orkut,12,sparse,46,3.85184,0.266015,3.68459,85.2774,9209261458,mixed,1.33437,13230421
orkut,12,sparse,47,0.975223,0.264991,3.43515,20.3949,827767693,mixed,0.535025,2382733
orkut,12,sparse,48,1.16131,0.270547,3.63208,28.6094,1239219687722,mixed,0.832589,582954
orkut,12,sparse,49,1.07068,0.303276,2.34084,25.4085,542789406666,mixed,0.978903,896130
orkut,12,sparse,50,0.170149,0.296707,2.04983,3.51826,73927910,mixed,0.123503,764260
orkut,12,sparse,51,0.923372,0.279208,2.16956,19.9997,225980944745,mixed,0.0507885,600124
orkut,12,sparse,52,1.0353,0.248688,3.83146,21.9031,289442532503,mixed,0.337922,1647099
orkut,12,sparse,53,1.47182,0.238187,2.64931,31.6016,2451457103,mixed,1.14412,4041784
orkut,12,sparse,54,1.20264,0.305762,4.31424,29.2403,56310785,mixed,0.462327,862297
orkut,12,sparse,55,1.91385,0.244659,4.66469,37.6247,68078889371,mixed,0.677288,7582179
orkut,12,sparse,56,1.2306,0.316363,2.33349,25.6407,32482323683,mixed,0.550174,8322021
orkut,12,sparse,57,1.22963,0.246927,2.70446,30.5324,54528642390,mixed,0.214077,297466
orkut,12,sparse,58,0.227236,0.265588,2.91189,3.90029,114813414354,mixed,0.154812,283954
orkut,12,sparse,59,1.23659,0.2959,2.61117,30.6094,413920281,mixed,0.727857,1001916
orkut,12,sparse,60,0.201864,0.253011,2.7848,4.23281,83449467243,mixed,0.141996,894140
orkut,12,sparse,61,0.820112,0.24781,4.43885,18.2896,1325981362,mixed,0.135248,1145710
orkut,12,sparse,62,0.356093,0.352154,3.44346,6.47331,124543497,mixed,0.193341,1004598
orkut,12,sparse,63,2.61592,0.278664,4.39638,60.9563,2618402804,mixed,1.14098,19256521
orkut,12,sparse,64,3.01961,0.272277,2.93609,78.211,35720430461,mixed,1.49398,25444144
orkut,12,sparse,65,1.05031,0.262838,2.66081,24.4816,80151297891,mixed,0.835178,467071
orkut,12,sparse,66,1.15877,0.277401,2.28964,29.0427,42633001563,mixed,0.170346,309545
orkut,12,sparse,67,1.02813,0.304999,2.30981,25.4436,109855883823,mixed,0.223739,351668
orkut,12,sparse,68,0.531541,0.233048,2.56438,11.9799,30995830371,mixed,0.181704,836951
orkut,12,sparse,69,0.79541,0.268978,2.04745,16.7268,252885380,mixed,0.459144,2277872
orkut,12,sparse,70,1.01199,0.282097,2.35581,20.6057,249740166980,mixed,0.386042,941292
orkut,12,sparse,71,1.98894,0.274448,1.7986,33.0539,384088826085,mixed,0.329996,1054252
orkut,12,sparse,72,0.801251,0.292613,2.38313,19.1567,5622743110840,mixed,0.139438,275466
orkut,12,sparse,73,0.763203,0.384472,2.39367,16.5048,312859200,mixed,0.39901,4363299
orkut,12,sparse,74,0.17664,0.328242,2.77908,3.46049,23999906,mixed,0.118273,303749
orkut,12,sparse,75,2.0813,0.327505,3.89921,43.9213,31851839,mixed,0.448379,8944725
orkut,12,sparse,76,1.08762,0.296872,2.9861,20.1254,265361807109,mixed,0.131789,1504415
orkut,12,sparse,77,0.560824,0.254662,2.6149,13.053,57031912849,mixed,0.458711,706357
orkut,12,sparse,78,0.31282,0.379021,2.71878,4.8581,147382817577,mixed,0.118369,697788
orkut,12,sparse,79,1.06024,0.276276,2.84699,23.6069,89709660181,mixed,0.0733435,592144
orkut,12,sparse,80,1.33337,0.301717,2.47165,27.4291,27739772307,mixed,0.0631414,1072063
orkut,12,sparse,81,0.516071,0.373978,3.02437,10.6937,1039492595,mixed,0.14581,771150
orkut,12,sparse,82,0.688689,0.35336,3.34682,12.2237,7978416401,mixed,0.385676,907010
orkut,12,sparse,83,1.73649,0.266328,4.35868,38.8479,74959010244,mixed,0.549399,6320547
orkut,12,sparse,84,1.50004,0.289495,2.86402,31.8775,123160480,mixed,0.137653,1511818
orkut,12,sparse,85,1.38984,0.311257,2.87048,26.2076,953354126614,mixed,0.684682,3539554
orkut,12,sparse,86,0.682074,0.325083,2.45572,13.1818,311309713,mixed,0.439821,2422756
orkut,12,sparse,87,1.47741,0.235204,4.30144,35.1626,35469601875,mixed,1.39004,1577128
orkut,12,sparse,88,1.46572,0.330984,4.77996,29.8355,1146656523,mixed,0.178055,1565762
orkut,12,sparse,89,0.86715,0.31129,3.17287,20.9209,1939357227,mixed,0.164114,302804
orkut,12,sparse,90,6.23871,0.375477,2.59123,152.037,1025439449,mixed,4.16353,98706302
orkut,12,sparse,91,3.78865,0.272838,3.35852,89.5256,833441580,mixed,2.42405,78846817
orkut,12,sparse,92,0.645774,0.325411,2.9618,16.105,2551596863,mixed,0.283869,329750
orkut,12,sparse,93,1.06378,0.293052,3.54293,26.9056,7785307,mixed,0.967736,1715526
orkut,12,sparse,94,1.36682,0.3408,3.05429,31.547,36701225,mixed,1.10066,5244767
orkut,12,sparse,95,0.19942,0.262602,3.07305,4.22065,138131120,mixed,0.104284,353044
orkut,12,sparse,96,0.449087,0.288578,2.50986,5.75772,269188155079,mixed,0.301691,856903
orkut,12,sparse,97,1.03184,0.342355,2.31646,25.8628,24377627696,mixed,0.115144,245498
orkut,12,sparse,98,0.205778,0.268972,3.07354,4.63702,28083918933,mixed,0.0994425,598073
orkut,12,sparse,99,0.704478,0.318347,3.00954,14.4245,1993512224,mixed,0.490563,1946494
orkut,12,sparse,100,1.27279,0.270552,3.344,27.3091,3810372361,mixed,0.907747,1426394
