dataset,query_size,query_mode,query_index,elapsed_execution_time,filter_time,plan_time,enumerate_time,n_embeddings,order,max_task_time,n_intersections
youtube2007,12,dense,1,803.435,1.76716,1.55165,24411.2,1077369778933,mixed,658.015,3228678945
youtube2007,12,dense,3,6.26859,0.834347,0.182203,168.409,11404505557,mixed,4.04437,86597164
youtube2007,12,dense,4,0.411237,0.310533,0.0172272,0.61494,55118355,mixed,0.410623,265012
youtube2007,12,dense,6,26.0129,2.45552,2.99886,740.536,304778548449,mixed,19.0958,228478792
youtube2007,12,dense,7,3.18674,0.434267,0.0855053,86.8408,2454314845,mixed,2.96808,51297903
youtube2007,12,dense,9,0.262557,0.477226,0.0700787,2.10633,19129765,mixed,0.208873,1770309
youtube2007,12,dense,10,0.0793592,0.612917,0.0740756,0.255493,123671148,mixed,0.0786752,338176
youtube2007,12,dense,11,471.254,1.97021,0.512486,14014.7,6883089195451,mixed,445.859,173927161
youtube2007,12,dense,14,0.00135075,0.169814,0.00227997,0.00116312,19773,1 3 2 5 8 4 9 7 6 0 11 10 ,0.00116312,976
youtube2007,12,dense,15,0.034738,0.107123,0.00224994,0.034556,1900800,0 5 10 11 7 9 3 1 4 8 2 6 ,0.034556,50884
youtube2007,12,dense,18,2.57295,0.690992,0.099657,59.5804,11585127534,mixed,1.67841,10477355
youtube2007,12,dense,20,259.343,1.20343,0.959992,7685.74,5504669428110,mixed,233.449,1895340124
youtube2007,12,dense,22,0.000820527,0.145129,0.00208393,0.000631942,90,2 6 9 10 4 7 8 3 5 1 0 11 ,0.000631942,117
youtube2007,12,dense,24,0.439027,0.209541,0.00937129,1.49031,32825018,mixed,0.223749,694603
youtube2007,12,dense,27,0.000825363,0.165982,0.00225726,0.000672447,600,4 7 6 8 9 10 5 3 1 11 2 0 ,0.000672447,64
youtube2007,12,dense,28,0.432528,0.27065,0.0113487,0.705276,3860614,mixed,0.206931,911495
youtube2007,12,dense,29,0.00097843,0.187188,0.00233903,0.000734449,810,7 11 10 8 2 9 0 4 5 3 6 1 ,0.000734449,241
youtube2007,12,dense,30,0.380551,0.557417,0.0254011,1.37661,18957101,mixed,0.219217,601945
youtube2007,12,dense,32,0.0007458,0.150989,0.00242183,0.000629613,108,2 1 9 3 4 8 5 7 0 6 10 11 ,0.000629613,92
youtube2007,12,dense,33,122.977,0.362619,0.115421,3576.9,239406856419,mixed,96.1094,26844420
youtube2007,12,dense,34,51.2035,0.264771,0.137314,1546.15,103793372964,mixed,40.1097,482343651
youtube2007,12,dense,36,2.71893,1.29791,0.628657,63.6892,15613787149,mixed,1.59571,38855798
youtube2007,12,dense,38,62.5983,0.617129,0.6264,1582.48,867939867802,mixed,41.3987,943549418
youtube2007,12,dense,39,5.23254,0.344557,0.125059,152.087,2195691282,mixed,4.02875,13730710
youtube2007,12,dense,40,2.92326,0.469662,0.294746,56.6224,85671787250,mixed,1.62107,29234358
youtube2007,12,dense,42,141.037,2.19009,0.838835,4233.37,264913885484,mixed,68.5861,819627644
youtube2007,12,dense,47,0.27581,0.330115,0.0169778,0.364645,31755754,mixed,0.204957,404559
youtube2007,12,dense,48,26.9345,0.635112,0.447979,706.025,157454094524,mixed,16.9607,419712338
youtube2007,12,dense,51,0.0774993,0.749848,0.0150381,0.120436,110609,mixed,0.0772086,64219
youtube2007,12,dense,52,0.00816524,0.455867,0.0231558,0.0372322,5973,mixed,0.0078478,10993
youtube2007,12,dense,53,396.426,1.39697,2.04705,9749.67,9204090830327,mixed,261.753,4676617420
youtube2007,12,dense,54,2.34276,0.556053,0.194101,54.8421,9810868816,mixed,1.61569,21951946
youtube2007,12,dense,56,0.661742,0.622089,0.297095,10.2293,509545688124,mixed,0.3553,6642958
youtube2007,12,dense,58,97.6041,1.25162,2.11676,2983.59,65732919295,mixed,84.4169,464353700
youtube2007,12,dense,61,29.1082,0.902093,0.192517,806.296,64893882094,mixed,14.8653,53164943
youtube2007,12,dense,62,0.883013,0.266615,0.0222911,14.6432,1416231241267,mixed,0.636681,8401584
youtube2007,12,dense,66,0.00163577,0.140945,0.00233708,0.001453,1030477,8 2 0 3 4 1 5 7 9 6 11 10 ,0.001453,722
youtube2007,12,dense,67,0.0754356,0.282071,0.0178434,0.0879704,190028,mixed,0.071321,95497
youtube2007,12,dense,68,0.373311,0.523792,0.0601387,2.01587,52335527,mixed,0.211356,1466476
youtube2007,12,dense,69,2.87772,0.513141,0.0641294,68.3365,4159928154,mixed,1.645,30197315
youtube2007,12,dense,71,1308.91,7.9814,22.5497,33156.8,9703576678406,mixed,1057.05,14410653954
youtube2007,12,dense,72,0.0870681,0.253306,0.0117465,0.124022,2914631,mixed,0.0860281,134591
youtube2007,12,dense,75,2.57596,0.982937,0.390333,62.7621,364182738,mixed,1.71843,33838512
youtube2007,12,dense,82,0.220998,0.404958,0.0306691,0.62801,116266194,mixed,0.220632,400518
youtube2007,12,dense,87,11.4625,0.294322,0.228261,341.95,612874897834,mixed,7.61868,103848209
youtube2007,12,dense,88,6.27955,0.575274,0.00740046,173.022,6931048322,mixed,5.05874,8019965
youtube2007,12,dense,89,0.0176914,0.19578,0.012734,0.0328801,371706,mixed,0.0174467,34892
youtube2007,12,dense,90,0.0454376,0.359475,0.0223733,0.0712564,4147112,mixed,0.0435835,67898
youtube2007,12,dense,93,18.5624,0.547676,0.14076,542.779,46894768211,mixed,14.7306,392951933
youtube2007,12,dense,98,112.659,2.99791,4.22035,3377.37,122422982280,mixed,99.0307,641221578
youtube2007,12,dense,100,0.00333404,0.137014,0.00216933,0.00317563,181344,3 10 9 4 0 8 7 6 2 1 5 11 ,0.00317563,2723
youtube2007,12,sparse,1,0.0483615,0.36656,0.0336244,0.151923,13714975,mixed,0.0475375,162493
youtube2007,12,sparse,2,1575.79,4.10283,3.79861,45698.0,158482373756719,mixed,1127.32,19308139603
youtube2007,12,sparse,3,0.854508,0.504607,0.310908,15.6068,2415068278,mixed,0.576512,3854080
youtube2007,12,sparse,4,0.000751474,0.124512,0.00194178,0.00055571,9,3 4 5 2 7 11 1 8 6 9 0 10 ,0.00055571,36
youtube2007,12,sparse,7,22.4989,1.48392,1.8947,574.102,975295742360,mixed,15.5049,150762455
youtube2007,12,sparse,8,10.5848,1.34198,2.23266,302.82,13556756365853,mixed,8.89249,96635080
youtube2007,12,sparse,9,0.0781621,0.465004,0.051386,0.148026,3328210,mixed,0.0763185,133748
youtube2007,12,sparse,10,0.0280522,0.319079,0.0164596,0.0680972,4526967,mixed,0.0278277,50407
youtube2007,12,sparse,11,0.0958729,0.156129,0.00300238,0.0956434,2570400,11 2 7 3 4 6 8 5 10 9 1 0 ,0.0956434,59320
youtube2007,12,sparse,13,734.988,1.27891,1.21902,19780.3,2205380702191,mixed,404.037,7332217743
youtube2007,12,sparse,14,0.00171897,0.254525,0.00815007,0.0052639,93744,mixed,0.00145689,1698
youtube2007,12,sparse,18,0.0322123,0.63421,0.0321894,0.0936165,4444877,mixed,0.0301896,67438
youtube2007,12,sparse,20,3.96311,2.01374,1.33856,94.3447,72397121361,mixed,1.80155,29125204
youtube2007,12,sparse,22,0.315274,0.17246,0.00394089,0.360348,75889924,0 2 3 1 7 10 5 4 8 9 6 11 ,0.215307,169117
youtube2007,12,sparse,25,0.325596,0.401474,0.0782353,0.732634,66315571,mixed,0.211565,404754
youtube2007,12,sparse,26,0.0455153,0.281229,0.0180666,0.0777869,2556051,mixed,0.0452024,62209
youtube2007,12,sparse,27,0.00177626,0.226015,0.0047692,0.00251812,1664,mixed,0.00155642,842
youtube2007,12,sparse,29,0.00138401,0.129263,0.00213273,0.001145,372064,6 4 7 2 1 0 3 8 5 11 10 9 ,0.001145,587
youtube2007,12,sparse,31,1417.22,1.10786,3.33426,37545.2,12808977339657,mixed,1223.13,1754622654
youtube2007,12,sparse,32,10.1985,0.188636,0.00727615,10.3243,1127664096,mixed,10.1982,31454
youtube2007,12,sparse,35,0.400523,0.318596,0.0504133,1.36142,31139202,mixed,0.213004,643431
youtube2007,12,sparse,36,14.7145,0.7899,0.537593,448.498,284959837902,mixed,9.78206,186825923
youtube2007,12,sparse,37,17.7906,0.648931,1.02804,506.194,49069269244,mixed,11.7513,228900390
youtube2007,12,sparse,38,805.304,0.382519,0.691725,22285.2,866345872650,mixed,518.267,218121173
youtube2007,12,sparse,40,3.35338,0.612962,0.517279,75.9323,10542780129,mixed,2.67428,41729538
youtube2007,12,sparse,41,10.7032,0.689322,0.765387,270.007,118890186178,mixed,9.81351,23751968
youtube2007,12,sparse,43,0.00134935,0.105398,0.00366545,0.00191304,208352,mixed,0.00120648,642
youtube2007,12,sparse,44,0.00122249,0.170247,0.00380958,0.00183468,2,mixed,0.000952773,43
youtube2007,12,sparse,45,93.8547,1.55664,1.85241,2751.89,240755337509,mixed,86.9208,146438754
youtube2007,12,sparse,47,1794.16,2.22505,0.416084,44418.5,5951535981748,mixed,1352.08,59101052
youtube2007,12,sparse,48,2.40323,0.604098,0.382863,32.6734,5251961381,mixed,1.33543,3695465
youtube2007,12,sparse,49,793.977,7.63637,18.0928,21049.5,3561362470339,mixed,406.305,6807661494
youtube2007,12,sparse,52,0.475502,1.10971,0.432765,5.37104,1419130295,mixed,0.291893,1982482
youtube2007,12,sparse,54,0.41025,1.06144,0.671697,6.13087,669952142,mixed,0.361617,3353776
youtube2007,12,sparse,55,1130.57,2.72509,4.83787,29275.6,3034766290418,mixed,1105.99,2422439218
youtube2007,12,sparse,59,12.1754,3.17597,3.79584,329.405,762815368696,mixed,7.90054,91896421
youtube2007,12,sparse,62,0.850497,0.786781,0.471891,13.0403,190471338225,mixed,0.727498,5180488
youtube2007,12,sparse,63,368.582,3.91295,10.3934,8873.91,386503894921,mixed,343.952,4733353098
youtube2007,12,sparse,65,160.149,2.7419,6.46651,3978.0,184171564073,mixed,107.937,1440290389
youtube2007,12,sparse,66,0.0462777,0.136256,0.01,0.0732354,13459718,mixed,0.0460092,60663
youtube2007,12,sparse,68,1689.02,2.41329,5.23273,49591.4,523186022850122,mixed,1387.32,18846388488
youtube2007,12,sparse,69,1042.43,1.28341,5.05435,33342.0,23980264457687,mixed,969.728,8055488304
youtube2007,12,sparse,70,9.92423,1.69818,2.68474,284.095,29587570769,mixed,6.79065,97382575
youtube2007,12,sparse,72,26.0331,0.185953,0.239881,663.196,94862458453,mixed,22.1288,129157323
youtube2007,12,sparse,74,0.0489192,0.218603,0.0158209,0.145656,222803978,mixed,0.0486531,104089
youtube2007,12,sparse,76,196.085,0.895007,0.555754,5976.09,592110979015,mixed,100.086,1729006690
youtube2007,12,sparse,79,17.4501,0.30955,0.133244,449.832,37690482509,mixed,14.0567,33910870
youtube2007,12,sparse,81,1788.73,4.50996,6.20643,57122.2,67581474688755,mixed,1699.12,21166917256
youtube2007,12,sparse,82,1.03623,1.07716,0.451338,19.9451,22165352608,mixed,0.551047,7024248
youtube2007,12,sparse,83,95.8874,1.41922,5.45213,2481.34,130305618121,mixed,53.4042,1360451224
youtube2007,12,sparse,84,1509.17,4.00081,3.3762,47123.9,14295009059450,mixed,967.111,10210024203
youtube2007,12,sparse,85,0.294632,0.287347,0.0349575,0.616316,817285283,mixed,0.210166,204441
youtube2007,12,sparse,88,0.102363,0.207465,0.011897,0.11006,15820437,mixed,0.101989,83434
youtube2007,12,sparse,90,221.784,0.155266,0.121409,6721.95,705804568771,mixed,155.825,138411367
youtube2007,12,sparse,93,0.483539,1.00918,0.507869,2.16952,334168173815,mixed,0.27295,1316874
youtube2007,12,sparse,94,0.349418,0.651508,0.0660835,1.85167,26511644,mixed,0.213505,931757
youtube2007,12,sparse,100,0.855411,0.78613,0.21889,16.0157,294240712,mixed,0.609087,7127562
