dataset,query_size,query_mode,query_index,elapsed_execution_time,filter_time,plan_time,enumerate_time,n_embeddings,order,max_task_time,n_intersections
human,12,dense,1,0.0323786,0.00291779,0.00495943,0.0380877,4151727.0,mixed,0.0322707,39960
human,12,dense,2,0.0360443,0.00355257,0.00235504,0.03588,1013850.0,4 7 11 3 10 9 5 6 8 2 0 1 ,0.03588,18273
human,12,dense,4,2.06216,0.00424579,0.00359634,2.06205,896269400.0,9 11 7 8 3 4 0 5 1 6 2 10 ,2.06205,1163310
human,12,dense,6,1.34956,0.00363203,0.00199076,1.34934,8365405440.0,4 0 3 7 8 2 5 9 10 6 11 1 ,1.34934,1152703
human,12,dense,7,273.02,0.0100898,0.00355219,273.02,73627387646400.0,10 6 7 8 11 9 4 0 1 2 3 5 ,273.02,73959405
human,12,dense,11,0.0450049,0.0023659,0.00249215,0.0448557,246673570.0,0 1 5 3 9 10 11 6 7 4 2 8 ,0.0448557,44108
human,12,dense,13,492.025,0.00935772,0.00286881,492.025,478378306532896.0,5 6 7 8 9 10 3 11 0 1 2 4 ,492.025,89714606
human,12,dense,16,1069.36,0.0090789,0.00627458,33737.2,4724355992762.0,11 8 9 10 2 0 4 3 5 6 7 1 ,1025.36,11557467696
human,12,dense,17,0.268197,0.00587426,0.00256769,0.319499,8682303144.0,5 9 10 11 1 8 0 6 7 2 3 4 ,0.258596,64237
human,12,dense,18,1608.17,0.0185184,0.0172138,51443.1,13855236127553.0,mixed,1369.05,8430365586
human,12,dense,19,4.94532,0.00619192,0.00311605,116.775,11780450160.0,9 1 10 2 5 0 3 4 8 6 7 11 ,3.26016,50754401
human,12,dense,20,199.341,0.00659754,0.00519008,6193.63,32332743212.0,3 0 1 2 4 5 6 7 8 9 10 11 ,70.4631,3508098713
human,12,dense,21,0.0584515,0.00310254,0.00313961,0.0605043,4081128786.0,mixed,0.0582874,24036
human,12,dense,22,0.000972032,0.00367351,0.00254108,0.000876641,1202652.0,3 4 8 9 0 6 5 2 7 1 11 10 ,0.000876641,306
human,12,dense,24,0.219007,0.00379237,0.00674623,0.461399,4485288.0,mixed,0.218821,320727
human,12,dense,25,131.951,0.0104589,0.00724356,3353.04,58247022202.0,9 0 2 10 8 1 3 4 5 6 7 11 ,130.676,1112647072
human,12,dense,27,6.68006,0.0349271,0.0442162,200.917,71470593.0,mixed,4.86221,109190856
human,12,dense,29,634.092,0.00729991,0.00419814,20266.0,299469119040.0,11 5 3 4 6 7 8 9 10 0 2 1 ,564.035,4193445885
human,12,dense,31,0.00340489,0.00356561,0.00223583,0.00327118,99468.0,7 8 9 2 5 3 4 0 10 11 6 1 ,0.00327118,1611
human,12,dense,33,0.00275784,0.00280833,0.00258216,0.00265136,2908.0,7 0 10 1 2 3 4 5 6 8 9 11 ,0.00265136,3084
human,12,dense,35,28.1883,0.00832902,0.00351422,28.1881,3428970834.0,2 3 1 8 0 9 10 4 5 11 6 7 ,28.1881,10021120
human,12,dense,36,68.2594,0.00658472,0.00325637,68.2591,11149580442.0,0 1 2 3 4 5 6 7 8 9 10 11 ,68.2591,294
human,12,dense,39,51.1686,0.00588902,0.00364109,51.1684,7677623825.0,11 6 0 9 10 2 3 4 5 7 8 1 ,51.1684,72637572
human,12,dense,41,0.0209177,0.00317542,0.00271171,0.020755,225680.0,3 5 6 4 0 9 10 8 11 1 2 7 ,0.020755,18047
human,12,dense,46,71.504,0.00439103,0.00223168,419.685,48304154112.0,5 11 0 1 2 4 3 6 7 8 9 10 ,46.3242,115989
human,12,dense,48,12.9502,0.0109772,0.00731636,381.856,24104050963060.0,mixed,11.2077,78865787
human,12,dense,50,0.00318974,0.00183486,0.00268274,0.0030825,93150.0,9 10 5 0 4 11 7 1 6 2 3 8 ,0.0030825,2938
human,12,dense,51,8.30394,0.00499844,0.00523684,251.385,238188951000.0,9 0 3 5 7 2 10 11 4 6 1 8 ,7.51326,96940495
human,12,dense,52,24.5168,0.00750936,0.00364926,759.632,430253441087.0,6 10 11 0 9 2 3 4 1 5 7 8 ,18.6666,8529956
human,12,dense,53,9.81411,0.00488905,0.00382908,297.913,106807296960.0,3 1 0 2 6 5 4 7 9 10 8 11 ,4.33178,78039133
human,12,dense,54,0.93686,0.00801923,0.00313753,9.77876,49489667460.0,0 8 1 2 11 3 4 5 6 7 9 10 ,0.583764,3615740
human,12,dense,56,0.101333,0.00225795,0.00240315,0.101114,7514100.0,11 10 3 6 7 9 1 2 4 5 8 0 ,0.101114,58772
human,12,dense,59,430.044,0.00592603,0.00262188,497.252,517538032000.0,11 5 1 2 3 4 0 6 7 8 9 10 ,430.043,17155
human,12,dense,61,56.1652,0.00489679,0.00364675,1768.66,469112280000.0,3 5 6 8 9 10 11 1 4 2 0 7 ,52.7287,499424673
human,12,dense,63,0.0202401,0.00261365,0.00225421,0.0200833,158752.0,0 6 7 1 2 5 3 4 8 10 11 9 ,0.0200833,31835
human,12,dense,68,2.78499,0.00467098,0.00594913,75.0909,172160568270.0,mixed,2.15917,18244638
human,12,dense,69,1.51112,0.00475946,0.00294055,30.1861,268442718138.0,0 2 1 4 3 8 9 10 11 5 6 7 ,0.952758,5243381
human,12,dense,70,0.124449,0.003635,0.00262132,0.124296,15993180.0,1 8 0 6 7 9 2 3 4 5 10 11 ,0.124296,81468
human,12,dense,73,7.22811,0.00650722,0.00345965,7.22791,302002666781760.0,0 1 2 7 10 11 9 3 4 5 6 8 ,7.22791,2357185
human,12,dense,74,7.53488,0.012702,0.00504468,230.326,2256697219704.0,1 0 4 10 7 8 9 2 6 3 5 11 ,5.7917,70485779
human,12,dense,77,9.37378,0.00523203,0.00317423,9.3736,94569833827.0,10 5 11 3 1 2 6 8 7 4 0 9 ,9.3736,5407994
human,12,dense,79,4.1672,0.00878522,0.00576946,117.901,21189213000.0,mixed,2.78871,25336139
human,12,dense,81,5.52801,0.00954133,0.00491198,150.675,179295418387206.0,4 11 0 1 2 3 5 7 8 9 10 6 ,4.43349,66622834
human,12,dense,83,33.1492,0.0100993,0.00390567,1008.48,106905077820.0,5 7 8 9 10 11 0 6 1 2 3 4 ,20.4021,370038644
human,12,dense,84,401.457,0.00769781,0.00298097,12833.1,473613623280.0,0 2 7 8 9 4 5 11 1 3 6 10 ,280.266,4618972036
human,12,dense,85,5.24353,0.00621257,0.00349363,159.543,107465358000.0,1 2 6 8 9 0 4 7 3 5 10 11 ,4.30349,57763521
human,12,dense,87,125.885,0.00875826,0.00633838,3991.93,166104624986.0,mixed,119.816,521550909
human,12,dense,88,1.52064,0.00867425,0.00442074,36.022,15764659082.0,8 5 0 3 1 9 6 7 2 10 11 4 ,1.23541,12785548
human,12,dense,89,30.3002,0.0122171,0.00719047,952.218,8030790967728.0,0 7 11 8 5 2 3 4 6 1 9 10 ,4.45667,132812476
human,12,dense,92,2.85827,0.0054558,0.00304478,2.85802,2896707528.0,6 0 1 2 3 4 5 7 8 9 10 11 ,2.85802,1212
human,12,dense,94,0.436139,0.00417081,0.00299031,0.76742,693650100.0,1 9 10 11 0 4 5 6 7 8 2 3 ,0.2258,225806
human,12,dense,95,18.3624,0.00719011,0.00521742,375.833,1329180209280.0,0 1 6 11 8 10 2 3 4 5 7 9 ,16.7389,192688
human,12,dense,96,34.5056,0.0108527,0.00385882,863.056,384226343856000.0,6 0 1 5 3 4 7 8 9 10 11 2 ,33.8386,216839159
human,12,dense,98,3.58953,0.00823801,0.00302618,95.9799,32262536664.0,1 8 5 0 4 2 6 7 3 9 10 11 ,2.30481,20001255
human,12,dense,99,3.42563,0.00402494,0.00285322,91.2609,16020956112.0,1 2 0 3 4 5 6 7 10 11 8 9 ,2.4606,16225838
human,12,dense,100,174.003,0.0062644,0.00445132,5286.38,2903051020.0,5 8 0 1 2 3 4 6 7 9 10 11 ,144.766,1781090618
human,12,sparse,1,0.0262833,0.00214359,0.00475522,0.0575902,299452260.0,mixed,0.0260891,35249
human,12,sparse,2,0.0156737,0.00430824,0.00263789,0.0155328,43740204.0,11 10 9 4 7 3 6 8 5 2 0 1 ,0.0155328,6319
human,12,sparse,4,0.0471775,0.00506155,0.00529948,0.0497343,353178285960.0,mixed,0.0469936,30698
human,12,sparse,6,13.5309,0.00456896,0.00303409,20.4918,148836293312.0,mixed,13.5306,491991
human,12,sparse,7,53.7585,0.00772106,0.00307686,53.7584,882290723750400.0,7 11 4 6 0 8 10 9 2 1 3 5 ,53.7584,17903453
human,12,sparse,8,19.4926,0.00698942,0.00323667,19.4923,98170110933990.0,8 9 10 4 11 2 7 5 1 6 0 3 ,19.4923,4388552
human,12,sparse,9,69.8695,0.00678943,0.00708483,71.0722,625119238161240.0,mixed,69.8692,35510361
human,12,sparse,10,668.998,0.0106638,0.0108534,721.296,962142439854336.0,mixed,668.998,258590417
human,12,sparse,11,0.0387827,0.00287217,0.00278193,0.0386673,22259835000.0,0 1 2 5 7 3 6 4 11 9 10 8 ,0.0386673,22857
human,12,sparse,16,403.529,0.00567965,0.00387146,11549.7,458111668959192.0,11 9 10 8 2 0 4 6 5 1 3 7 ,366.339,1237399
human,12,sparse,17,0.487529,0.00635125,0.00359313,2.45719,316108335272.0,10 9 11 1 8 6 5 7 2 4 0 3 ,0.248317,565834
human,12,sparse,18,150.713,0.0135525,0.0128117,4389.07,1.9790473174252056e+16,mixed,131.005,901826804
human,12,sparse,19,8.05643,0.00646355,0.00721348,242.566,10018238666410.0,mixed,2.98562,58348486
human,12,sparse,21,0.00901141,0.00314197,0.00176041,0.00878462,50887385010.0,5 7 8 11 2 0 1 3 6 9 4 10 ,0.00878462,2690
human,12,sparse,22,0.0336017,0.00372496,0.0027079,0.0333391,1574769660.0,3 5 6 0 7 9 1 2 8 11 10 4 ,0.0333391,1407
human,12,sparse,23,322.291,0.00652105,0.00655823,10054.7,1.3811150642701776e+17,mixed,237.345,15089188
human,12,sparse,24,0.707972,0.00435354,0.0106156,1.21364,157732184.0,mixed,0.707796,1023926
human,12,sparse,29,260.378,0.00683767,0.00685259,7040.13,1843000714376064.0,11 10 4 6 5 7 3 8 9 0 2 1 ,220.959,2990037
human,12,sparse,31,0.0303726,0.00341909,0.00236706,0.030204,1751877.0,7 8 9 2 5 3 10 4 11 6 0 1 ,0.030204,2567
human,12,sparse,33,0.762727,0.00316321,0.00423273,0.762566,229378464.0,7 0 4 2 6 10 3 8 5 1 9 11 ,0.762566,74902
human,12,sparse,35,0.0992336,0.00494851,0.00342419,0.09912,737935099404.0,2 0 8 3 1 9 10 5 4 11 7 6 ,0.09912,21317
human,12,sparse,40,1.86144,0.0046373,0.00229906,1.86124,75352337745594.0,7 9 10 6 8 4 11 5 3 0 1 2 ,1.86124,553058
human,12,sparse,41,0.473155,0.00475697,0.00608403,0.477335,584601022.0,mixed,0.472884,324413
human,12,sparse,48,3.39687,0.00733003,0.00716332,51.1991,1.1567352955774464e+16,mixed,3.39557,13705496
human,12,sparse,50,0.0980446,0.00206543,0.00211461,0.0978252,129595584.0,9 5 10 1 6 2 7 11 4 3 0 8 ,0.0978252,88880
human,12,sparse,51,7.81345,0.00515132,0.00627482,204.138,28576801266048.0,10 11 4 5 7 3 6 2 1 8 9 0 ,4.95357,37156405
human,12,sparse,53,28.7739,0.00473767,0.00675406,883.279,5612787969360.0,2 0 1 3 9 5 4 7 8 6 10 11 ,28.2624,108490333
human,12,sparse,54,4.67601,0.00720744,0.00565015,137.894,98727369862756.0,8 1 0 7 9 2 11 10 3 4 6 5 ,3.44446,16746672
human,12,sparse,56,0.594072,0.00244836,0.00302368,0.593814,9179127540.0,10 3 8 7 11 1 5 6 2 4 9 0 ,0.593814,522113
human,12,sparse,57,5.46906,0.00609704,0.00743264,160.548,4870724971510770.0,1 7 5 11 4 8 9 6 10 2 0 3 ,3.89582,30350280
human,12,sparse,61,1.74971,0.00384652,0.00578044,37.6467,479189458944000.0,3 8 11 10 9 4 1 6 2 0 7 5 ,0.403263,7824456
human,12,sparse,63,0.0711168,0.00417032,0.00372368,0.0708636,48278168.0,10 11 8 0 5 6 1 7 4 9 2 3 ,0.0708636,20330
human,12,sparse,65,24.452,0.0122928,0.00881021,756.128,1.6925683511962576e+16,0 10 11 3 2 9 1 6 7 4 5 8 ,9.18674,115056021
human,12,sparse,68,11.3611,0.0051876,0.00805035,328.158,17158137433276.0,mixed,10.5649,2838265
human,12,sparse,69,2.9244,0.00447636,0.0041551,80.6376,22683704599296.0,0 4 2 1 3 8 10 11 9 6 5 7 ,1.87262,15570732
human,12,sparse,70,13.0845,0.00450436,0.00238532,13.0842,53153278080.0,1 0 9 8 3 6 4 2 5 10 11 7 ,13.0842,280460
human,12,sparse,71,26.8039,0.0148931,0.0204633,799.087,5.12995527000767e+18,2 1 0 3 11 9 8 10 5 6 7 4 ,22.8174,59158760
human,12,sparse,74,1.15785,0.00786836,0.00661286,20.6567,90639975904620.0,1 0 4 9 7 8 6 2 5 3 10 11 ,0.78127,2892328
human,12,sparse,75,1.17358,0.00685483,0.00577423,16.5364,9702395909902080.0,0 1 4 3 2 5 8 6 7 9 10 11 ,0.43139,1889497
human,12,sparse,77,1.69667,0.00489822,0.00446556,1.69648,14692539806784.0,10 5 11 1 8 6 4 3 2 0 9 7 ,1.69648,727566
human,12,sparse,78,100.452,0.0129713,0.0146543,3179.67,1.2891789695930314e+16,mixed,98.7424,1399815525
human,12,sparse,80,5.59733,0.00752701,0.00365498,5.59707,1684825992960.0,0 1 2 11 9 3 4 8 5 7 6 10 ,5.59707,1397005
human,12,sparse,81,12.6063,0.0066541,0.00744833,385.164,1.015700400749407e+17,4 11 2 0 3 5 1 7 8 10 6 9 ,11.8552,44117876
human,12,sparse,82,134.938,0.0132639,0.0209773,3947.81,1.696629097257268e+16,1 8 5 9 10 2 4 0 11 3 7 6 ,100.575,786802129
human,12,sparse,83,3.65948,0.00663394,0.00999444,101.597,268209330120288.0,5 11 4 6 0 9 10 1 3 8 7 2 ,2.11686,14856256
human,12,sparse,84,13.8756,0.00562047,0.00646148,425.225,4927068503093816.0,7 9 8 2 3 0 4 10 5 11 1 6 ,10.7248,131855881
human,12,sparse,85,5.00913,0.00399543,0.0060666,131.329,699658777995750.0,2 1 9 8 6 0 7 3 4 10 11 5 ,3.39538,39588980
human,12,sparse,86,315.266,0.00640338,0.00688276,9968.8,3971906021809152.0,11 5 3 1 0 2 7 10 9 8 6 4 ,271.917,1545487778
human,12,sparse,87,268.568,0.00960084,0.00844008,8250.84,73188612952348.0,mixed,258.318,23140871
human,12,sparse,88,0.369714,0.00624114,0.00477201,0.369535,2203143214516.0,8 0 5 3 9 1 2 10 6 7 11 4 ,0.369535,262143
human,12,sparse,94,0.46794,0.00444722,0.00336374,0.467704,46606181245920.0,1 0 10 11 5 4 8 9 7 6 3 2 ,0.467704,187007
human,12,sparse,98,6.37597,0.00861666,0.0109898,6.77203,31927292400808.0,mixed,6.37573,1626524
human,12,sparse,99,9.32363,0.00374666,0.00499645,106.801,4971832124256.0,1 4 3 0 7 6 2 10 11 5 8 9 ,7.10343,462473
