dataset,query_size,query_mode,query_index,elapsed_execution_time,filter_time,plan_time,enumerate_time,n_embeddings,order,max_task_time,n_intersections
human,12,dense,1,0.0207037,0.00273983,0.00500097,0.0252231,4151727.0,mixed,0.0205387,15886
human,12,dense,2,0.0370926,0.00330268,0.00215052,0.0368674,1013850.0,4 7 11 3 10 9 5 6 8 2 0 1 ,0.0368674,18238
human,12,dense,4,0.457435,0.00422307,0.00216031,1.56355,896269400.0,9 11 7 8 3 4 0 5 1 6 2 10 ,0.239772,636462
human,12,dense,6,1.44575,0.00356293,0.00159357,1.44564,8365405440.0,4 0 3 7 8 2 5 9 10 6 11 1 ,1.44564,1152703
human,12,dense,7,10.1977,0.00930957,0.00199727,308.882,73627387646400.0,10 6 7 8 11 9 4 0 1 2 3 5 ,9.44792,33102237
human,12,dense,8,455.98,0.00811282,0.00198235,13041.5,168950576988.0,8 9 10 11 4 5 1 6 0 2 3 7 ,447.4,2944390464
human,12,dense,9,26.3803,0.00942007,0.00524975,823.569,900983387220.0,mixed,20.3674,149030964
human,12,dense,10,1404.47,0.0143052,0.00365436,44908.9,32075152044744.0,mixed,1399.45,5882053722
human,12,dense,11,0.0435074,0.00240791,0.00195373,0.0433963,246673570.0,0 1 5 3 9 10 11 6 7 4 2 8 ,0.0433963,44108
human,12,dense,13,391.322,0.00972655,0.00244499,391.321,478378306532896.0,5 6 7 8 9 10 3 11 0 1 2 4 ,391.321,61840078
human,12,dense,16,1226.71,0.00910411,0.0024814,39155.1,4724355992762.0,11 8 9 10 2 0 4 3 5 6 7 1 ,461.727,11901643504
human,12,dense,17,0.262425,0.00596141,0.00217708,0.30531,8682303144.0,5 9 10 11 1 8 0 6 7 2 3 4 ,0.253374,64237
human,12,dense,18,1620.77,0.0189054,0.0060167,51845.4,13855236127553.0,mixed,1573.55,8429966886
human,12,dense,19,5.00436,0.00719818,0.00196607,132.13,11780450160.0,9 1 10 2 5 0 3 4 8 6 7 11 ,3.31254,57656763
human,12,dense,20,199.266,0.00686609,0.00202754,6328.16,32332743212.0,3 0 1 2 4 5 6 7 8 9 10 11 ,150.257,3580869070
human,12,dense,21,0.0022532,0.00307518,0.00259797,0.00326047,4081128786.0,mixed,0.00213637,940
human,12,dense,22,0.00113852,0.0027354,0.00230799,0.000990112,1202652.0,3 4 8 9 0 6 5 2 7 1 11 10 ,0.000990112,306
human,12,dense,24,0.397618,0.00380891,0.00533672,1.05221,4485288.0,mixed,0.397453,918434
human,12,dense,25,122.271,0.0112237,0.00194197,3885.56,58247022202.0,9 0 2 10 8 1 3 4 5 6 7 11 ,115.149,1218782792
human,12,dense,27,6.75877,0.0376766,0.0144777,199.205,71470593.0,mixed,3.51925,107883953
human,12,dense,29,649.789,0.00766401,0.00222755,20772.5,299469119040.0,11 5 3 4 6 7 8 9 10 0 2 1 ,530.005,4194504647
human,12,dense,31,0.00364426,0.00362435,0.00194673,0.00353419,99468.0,7 8 9 2 5 3 4 0 10 11 6 1 ,0.00353419,1595
human,12,dense,32,52.0626,0.00709049,0.00222839,980.841,64173315407040.0,2 0 1 6 10 11 3 4 5 7 8 9 ,47.0639,89222
human,12,dense,33,0.00278489,0.00321225,0.00214681,0.00262716,2908.0,7 0 10 1 2 3 4 5 6 8 9 11 ,0.00262716,3084
human,12,dense,35,1.06553,0.00819462,0.00203136,17.102,3428970834.0,2 3 1 8 0 9 10 4 5 11 6 7 ,0.778811,2246916
human,12,dense,36,68.6169,0.00567533,0.00187108,68.6166,11149580442.0,0 1 2 3 4 5 6 7 8 9 10 11 ,68.6166,294
human,12,dense,39,90.4625,0.00687168,0.00363526,152.998,7677623825.0,mixed,90.4622,53963742
human,12,dense,40,20.3655,0.00610058,0.00235994,626.345,352082999268.0,11 2 3 0 1 10 6 7 8 4 5 9 ,17.815,160041301
human,12,dense,41,0.0133021,0.00272737,0.0021712,0.0131438,225680.0,3 5 6 0 4 9 10 8 11 1 2 7 ,0.0131438,18047
human,12,dense,42,234.521,0.0110277,0.00376458,6784.43,2026271721090.0,mixed,197.347,2188969200
human,12,dense,46,8.76575,0.00410852,0.0019493,98.7368,48304154112.0,5 11 0 1 2 4 3 6 7 8 9 10 ,5.04926,116472
human,12,dense,48,13.2842,0.0118931,0.00450642,277.842,24104050963060.0,mixed,3.67741,55882811
human,12,dense,50,0.00357389,0.00228667,0.00218265,0.00345843,93150.0,9 10 5 0 4 11 7 1 6 2 3 8 ,0.00345843,2938
human,12,dense,51,8.25014,0.00675942,0.00296488,248.801,238188951000.0,9 0 3 5 7 2 10 11 4 6 1 8 ,3.65698,93378870
human,12,dense,52,25.5665,0.00857011,0.00271929,757.31,430253441087.0,6 10 11 0 9 2 3 4 1 5 7 8 ,15.534,8529956
human,12,dense,53,9.94083,0.00491111,0.0026143,301.738,106807296960.0,3 1 0 2 6 5 4 7 9 10 8 11 ,4.41225,77811704
human,12,dense,54,0.853899,0.00813471,0.00237726,10.2526,49489667460.0,0 8 1 2 11 3 4 5 6 7 9 10 ,0.610618,3615740
human,12,dense,56,0.100813,0.0028974,0.00197909,0.100658,7514100.0,11 10 3 6 7 9 1 2 4 5 8 0 ,0.100658,58772
human,12,dense,59,424.927,0.00482356,0.00200962,490.439,517538032000.0,11 5 1 2 3 4 0 6 7 8 9 10 ,424.927,17155
human,12,dense,61,56.5678,0.00494183,0.00213275,1794.07,469112280000.0,3 5 6 8 9 10 11 1 4 2 0 7 ,25.362,503088902
human,12,dense,63,0.0214967,0.0029818,0.00193067,0.021348,158752.0,0 6 7 1 2 5 3 4 8 10 11 9 ,0.021348,31835
human,12,dense,68,4.38494,0.00447263,0.00522548,122.036,172160568270.0,mixed,2.73528,30645554
human,12,dense,69,1.49098,0.00460141,0.00222446,30.1439,268442718138.0,0 2 1 4 3 8 9 10 11 5 6 7 ,1.07571,5243381
human,12,dense,70,0.117102,0.00415476,0.00216128,0.116827,15993180.0,1 8 0 6 7 9 2 3 4 5 10 11 ,0.116827,81468
human,12,dense,73,6.77298,0.00664229,0.00270253,6.77268,302002666781760.0,0 1 2 7 10 11 9 3 4 5 6 8 ,6.77268,2211382
human,12,dense,74,7.73637,0.0120182,0.00147107,231.981,2256697219704.0,1 0 4 10 7 8 9 2 6 3 5 11 ,3.42436,70485611
human,12,dense,77,0.637782,0.00582291,0.00192995,6.18753,94569833827.0,10 5 11 3 1 2 6 8 7 4 0 9 ,0.415558,1615975
human,12,dense,79,4.17489,0.00926143,0.00404017,109.37,21189213000.0,mixed,2.88625,23500580
human,12,dense,80,66.1478,0.0115816,0.00230039,2001.66,344935386312.0,0 1 2 11 9 3 8 4 5 6 7 10 ,65.0065,330054602
human,12,dense,81,5.83037,0.00909586,0.00303903,141.552,179295418387206.0,4 11 0 1 2 3 5 7 8 9 10 6 ,3.51659,62113433
human,12,dense,83,33.2151,0.0102166,0.00186938,1009.44,106905077820.0,5 7 8 9 10 11 0 6 1 2 3 4 ,25.2035,367814265
human,12,dense,84,292.751,0.00804786,0.00181834,9352.92,473613623280.0,0 2 7 8 9 4 5 11 1 3 6 10 ,248.493,3031692551
human,12,dense,85,5.30306,0.00585733,0.00218167,142.253,107465358000.0,1 2 6 8 9 0 4 7 3 5 10 11 ,3.24372,54349566
human,12,dense,87,124.973,0.00956765,0.00460958,3897.12,166104624986.0,mixed,118.288,519711449
human,12,dense,88,1.58869,0.00734731,0.00217987,35.4322,15764659082.0,8 5 0 3 1 9 6 7 2 10 11 4 ,0.943898,12445876
human,12,dense,89,30.1584,0.0117022,0.00223579,949.589,8030790967728.0,0 7 11 8 5 2 3 4 6 1 9 10 ,4.43175,132812476
human,12,dense,92,2.89472,0.00530055,0.00193334,2.89449,2896707528.0,6 0 1 2 3 4 5 7 8 9 10 11 ,2.89449,1212
human,12,dense,94,0.43294,0.00416583,0.00210278,0.607352,693650100.0,1 9 10 11 0 4 5 6 7 8 2 3 ,0.209267,225806
human,12,dense,95,176.728,0.00729667,0.00305417,176.728,1329180209280.0,0 1 6 11 8 10 2 3 4 5 7 9 ,176.728,192688
human,12,dense,96,35.701,0.00997805,0.00162924,1129.9,384226343856000.0,6 0 1 5 3 4 7 8 9 10 11 2 ,29.6483,292830490
human,12,dense,98,3.64578,0.00796711,0.00179768,97.6106,32262536664.0,1 8 5 0 4 2 6 7 3 9 10 11 ,2.21763,20355709
human,12,dense,99,3.37772,0.00406401,0.00211975,91.7488,16020956112.0,1 2 0 3 4 5 6 7 10 11 8 9 ,2.67063,19815260
human,12,dense,100,211.75,0.00623617,0.0020794,6148.97,2903051020.0,5 8 0 1 2 3 4 6 7 9 10 11 ,145.306,2607742315
human,12,sparse,1,0.026745,0.00278506,0.00391936,0.057551,299452260.0,mixed,0.0265527,34340
human,12,sparse,2,0.016456,0.0038542,0.00213889,0.0162416,43740204.0,11 10 9 4 7 3 6 8 5 2 0 1 ,0.0162416,5366
human,12,sparse,4,0.0253206,0.00486274,0.00415641,0.0275732,353178285960.0,mixed,0.0251102,17938
human,12,sparse,6,13.2309,0.0035672,0.00267146,15.1032,148836293312.0,mixed,13.2306,1430407
human,12,sparse,7,3.44353,0.0076827,0.00192522,92.8159,882290723750400.0,7 11 4 6 0 8 10 9 2 1 3 5 ,1.5985,17903453
human,12,sparse,8,19.6016,0.00626859,0.00216488,19.6014,98170110933990.0,8 9 10 4 11 2 7 5 1 6 0 3 ,19.6014,4388576
human,12,sparse,9,0.783736,0.00683509,0.00417549,2.1378,625119238161240.0,mixed,0.783546,870992
human,12,sparse,10,6.27002,0.0113504,0.00439541,180.936,962142439854336.0,mixed,2.33512,29713087
human,12,sparse,11,0.0354466,0.00276186,0.00214657,0.0352852,22259835000.0,0 1 2 5 7 3 6 4 11 9 10 8 ,0.0352852,22857
human,12,sparse,16,402.641,0.00558549,0.00286198,11631.3,458111668959192.0,11 9 10 8 2 0 4 6 5 1 3 7 ,365.29,1237403
human,12,sparse,17,0.525193,0.0053549,0.00204082,3.15043,316108335272.0,10 9 11 1 8 6 5 7 2 4 0 3 ,0.304048,557579
human,12,sparse,18,42.6454,0.0127306,0.00650443,1221.32,1.9790473174252056e+16,mixed,33.4699,218841949
human,12,sparse,19,8.02853,0.00629913,0.00504415,235.764,10018238666410.0,mixed,2.41739,58290433
human,12,sparse,21,0.0086731,0.00336988,0.00163983,0.00850194,50887385010.0,5 7 8 11 2 0 1 3 6 9 4 10 ,0.00850194,2690
human,12,sparse,22,0.0338106,0.00361037,0.00222423,0.0336246,1574769660.0,3 5 6 0 7 9 1 2 8 11 10 4 ,0.0336246,1225
human,12,sparse,23,324.509,0.00747353,0.00488665,10260.2,1.3811150642701776e+17,mixed,323.221,14804158
human,12,sparse,24,1.36419,0.00422469,0.00763278,1.7793,155297436.0,mixed,1.36389,1145745
human,12,sparse,29,283.751,0.00681117,0.005307,7090.36,1843000714376064.0,11 10 4 6 5 7 3 8 9 0 2 1 ,220.672,2990037
human,12,sparse,31,0.0041913,0.00335301,0.00209989,0.00403692,1751877.0,7 8 9 2 5 3 10 4 11 6 0 1 ,0.00403692,286
human,12,sparse,33,0.285909,0.00349445,0.00364739,0.285698,229378464.0,7 0 4 2 6 10 3 8 5 1 9 11 ,0.285698,58422
human,12,sparse,35,0.0943474,0.00600191,0.00219466,0.0940693,737935099404.0,2 0 8 3 1 9 10 5 4 11 7 6 ,0.0940693,21028
human,12,sparse,39,21.0857,0.00642864,0.00221906,630.362,1875723387144.0,11 6 0 9 10 2 8 7 5 4 1 3 ,20.6368,11651256
human,12,sparse,40,1.7783,0.00458362,0.00181256,1.77809,75352337745594.0,7 9 10 6 8 4 11 5 3 0 1 2 ,1.77809,553058
human,12,sparse,41,0.431636,0.00455875,0.00459914,0.981814,584601022.0,mixed,0.21581,378263
human,12,sparse,42,24.9677,0.00901685,0.00586756,757.057,3882650056883170.0,mixed,19.8538,172251715
human,12,sparse,48,1.8915,0.00795253,0.00401272,43.2908,1.1567352955774464e+16,mixed,1.28153,12187467
human,12,sparse,50,0.0825313,0.00205925,0.00186163,0.0824281,129595584.0,9 5 10 1 6 2 7 11 4 3 0 8 ,0.0824281,88880
human,12,sparse,51,7.79224,0.00517134,0.00361812,221.247,28576801266048.0,10 11 4 5 7 3 6 2 1 8 9 0 ,6.62211,40544700
human,12,sparse,54,5.35558,0.00820359,0.00420616,156.739,98727369862756.0,8 1 0 7 9 2 11 10 3 4 6 5 ,4.89835,20175407
human,12,sparse,56,0.442523,0.00217385,0.00256365,1.18442,9179127540.0,10 3 8 7 11 1 5 6 2 4 9 0 ,0.213223,522113
human,12,sparse,57,5.73909,0.00594415,0.00433462,163.959,4870724971510770.0,1 7 5 11 4 8 9 6 10 2 0 3 ,3.75041,30350280
human,12,sparse,58,456.249,0.0141904,0.00366783,14582.3,7.747757972114684e+17,2 9 0 7 4 5 10 3 8 1 6 11 ,337.764,1579301757
human,12,sparse,61,1.51495,0.00386973,0.0037937,34.4711,479189458944000.0,3 8 11 10 9 4 1 6 2 0 7 5 ,0.695851,7516486
human,12,sparse,63,0.0743423,0.00378083,0.00286148,0.0742404,48278168.0,10 11 8 0 5 6 1 7 4 9 2 3 ,0.0742404,20330
human,12,sparse,65,24.2992,0.0105403,0.00313621,740.235,1.6925683511962576e+16,0 10 11 3 2 9 1 6 7 4 5 8 ,8.6669,113679811
human,12,sparse,68,11.3393,0.0053115,0.00606828,328.716,17158137433864.0,mixed,10.1053,2838503
human,12,sparse,69,2.9105,0.00416069,0.0027232,79.2477,22683704599296.0,0 4 2 1 3 8 10 11 9 6 5 7 ,2.07396,15437432
human,12,sparse,70,11.327,0.00459587,0.00183617,11.3268,53153278080.0,1 0 9 8 3 6 4 2 5 10 11 7 ,11.3268,249298
human,12,sparse,71,26.92,0.0147956,0.0058063,815.508,5.12995527000767e+18,2 1 0 3 11 9 8 10 5 6 7 4 ,26.3554,60202913
human,12,sparse,73,0.441605,0.00572105,0.00269554,0.969602,8088324639212160.0,0 2 1 9 11 7 4 3 5 10 8 6 ,0.224996,117369
human,12,sparse,74,1.16444,0.00746222,0.00273852,21.013,90639975904620.0,1 0 4 9 7 8 6 2 5 3 10 11 ,0.744263,2892142
human,12,sparse,75,1.09153,0.00657147,0.00346664,15.7642,9702395909902080.0,0 1 4 3 2 5 8 6 7 9 10 11 ,0.615398,1889497
human,12,sparse,77,0.669367,0.00520035,0.00338227,3.22003,14692539806784.0,10 5 11 1 8 6 4 3 2 0 9 7 ,0.266936,727566
human,12,sparse,78,100.421,0.0124143,0.00577873,3176.59,1.2891789695930314e+16,mixed,84.943,1399815525
human,12,sparse,81,12.6938,0.00691594,0.0051081,365.425,1.015700400749407e+17,4 11 2 0 3 5 1 7 8 10 6 9 ,12.0807,41940058
human,12,sparse,82,134.46,0.0125178,0.0032222,3649.85,1.696629097257268e+16,1 8 5 9 10 2 4 0 11 3 7 6 ,100.127,737484042
human,12,sparse,83,3.73243,0.00739308,0.00306727,100.998,268209330120288.0,5 11 4 6 0 9 10 1 3 8 7 2 ,1.20781,14856256
human,12,sparse,84,10.8945,0.00534211,0.00356482,330.126,4927068503093816.0,7 9 8 2 3 0 4 10 5 11 1 6 ,4.67227,82436748
human,12,sparse,85,4.953,0.00419665,0.00439998,137.476,699658777995750.0,2 1 9 8 6 0 7 3 4 10 11 5 ,4.16183,42540665
human,12,sparse,86,89.169,0.00689957,0.00251136,2350.5,3971906021809152.0,11 5 3 1 0 2 7 10 9 8 6 4 ,85.8295,331463917
human,12,sparse,87,266.645,0.00858965,0.00496119,8388.26,73188612952348.0,mixed,261.847,22529131
human,12,sparse,88,0.45748,0.00528779,0.00294329,1.27232,2203143214516.0,8 0 5 3 9 1 2 10 6 7 11 4 ,0.243746,307669
human,12,sparse,94,0.472226,0.00464628,0.0023964,0.472015,46606181245920.0,1 0 10 11 5 4 8 9 7 6 3 2 ,0.472015,187007
human,12,sparse,95,1.16346,0.00543576,0.00251189,23.0248,518957787503232.0,0 3 6 11 8 1 2 4 10 5 7 9 ,0.775441,2317777
human,12,sparse,98,0.853853,0.00921082,0.00611565,12.275,31927292400808.0,mixed,0.291901,1626524
human,12,sparse,99,7.03657,0.00383251,0.00407399,109.752,4971832124256.0,1 4 3 0 7 6 2 10 11 5 8 9 ,4.70416,462473
