dataset,query_size,query_mode,query_index,elapsed_execution_time,filter_time,plan_time,enumerate_time,n_embeddings,order,max_task_time,n_intersections
youtube2007,12,dense,3,4.09512,0.228647,0.0428793,80.3324,11404505557,mixed,1.80775,37372830
youtube2007,12,dense,4,0.476885,0.119197,0.0113725,0.982315,55120515,mixed,0.417556,353026
youtube2007,12,dense,6,33.4384,0.418033,0.14664,852.116,278457777990,mixed,19.9756,241765476
youtube2007,12,dense,7,2.96751,0.15783,0.0211627,74.1219,2545912333,mixed,2.03835,47995089
youtube2007,12,dense,9,0.448794,0.138318,0.0166425,3.34758,19129765,mixed,0.408021,2204660
youtube2007,12,dense,10,0.165604,0.204933,0.0192088,0.458886,123680567,mixed,0.163603,350076
youtube2007,12,dense,11,241.366,0.448265,0.0717328,6764.31,6883089195451,mixed,162.358,78057263
youtube2007,12,dense,14,0.00114885,0.105779,0.00205634,0.000998225,19773,5 3 2 8 6 7 9 1 0 4 10 11 ,0.000998225,508
youtube2007,12,dense,15,0.00814116,0.0710316,0.00474661,0.00877299,1900800,mixed,0.00795473,6029
youtube2007,12,dense,18,3.01124,0.182056,0.0187071,59.6973,11585127534,mixed,1.39576,10055414
youtube2007,12,dense,20,140.683,0.167894,0.0388284,3570.89,2014335185181,mixed,91.2367,1373520005
youtube2007,12,dense,22,0.000930771,0.110302,0.00168824,0.000570001,90,10 9 3 6 7 8 5 1 0 4 11 2 ,0.000570001,50
youtube2007,12,dense,24,0.618074,0.0922479,0.0148397,1.92169,32987174,mixed,0.406773,961430
youtube2007,12,dense,27,0.00116237,0.108164,0.00239242,0.000930973,600,1 4 5 6 7 2 9 8 0 3 10 11 ,0.000930973,297
youtube2007,12,dense,28,0.261701,0.118882,0.0111934,0.518536,3860614,mixed,0.211375,403231
youtube2007,12,dense,29,0.00244617,0.123299,0.00585209,0.00420512,810,mixed,0.00228198,2296
youtube2007,12,dense,30,0.760058,0.182864,0.0183172,2.13169,18957101,mixed,0.431486,610698
youtube2007,12,dense,32,0.000756118,0.106438,0.00201153,0.000580551,108,1 3 5 2 4 8 9 0 7 6 10 11 ,0.000580551,55
youtube2007,12,dense,33,119.201,0.133081,0.0333874,3628.23,239406878031,mixed,108.787,17367624
youtube2007,12,dense,34,58.6603,0.0896826,0.0241682,1761.68,103755408943,mixed,12.8523,767648571
youtube2007,12,dense,36,2.56958,0.334266,0.07236,60.03,15614261899,mixed,1.92231,27856696
youtube2007,12,dense,38,75.5831,0.132592,0.0768737,2029.78,867952961133,mixed,69.603,1429264151
youtube2007,12,dense,39,3.6154,0.101071,0.0468866,96.8959,1970419516,mixed,1.85159,13448283
youtube2007,12,dense,40,2.47545,0.161575,0.0472985,53.77,85671788390,mixed,2.12091,32593837
youtube2007,12,dense,42,44.7557,0.507076,0.129624,1141.36,264913885484,mixed,20.9834,532772087
youtube2007,12,dense,47,0.156632,0.148358,0.0166935,0.220878,31755754,mixed,0.154668,176461
youtube2007,12,dense,48,21.6806,0.163855,0.0787241,594.701,157454094524,mixed,11.9103,236122683
youtube2007,12,dense,51,0.143661,0.162712,0.0133299,0.226616,110609,mixed,0.14311,198889
youtube2007,12,dense,52,0.00938122,0.185122,0.0108025,0.0270482,6081,mixed,0.00870842,23208
youtube2007,12,dense,53,238.416,0.162261,0.111402,7336.48,9204090830327,mixed,95.5759,3665816115
youtube2007,12,dense,54,2.37151,0.208297,0.0544338,56.7066,9811535971,mixed,1.38222,23421747
youtube2007,12,dense,56,0.913715,0.141213,0.0654422,16.745,509545688124,mixed,0.748928,6145704
youtube2007,12,dense,58,118.398,0.209388,0.183745,3346.37,64389808277,mixed,105.837,1681432387
youtube2007,12,dense,61,28.8522,0.232405,0.0370591,798.059,64893882097,mixed,21.04,45615181
youtube2007,12,dense,62,0.983847,0.115654,0.0138536,17.145,1416231241267,mixed,0.597173,8046810
youtube2007,12,dense,66,0.00898371,0.0813256,0.00409119,0.00880978,1030477,mixed,0.00880328,3214
youtube2007,12,dense,67,0.0677657,0.162923,0.0176518,0.0863437,190052,mixed,0.0673977,104717
youtube2007,12,dense,68,0.624553,0.155257,0.0226329,2.37039,41163873,mixed,0.40746,1421070
youtube2007,12,dense,69,4.03109,0.189219,0.0256928,91.6209,4159957634,mixed,2.61191,56809808
youtube2007,12,dense,72,0.136892,0.120577,0.0125517,0.196313,2931261,mixed,0.136014,203283
youtube2007,12,dense,75,3.0769,0.235794,0.0559332,68.845,364484990,mixed,1.0597,53289101
youtube2007,12,dense,82,0.2385,0.143771,0.0143093,0.542744,116266260,mixed,0.205018,639243
youtube2007,12,dense,87,12.5976,0.108527,0.0256935,357.528,613207489181,mixed,5.03102,137871547
youtube2007,12,dense,88,6.00385,0.190994,0.0094521,124.811,6592303776,mixed,3.12936,8640034
youtube2007,12,dense,89,0.0427997,0.0966358,0.0137456,0.0648043,371898,mixed,0.0422881,94592
youtube2007,12,dense,90,0.0424519,0.15275,0.0140971,0.0776331,4149928,mixed,0.0417968,79380
youtube2007,12,dense,93,16.9503,0.166775,0.0304583,475.505,46894768211,mixed,10.3522,357482364
youtube2007,12,dense,98,64.5216,0.493056,0.280928,1697.87,122423397072,mixed,60.4675,440615784
youtube2007,12,dense,100,0.00365064,0.103459,0.00199327,0.00338827,181344,3 10 4 5 6 1 2 0 8 7 11 9 ,0.00338827,3985
youtube2007,12,sparse,1,0.0530429,0.149516,0.0192429,0.121803,13714975,mixed,0.0514996,110835
youtube2007,12,sparse,2,199.749,0.467059,0.0760217,5096.68,158482373756719,mixed,166.458,1458555754
youtube2007,12,sparse,3,0.879165,0.142252,0.0452644,15.1888,2460235982,mixed,0.718904,4450301
youtube2007,12,sparse,4,0.000623836,0.0870309,0.00190866,0.000509277,0,4 3 1 7 11 6 2 0 5 10 9 8 ,0.000509277,3
youtube2007,12,sparse,7,29.8188,0.318781,0.309321,811.017,975295834234,mixed,23.5999,246261490
youtube2007,12,sparse,8,9.15601,0.246529,0.121911,272.504,13557552905479,mixed,7.82255,100305035
youtube2007,12,sparse,9,0.0438686,0.177548,0.0198183,0.0911327,3328210,mixed,0.0381783,91900
youtube2007,12,sparse,10,0.0447617,0.164003,0.0167183,0.0952166,4526967,mixed,0.0442356,134367
youtube2007,12,sparse,11,0.0674191,0.0481148,0.00472795,0.0700432,2570400,mixed,0.0672447,104153
youtube2007,12,sparse,14,0.00308006,0.132829,0.0084748,0.00957556,93744,mixed,0.00291808,1514
youtube2007,12,sparse,18,0.0515977,0.192009,0.0199955,0.122311,4450907,mixed,0.0500446,88458
youtube2007,12,sparse,20,4.46268,0.418586,0.159202,119.698,72397121361,mixed,2.50105,39929319
youtube2007,12,sparse,22,0.331279,0.0718353,0.00346812,0.359355,75889924,7 0 2 1 5 4 3 8 10 9 6 11 ,0.218925,170534
youtube2007,12,sparse,25,0.280526,0.152249,0.0336572,1.0586,66315571,mixed,0.274207,592155
youtube2007,12,sparse,26,0.0443589,0.121312,0.0160141,0.0794838,2039836,mixed,0.0439729,69108
youtube2007,12,sparse,27,0.00186596,0.0890631,0.00720575,0.00554261,1664,mixed,0.00169931,789
youtube2007,12,sparse,29,0.00189124,0.0895751,0.00347568,0.00219956,372064,mixed,0.00145083,732
youtube2007,12,sparse,32,10.101,0.109081,0.00755368,10.2255,1127664096,mixed,10.1009,26249
youtube2007,12,sparse,35,0.391215,0.12461,0.0252442,2.62429,31139202,mixed,0.295168,814542
youtube2007,12,sparse,36,13.7725,0.196575,0.0669006,358.493,284959837902,mixed,8.37659,137402640
youtube2007,12,sparse,37,18.3817,0.179814,0.0836991,458.432,46850394612,mixed,14.8265,216295587
youtube2007,12,sparse,40,3.25046,0.184976,0.0567218,81.9143,10514324563,mixed,2.25036,41157498
youtube2007,12,sparse,41,10.5594,0.15232,0.112915,264.72,118890186178,mixed,8.33812,22219605
youtube2007,12,sparse,43,0.00245117,0.0720162,0.00347686,0.00291587,208352,mixed,0.00204679,1346
youtube2007,12,sparse,44,0.00125938,0.107037,0.00388696,0.00178836,2,mixed,0.000897576,88
youtube2007,12,sparse,45,93.8534,0.313606,0.106736,2917.16,240755337509,mixed,71.5834,145572446
youtube2007,12,sparse,48,3.68228,0.188226,0.0594014,44.8564,5248796411,mixed,1.1531,3438901
youtube2007,12,sparse,52,1.24592,0.295081,0.0755995,18.4548,1419130295,mixed,0.493974,8087286
youtube2007,12,sparse,54,0.67619,0.269562,0.0803562,13.1727,669952142,mixed,0.397545,4292528
youtube2007,12,sparse,59,15.3017,0.438388,0.124509,390.268,762815377418,mixed,5.75604,147270233
youtube2007,12,sparse,62,1.42467,0.177325,0.0806715,26.5325,189506383429,mixed,0.762065,14120437
youtube2007,12,sparse,63,233.42,0.52504,0.423776,7290.33,386503894921,mixed,208.145,3164154054
youtube2007,12,sparse,65,64.3401,0.424631,0.412477,1632.7,144176551129,mixed,43.4901,555252111
youtube2007,12,sparse,66,0.1291,0.0621543,0.0100707,0.189776,13459718,mixed,0.128773,184983
youtube2007,12,sparse,70,10.5749,0.343902,0.222776,313.598,29555453878,mixed,8.24996,104702411
youtube2007,12,sparse,72,27.0969,0.092908,0.0556403,681.494,94862458453,mixed,22.3107,126081352
youtube2007,12,sparse,74,0.741869,0.0835841,0.00883385,5.34122,15737177656,mixed,0.316908,1724511
youtube2007,12,sparse,76,335.961,0.192816,0.0573046,10389.7,723379700777,mixed,215.988,3724697264
youtube2007,12,sparse,79,16.5885,0.0746909,0.0377727,430.346,37690482509,mixed,5.19732,32444158
youtube2007,12,sparse,80,204.946,0.25341,0.225862,4767.78,30094985052585,mixed,109.281,1156670584
youtube2007,12,sparse,82,1.93512,0.250007,0.0661937,37.0207,22165352608,mixed,1.35462,12091903
youtube2007,12,sparse,83,38.343,0.27978,0.261985,936.101,85581877827,mixed,32.5886,282944251
youtube2007,12,sparse,85,0.285275,0.116306,0.0185576,0.803172,817317851,mixed,0.225283,223947
youtube2007,12,sparse,88,0.105802,0.0860057,0.0139432,0.115071,15820437,mixed,0.105525,86960
youtube2007,12,sparse,90,228.762,0.0863174,0.0301208,5873.44,705804569530,mixed,173.527,197562422
youtube2007,12,sparse,93,0.395965,0.28242,0.0671573,3.85207,334168173815,mixed,0.323692,942330
youtube2007,12,sparse,94,0.426857,0.244916,0.0239115,1.81085,26651084,mixed,0.219109,1042025
youtube2007,12,sparse,100,0.727554,0.188481,0.0290826,6.25095,294240712,mixed,0.406012,3464179
