dataset,query_size,query_mode,query_index,elapsed_execution_time,filter_time,plan_time,enumerate_time,n_embeddings,order,max_task_time,n_intersections
human,12,dense,1,0.0127639,0.00128503,0.00199697,0.0126593,4151727,1 0 4 3 8 6 7 5 2 9 10 11 ,0.0126593,13105
human,12,dense,2,0.035625,0.00123792,0.00206364,0.035393,1013850,3 7 4 11 10 9 5 6 8 2 0 1 ,0.035393,18477
human,12,dense,4,0.441514,0.00118628,0.00212234,1.20941,896269400,3 9 7 11 4 1 8 0 5 6 2 10 ,0.215142,634293
human,12,dense,6,0.285749,0.00118877,0.00234119,0.285609,8365405440,2 0 1 5 10 3 4 6 7 8 9 11 ,0.285609,89270
human,12,dense,7,228.351,0.0013017,0.00276865,228.351,73627387646400,4 0 7 1 2 3 5 6 10 11 8 9 ,228.351,135844526
human,12,dense,8,414.316,0.00124,0.00217991,12639.6,168950576988,4 5 9 8 10 11 1 6 0 2 3 7 ,366.483,3139107001
human,12,dense,9,14.7628,0.00122836,0.00254374,382.628,900983387220,3 5 9 8 10 0 1 2 4 6 7 11 ,12.7797,174310289
human,12,dense,11,0.0681044,0.00121915,0.00245654,0.0678807,246673570,3 6 5 10 11 7 4 0 2 9 8 1 ,0.0678807,91344
human,12,dense,13,0.0716674,0.00141278,0.00267247,0.0714285,0,3 11 1 0 2 4 9 10 8 5 6 7 ,0.0714285,44286
human,12,dense,17,0.255346,0.00108863,0.00238319,0.332644,8682303144,1 5 10 9 8 0 6 7 2 3 4 11 ,0.244391,123525
human,12,dense,19,4.54955,0.00126604,0.00222789,94.64,11780450160,1 9 10 5 0 3 4 8 6 7 2 11 ,1.9574,30102877
human,12,dense,20,198.07,0.00106826,0.00233172,6318.09,32332743212,3 0 1 2 4 5 6 7 8 9 10 11 ,146.777,3594739304
human,12,dense,21,0.00167953,0.00124384,0.00201661,0.00280962,4081128786,2 5 1 3 9 8 0 4 7 11 6 10 ,0.0015848,692
human,12,dense,22,0.00142917,0.00125054,0.00205567,0.00130293,1202652,3 4 9 0 6 5 7 1 2 8 11 10 ,0.00130293,483
human,12,dense,24,0.0227785,0.00126308,0.00256378,0.031301,4485288,0 2 1 7 6 4 5 8 3 11 10 9 ,0.0225413,23421
human,12,dense,25,120.151,0.0011676,0.00211875,3758.65,58247022202,0 2 9 10 8 1 3 4 5 6 7 11 ,71.969,1207796346
human,12,dense,27,20.2031,0.002324,0.00736405,516.916,71470593,mixed,13.829,442517966
human,12,dense,29,594.629,0.00142922,0.00254056,19008.1,299469119040,11 6 7 8 9 10 5 4 3 0 1 2 ,452.4,4199219562
human,12,dense,31,0.0046753,0.00129269,0.00194294,0.00452291,99468,2 5 3 6 0 4 10 11 1 8 7 9 ,0.00452291,3174
human,12,dense,32,472.928,0.00121137,0.00249502,472.928,64173315407040,11 10 6 7 8 9 5 1 3 4 0 2 ,472.928,120281
human,12,dense,33,0.00263963,0.0011677,0.00224653,0.00247985,2908,0 7 10 1 2 3 4 5 6 8 9 11 ,0.00247985,3085
human,12,dense,35,1.02814,0.00148485,0.00254963,14.3095,3428970834,5 2 3 0 8 4 1 9 6 7 10 11 ,0.497697,6119634
human,12,dense,36,71.1417,0.000944099,0.00221002,71.1414,11149580442,1 0 2 3 4 5 6 7 8 9 10 11 ,71.1414,1735
human,12,dense,39,40.9565,0.00126904,0.00244288,40.9563,7677623825,6 11 9 10 0 2 3 4 5 7 8 1 ,40.9563,53983445
human,12,dense,40,439.412,0.00123766,0.00236852,439.411,352082999268,10 11 6 7 8 3 4 5 9 2 0 1 ,439.411,295904128
human,12,dense,41,0.0210191,0.00116827,0.0023051,0.0208542,225680,3 5 0 6 4 8 10 1 2 7 9 11 ,0.0208542,16100
human,12,dense,46,10.4255,0.00125389,0.00226654,102.837,48304154112,2 5 11 0 1 3 4 6 7 8 9 10 ,7.23143,182588
human,12,dense,48,14.8725,0.00140964,0.00460757,347.526,24104050963060,mixed,10.5153,99303800
human,12,dense,50,0.00753414,0.00121898,0.00269348,0.00732324,93150,1 7 4 11 0 3 6 5 9 10 2 8 ,0.00732324,7056
human,12,dense,51,3.75169,0.00127824,0.00272566,100.281,238188951000,0 9 3 5 7 4 6 1 8 2 10 11 ,2.18411,48429391
human,12,dense,52,24.5167,0.00115975,0.00249916,760.496,430253441087,9 2 3 4 0 6 10 11 1 5 7 8 ,14.7519,8581092
human,12,dense,53,9.62543,0.00130504,0.0027301,294.824,106807296960,3 1 0 2 6 7 9 10 4 5 8 11 ,8.12131,80437562
human,12,dense,54,0.834,0.00141695,0.00244989,10.2327,49489667460,1 8 2 11 0 3 4 5 6 7 9 10 ,0.608246,3615810
human,12,dense,56,0.104863,0.00125366,0.00207239,0.104598,7514100,3 11 10 7 9 6 2 4 5 8 1 0 ,0.104598,61161
human,12,dense,59,218.65,0.000973444,0.00235495,609.357,517538032000,2 1 0 3 4 5 11 6 7 8 9 10 ,205.616,52474
human,12,dense,61,56.0737,0.00118626,0.00226726,1772.45,469112280000,3 1 5 6 8 9 10 11 4 2 0 7 ,39.6139,501760302
human,12,dense,63,0.0215249,0.00130424,0.00184187,0.0214245,158752,0 7 6 1 2 3 4 5 8 9 10 11 ,0.0214245,30379
human,12,dense,68,4.50252,0.00118043,0.00500411,130.422,172160568270,mixed,3.45597,45087254
human,12,dense,69,1.65229,0.00116137,0.00226246,29.3692,268442718138,1 2 8 9 10 11 3 4 0 5 6 7 ,0.806073,5652953
human,12,dense,70,0.160844,0.00124563,0.00242544,0.160697,15993180,1 8 7 9 0 6 3 4 5 2 10 11 ,0.160697,78139
human,12,dense,73,1.53769,0.00127363,0.00258479,1.53741,302002666781760,10 9 7 11 6 8 5 3 4 2 0 1 ,1.53741,438930
human,12,dense,74,7.72135,0.00146464,0.00181667,231.671,2256697219704,1 4 7 8 10 0 9 2 6 3 5 11 ,2.60953,70485745
human,12,dense,77,3.57667,0.00124407,0.00243492,3.57646,94569833827,3 5 10 1 2 6 8 7 0 4 9 11 ,3.57646,2096053
human,12,dense,79,4.1653,0.00134408,0.00424308,111.476,21189216395,mixed,3.50376,23985879
human,12,dense,80,284.34,0.00153575,0.00256161,284.34,344935386312,8 3 4 5 6 7 10 9 2 0 1 11 ,284.34,203502342
human,12,dense,81,0.0665664,0.0012832,0.0030304,0.0664018,0,3 0 1 2 5 7 4 11 6 8 9 10 ,0.0664018,91981
human,12,dense,83,48.4614,0.0014552,0.0021584,1453.9,106905077820,5 7 8 9 10 1 2 3 4 0 6 11 ,39.1725,500838840
human,12,dense,84,294.377,0.0013012,0.00226538,9405.45,473613623280,4 2 7 8 9 0 5 11 1 3 6 10 ,219.681,3031225623
human,12,dense,85,10.9073,0.00135605,0.00238593,327.472,107465358000,0 1 2 6 8 9 4 7 10 11 3 5 ,4.30159,161530794
human,12,dense,87,135.041,0.00171211,0.00625974,3600.48,166104624986,mixed,125.033,544996755
human,12,dense,88,1.07589,0.00144671,0.00208211,16.4469,15764659082,8 5 1 9 6 7 0 3 10 4 2 11 ,0.384279,6155974
human,12,dense,89,60.0708,0.00166929,0.0023115,1904.83,8030790967728,5 8 7 11 2 3 4 6 0 1 9 10 ,19.9468,268956904
human,12,dense,90,410.495,0.00132405,0.0019414,410.495,36407500012800,3 1 5 8 0 4 6 7 2 10 9 11 ,410.495,102262701
human,12,dense,92,3.68077,0.000878582,0.00205508,3.68225,2896707528,1 0 6 2 3 4 5 7 8 9 10 11 ,3.67863,3574
human,12,dense,94,0.437768,0.00123617,0.00212368,0.815558,693650100,1 9 10 11 0 4 5 6 7 8 2 3 ,0.226475,225806
human,12,dense,95,19.2899,0.00124596,0.00362375,376.937,1329180209280,0 2 3 4 10 11 5 1 6 8 7 9 ,13.5257,230498
human,12,dense,96,39.2141,0.00131282,0.00240948,1098.56,384226343856000,0 6 1 5 3 4 8 9 10 11 2 7 ,30.8811,307624058
human,12,dense,98,4.13345,0.00120128,0.00196124,104.222,32262536664,1 8 0 2 6 7 3 5 9 10 11 4 ,2.76919,32016205
human,12,dense,99,2.69968,0.00128376,0.00225569,57.3245,16020956112,0 2 6 7 3 4 1 8 9 5 10 11 ,1.67249,20601567
human,12,dense,100,229.885,0.00095014,0.00243588,6539.0,2903051020,10 5 8 0 1 2 3 4 6 7 9 11 ,145.098,4855216347
human,12,sparse,1,0.0347707,0.00114487,0.0027952,0.0346688,220448604,0 6 7 1 5 2 3 4 10 8 11 9 ,0.0346688,20230
human,12,sparse,2,0.0151268,0.00129304,0.00230982,0.0149607,43740204,7 8 4 5 9 6 10 3 2 0 11 1 ,0.0149607,9087
human,12,sparse,4,0.0193146,0.00122453,0.002234,0.0191378,353178285960,9 7 6 1 4 8 3 0 2 11 10 5 ,0.0191378,10674
human,12,sparse,6,21.1924,0.00121836,0.0025593,21.1921,148836293312,0 1 5 2 3 4 8 7 10 9 6 11 ,21.1921,376401
human,12,sparse,7,3.93589,0.00144023,0.00240546,3.93564,882290723750400,4 0 1 2 3 5 7 6 8 11 10 9 ,3.93564,3182499
human,12,sparse,8,2.00776,0.00112162,0.00324518,44.4958,98170110933990,5 7 1 6 3 0 2 4 8 9 10 11 ,1.5801,7548571
human,12,sparse,9,0.546067,0.00112815,0.00281668,1.83024,625119238161240,9 3 5 8 2 7 4 1 11 0 6 10 ,0.32964,452456
human,12,sparse,10,6.46608,0.00130293,0.00376541,178.086,962142439854336,0 3 5 2 10 4 9 8 7 6 1 11 ,3.80943,41899810
human,12,sparse,11,0.188329,0.00106305,0.00300436,0.188176,22259835000,7 11 5 3 10 6 9 2 0 4 8 1 ,0.188176,128319
human,12,sparse,16,414.604,0.0012412,0.00394905,11578.0,458111668959192,9 11 10 2 8 1 0 6 4 5 3 7 ,372.973,888824
human,12,sparse,17,0.380592,0.00106117,0.00297665,1.96766,316108335272,1 7 6 5 3 4 2 0 10 9 11 8 ,0.210571,828703
human,12,sparse,18,19.5742,0.00159867,0.0037991,491.775,19790473174252054,0 3 5 1 11 6 7 2 4 9 8 10 ,18.273,52813890
human,12,sparse,19,15.7813,0.00115283,0.00708583,429.793,10018238666410,mixed,7.72832,108665873
human,12,sparse,21,0.0123732,0.00114858,0.00332393,0.0122304,60651780840,2 5 1 3 8 7 11 0 6 9 4 10 ,0.0122304,4662
human,12,sparse,22,0.0342466,0.00125277,0.00212854,0.0340876,1574769660,3 0 6 1 2 5 7 8 9 11 10 4 ,0.0340876,1525
human,12,sparse,23,308.819,0.00116586,0.00593873,7044.08,138111506427017755,mixed,275.532,22108458
human,12,sparse,24,0.0348509,0.00124807,0.00281762,0.0676623,159160976,7 8 6 5 4 2 1 0 3 11 10 9 ,0.0346411,57669
human,12,sparse,29,225.181,0.00133121,0.00542866,7151.33,1843000714376064,11 10 5 6 4 8 7 3 0 2 9 1 ,189.613,4313822
human,12,sparse,31,0.00736558,0.00134606,0.00192439,0.0072179,1749465,5 4 10 11 2 0 3 6 1 8 7 9 ,0.0072179,4605
human,12,sparse,32,12.5245,0.00130277,0.00424772,385.746,55084782531355920,6 10 9 4 8 7 1 3 0 2 11 5 ,12.0529,46282024
human,12,sparse,33,0.16671,0.00126484,0.00326602,0.166579,229378464,0 7 4 6 8 9 2 3 5 10 1 11 ,0.166579,33473
human,12,sparse,34,118.876,0.00100839,0.00610679,3670.43,72925821491892,2 10 8 9 7 3 1 6 5 0 11 4 ,62.3935,15759121
human,12,sparse,35,0.108154,0.00128666,0.0025736,0.107942,737935099404,2 0 3 1 5 6 7 4 9 10 8 11 ,0.107942,57151
human,12,sparse,39,20.8827,0.00137632,0.00232333,604.58,1875723387144,6 9 10 0 7 2 1 8 5 4 3 11 ,20.1665,6305021
human,12,sparse,40,2.54453,0.00124618,0.00334489,2.54432,75352337745594,11 7 10 8 9 6 5 3 0 1 2 4 ,2.54432,1025309
human,12,sparse,41,0.349727,0.00121441,0.00595655,0.577551,590923198,mixed,0.208057,390830
human,12,sparse,42,368.48,0.00111473,0.00705192,737.729,3882650056883170,mixed,368.479,254229348
human,12,sparse,48,17.7368,0.00173327,0.00531968,540.562,11567352955774464,mixed,17.1327,5332166
human,12,sparse,50,0.0401632,0.00121877,0.00224442,0.0400494,129595584,2 6 1 4 8 3 0 5 9 7 11 10 ,0.0400494,21864
human,12,sparse,51,8.18704,0.00114139,0.00492532,203.007,28576801266048,4 10 7 5 6 2 1 3 8 11 9 0 ,3.64092,38377797
human,12,sparse,54,6.74908,0.00141489,0.00409135,201.926,98727369862756,1 10 9 2 8 0 7 4 6 3 5 11 ,5.55725,37939110
human,12,sparse,56,0.481977,0.00102823,0.00379493,1.10488,9179127540,7 6 2 8 5 4 3 11 1 10 9 0 ,0.264985,393098
human,12,sparse,57,5.67605,0.00122104,0.00626027,160.353,4870724971510770,5 10 1 7 4 8 9 2 0 6 11 3 ,4.76393,28118909
human,12,sparse,58,539.162,0.00138929,0.00529511,15818.2,774775797211468410,0 8 7 10 4 1 9 5 6 2 3 11 ,352.173,2652035158
human,12,sparse,61,1.49516,0.00110319,0.00316253,31.8002,479189458944000,3 2 8 10 11 1 6 0 4 7 9 5 ,0.578505,6455618
human,12,sparse,63,0.0637559,0.0013138,0.00345028,0.0635435,37758636,0 8 9 1 5 4 2 10 7 11 6 3 ,0.0635435,41707
human,12,sparse,65,24.8595,0.00149129,0.00353439,778.302,16925683511962576,0 2 9 1 10 11 3 6 7 4 5 8 ,8.85032,116745494
human,12,sparse,68,12.0836,0.00116694,0.00582101,342.741,17158137433864,mixed,10.8433,3049000
human,12,sparse,69,3.12849,0.00108698,0.00366046,84.8758,22683704599296,4 3 0 1 11 10 9 8 6 5 2 7 ,2.07864,21344216
human,12,sparse,70,11.9785,0.00114041,0.00243372,11.9784,53153278080,0 4 3 6 10 2 11 5 1 9 8 7 ,11.9784,166425
human,12,sparse,71,27.2456,0.00154432,0.00717776,706.316,5129955270007669321,2 1 3 10 9 5 7 8 0 11 6 4 ,24.5516,55540376
human,12,sparse,73,1.0361,0.00120778,0.00318837,9.15814,8088324639212160,9 11 4 7 5 2 8 3 0 1 10 6 ,0.473229,1439596
human,12,sparse,74,1.24922,0.00155778,0.00286464,20.3802,90639975904620,1 6 0 9 7 8 2 4 5 3 10 11 ,0.853833,2899550
human,12,sparse,75,0.932652,0.00113227,0.00359167,12.8128,9702395909902080,5 9 10 8 7 3 6 0 2 1 4 11 ,0.576543,2850549
human,12,sparse,77,1.69853,0.00136086,0.00243052,1.69829,14549945147466,3 2 0 9 7 4 1 5 10 8 11 6 ,1.69829,946122
human,12,sparse,78,87.3888,0.00162074,0.0103231,2559.21,12891789695930314,mixed,33.5562,915267887
human,12,sparse,81,23.7983,0.00141998,0.00436623,744.686,101570040074940696,2 5 1 4 11 10 0 3 7 8 9 6 ,19.1255,108284489
human,12,sparse,82,182.658,0.00161303,0.00657266,3460.1,16966290972572680,5 9 10 6 0 3 2 4 8 1 7 11 ,106.409,1069772104
human,12,sparse,83,4.15256,0.00117471,0.00398872,119.313,268209330120288,5 1 10 2 3 9 4 6 0 8 7 11 ,1.56242,31279057
human,12,sparse,84,7.61639,0.00120056,0.00489552,200.979,4927068503093816,5 1 9 7 6 10 4 3 8 0 11 2 ,5.93717,24783638
human,12,sparse,85,5.11404,0.00124258,0.00474625,137.209,699658777995750,2 9 8 3 1 7 6 0 4 10 11 5 ,4.03983,41937149
human,12,sparse,86,66.805,0.00121878,0.00391176,1782.48,3961996793639040,11 8 9 5 3 0 2 7 10 6 1 4 ,22.765,280225326
human,12,sparse,87,268.828,0.00135114,0.0147903,8325.33,73188612952348,mixed,262.577,22332900
human,12,sparse,88,0.452427,0.00144317,0.00322931,1.35224,2203143214516,3 1 0 8 5 9 6 2 10 7 11 4 ,0.222842,374587
human,12,sparse,90,26.5239,0.0011546,0.00314544,26.5237,11823800008149504,5 1 8 4 6 2 0 7 9 11 3 10 ,26.5237,7925612
human,12,sparse,94,0.643202,0.00121114,0.00253732,0.64301,46606181245920,1 0 10 9 3 5 4 8 7 11 6 2 ,0.64301,307727
human,12,sparse,95,0.976719,0.00116454,0.00328643,17.0842,518957787503232,0 3 1 6 11 2 4 5 10 7 8 9 ,0.278146,1801438
human,12,sparse,98,0.49687,0.00130372,0.00869771,4.01019,5857392565420,mixed,0.228652,1130915
human,12,sparse,99,8.80202,0.00119397,0.00379279,111.153,4971832124256,1 4 5 3 6 7 10 8 2 0 11 9 ,6.43147,461184
