dataset,query_size,query_mode,query_index,elapsed_execution_time,filter_time,plan_time,enumerate_time,n_embeddings,order,max_task_time,n_intersections
orkut,12,dense,1,0.249727,0.326338,0.122857,0.3754,6164009,mixed,0.241164,488618
orkut,12,dense,2,0.216353,0.346838,0.0933991,0.289659,1779145475,mixed,0.211814,415690
orkut,12,dense,3,0.162716,0.312386,0.0817947,0.239683,18313414884,mixed,0.15811,316122
orkut,12,dense,4,0.196349,0.38528,0.119456,0.402937,4722778,mixed,0.192069,620512
orkut,12,dense,5,0.121418,0.264413,0.127801,0.20036,1823651,mixed,0.117353,307088
orkut,12,dense,6,0.113668,0.349815,0.106328,0.200817,638121960,mixed,0.109385,321479
orkut,12,dense,7,0.108824,0.262693,0.0853497,0.16145,15314284,mixed,0.10408,232655
orkut,12,dense,8,2.60848,0.380212,0.126988,4.8121,587414,mixed,2.60512,5681354
orkut,12,dense,9,0.125347,0.364103,0.0908916,0.220728,785975,mixed,0.121477,392068
orkut,12,dense,10,0.187811,0.331084,0.0910036,0.267089,104141578,mixed,0.184004,392429
orkut,12,dense,11,0.269103,0.360579,0.117531,0.478681,1309209,mixed,0.26514,728617
orkut,12,dense,12,0.0929975,0.284481,0.105702,0.142448,4449662,mixed,0.0886992,213919
orkut,12,dense,13,0.233674,0.284467,0.0926534,0.294148,241168,mixed,0.230163,425589
orkut,12,dense,14,0.441461,0.323362,0.0961209,0.572663,1153864655,mixed,0.4372,856501
orkut,12,dense,15,0.138232,0.323521,0.109405,0.334073,1602724,mixed,0.134506,448655
orkut,12,dense,16,1.54875,0.387804,0.125528,1.88516,26225156,mixed,1.54436,1853952
orkut,12,dense,17,0.802034,0.321467,0.100858,0.901732,311048088,mixed,0.79792,1370355
orkut,12,dense,18,0.430737,0.288512,0.0961247,0.661099,2119092268,mixed,0.426298,941582
orkut,12,dense,19,0.149587,0.3824,0.0955829,0.280745,64388467,mixed,0.145582,417513
orkut,12,dense,20,0.256787,0.377902,0.108276,0.329968,1036888,mixed,0.252405,540608
orkut,12,dense,21,0.162962,0.279211,0.109916,0.307482,388122265,mixed,0.158622,496452
orkut,12,dense,22,0.358879,0.298541,0.115753,0.46397,120957950,mixed,0.35506,518639
orkut,12,dense,23,0.137983,0.411621,0.0913967,0.250177,14075084,mixed,0.133685,394843
orkut,12,dense,24,0.152362,0.316806,0.107411,0.335872,2544803,mixed,0.148489,680085
orkut,12,dense,25,4.56594,0.367264,0.150766,5.06323,1110635,mixed,4.56238,6359839
orkut,12,dense,26,2.60832,0.38879,0.131941,2.94849,1862940,mixed,2.60461,3912412
orkut,12,dense,27,1.99722,0.265825,0.11866,2.30392,81329250,mixed,1.99268,2739980
orkut,12,dense,28,0.177144,0.303991,0.0899081,0.336481,32104427,mixed,0.173271,552172
orkut,12,dense,29,0.124469,0.301579,0.101697,0.194113,947585,mixed,0.120707,291825
orkut,12,dense,30,0.54705,0.32097,0.0984616,0.659614,2496700,mixed,0.543764,1028441
orkut,12,dense,31,0.0908824,0.292711,0.0843056,0.14306,8385575,mixed,0.0868716,221303
orkut,12,dense,32,1.19539,0.35476,0.0977478,1.35315,14939556,mixed,1.19065,1569231
orkut,12,dense,33,0.147178,0.313459,0.113299,0.268688,19946656,mixed,0.143165,446068
orkut,12,dense,34,0.205474,0.276166,0.101842,0.337042,38701530,mixed,0.201727,587003
orkut,12,dense,35,0.295855,0.242809,0.0971852,0.472873,31141822,mixed,0.290986,485747
orkut,12,dense,36,0.192063,0.292242,0.127217,0.261609,3500983,mixed,0.188,383137
orkut,12,dense,37,2.20679,0.359319,0.108217,2.29077,964467713,mixed,2.20245,1403725
orkut,12,dense,38,0.137998,0.286269,0.0806826,0.200083,5200899,mixed,0.134355,319476
orkut,12,dense,39,0.189979,0.334375,0.0962641,0.291973,3246127331,mixed,0.185681,380876
orkut,12,dense,40,1.25105,0.301221,0.0900601,1.36182,3667664135,mixed,1.24658,787078
orkut,12,dense,41,0.31764,0.351394,0.11039,0.441692,177486159,mixed,0.313322,581674
orkut,12,dense,42,0.742172,0.339222,0.120885,1.46629,7984455,mixed,0.738294,1951761
orkut,12,dense,43,0.231115,0.368063,0.10905,0.438219,2374488,mixed,0.22734,548778
orkut,12,dense,44,3.40956,0.274865,0.110001,3.72509,2297452,mixed,3.4053,5733799
orkut,12,dense,45,0.0947318,0.332406,0.100385,0.153658,3659718,mixed,0.0914178,216069
orkut,12,dense,46,0.235327,0.37274,0.0977049,0.31522,28050640,mixed,0.231119,490841
orkut,12,dense,47,0.134981,0.281934,0.0924718,0.189723,929575,mixed,0.1312,260126
orkut,12,dense,48,0.363528,0.268288,0.112083,0.469714,2506858,mixed,0.359458,726378
orkut,12,dense,49,0.1163,0.330274,0.0993434,0.2252,531165312,mixed,0.11168,326186
orkut,12,dense,50,0.130019,0.276882,0.109959,0.219928,3628289,mixed,0.126164,322406
orkut,12,dense,51,0.0930003,0.355012,0.115125,0.155694,416121,mixed,0.0860255,265087
orkut,12,dense,52,0.26815,0.386788,0.103939,0.695855,64703,mixed,0.265085,702524
orkut,12,dense,53,0.226994,0.357943,0.0846965,0.341026,3420511,mixed,0.223168,497284
orkut,12,dense,54,0.277172,0.302875,0.13392,0.450167,1322464,mixed,0.273523,656117
orkut,12,dense,55,0.158561,0.324705,0.126127,0.22749,4457801,mixed,0.154603,382522
orkut,12,dense,56,0.486694,0.366164,0.096116,0.984343,16072774,mixed,0.482103,759464
orkut,12,dense,57,0.168092,0.311117,0.0893197,0.30512,14963375,mixed,0.163857,517862
orkut,12,dense,58,0.115631,0.347771,0.116959,0.216847,170914,mixed,0.112715,311318
orkut,12,dense,59,0.15254,0.238133,0.11289,0.239587,2405655,mixed,0.148674,366349
orkut,12,dense,60,1.9987,0.340855,0.0965401,2.18185,86441390,mixed,1.99436,3352494
orkut,12,dense,61,0.177856,0.463976,0.0975816,0.248607,227928,mixed,0.17475,322214
orkut,12,dense,62,0.294836,0.283642,0.112757,0.36858,12955846,mixed,0.291515,496005
orkut,12,dense,63,0.556819,0.324168,0.11207,0.65388,182810958,mixed,0.552078,753695
orkut,12,dense,64,0.193587,0.343035,0.0925427,0.359401,4360556,mixed,0.190269,619935
orkut,12,dense,65,0.0900756,0.348961,0.0891389,0.15001,6315933,mixed,0.0860929,269149
orkut,12,dense,66,0.32525,0.316475,0.112813,0.516422,30095979,mixed,0.320928,650892
orkut,12,dense,67,0.128381,0.233919,0.0800817,0.211868,387022562,mixed,0.123862,282694
orkut,12,dense,68,0.390941,0.387677,0.0903626,0.548805,5900594,mixed,0.386499,597546
orkut,12,dense,69,0.503447,0.253317,0.10226,0.833516,4188440395,mixed,0.498167,983658
orkut,12,dense,70,0.168187,0.253352,0.0783971,0.244618,10772072854,mixed,0.163378,395473
orkut,12,dense,71,0.288675,0.301405,0.115035,0.399403,5525285,mixed,0.284331,623731
orkut,12,dense,72,0.129948,0.421787,0.113284,0.227022,1113659,mixed,0.126035,270419
orkut,12,dense,73,0.351401,0.331966,0.0978693,0.439193,7163955,mixed,0.347473,753279
orkut,12,dense,74,1.71077,0.305822,0.109902,1.88432,25792580,mixed,1.70645,2909002
orkut,12,dense,75,0.256066,0.342946,0.088248,0.343197,338574519,mixed,0.251877,464129
orkut,12,dense,76,0.192219,0.338511,0.10482,0.342549,2763700,mixed,0.188387,456119
orkut,12,dense,77,0.137009,0.303144,0.0913886,0.309148,121800527,mixed,0.132941,523337
orkut,12,dense,78,0.131189,0.364997,0.0984583,0.253589,1297322,mixed,0.12792,381330
orkut,12,dense,79,0.134463,0.29584,0.10949,0.291545,2412326,mixed,0.130806,510089
orkut,12,dense,80,0.244171,0.346665,0.111263,0.337134,245627,mixed,0.241179,639186
orkut,12,dense,81,0.156878,0.373672,0.100005,0.36203,362201,mixed,0.153589,509298
orkut,12,dense,82,0.128363,0.395285,0.0984548,0.181104,3721973,mixed,0.124076,278165
orkut,12,dense,83,0.151931,0.363623,0.0984307,0.236555,242658596,mixed,0.147531,377632
orkut,12,dense,84,0.17033,0.355785,0.096224,0.287122,802241,mixed,0.166697,501117
orkut,12,dense,85,0.217489,0.418322,0.0997645,0.295358,412898,mixed,0.214401,486330
orkut,12,dense,86,0.127272,0.323517,0.0954674,0.178315,186287984,mixed,0.123059,283649
orkut,12,dense,87,0.208548,0.320453,0.112538,0.306469,1142458,mixed,0.2054,505915
orkut,12,dense,88,0.561433,0.327392,0.0951304,0.662486,559053989,mixed,0.556874,555348
orkut,12,dense,89,0.209437,0.3414,0.0981827,0.314996,378296213,mixed,0.205543,437706
orkut,12,dense,90,0.316515,0.278527,0.129239,0.413104,440185,mixed,0.313054,563422
orkut,12,dense,91,0.107436,0.316677,0.0862482,0.189746,73031202,mixed,0.103135,306852
orkut,12,dense,92,0.726572,0.326122,0.122818,0.856381,814014,mixed,0.722982,1127442
orkut,12,dense,93,0.701022,0.318428,0.111077,0.795345,99180438,mixed,0.696877,907828
orkut,12,dense,94,0.580715,0.297211,0.112756,0.71757,1340939,mixed,0.577568,1187776
orkut,12,dense,95,0.435863,0.301208,0.100644,0.548646,201816623,mixed,0.430464,583087
orkut,12,dense,96,0.189666,0.322615,0.108869,0.308833,3926809,mixed,0.18604,392188
orkut,12,dense,97,0.47191,0.320604,0.107504,0.705349,512940739,mixed,0.468203,873111
orkut,12,dense,98,0.200207,0.382094,0.12654,0.30692,24319065,mixed,0.196594,457885
orkut,12,dense,99,0.274159,0.277406,0.118807,0.493488,21329227,mixed,0.269771,684075
orkut,12,dense,100,0.123313,0.282217,0.111499,0.185508,45054691,mixed,0.118736,293638
orkut,12,sparse,1,0.581352,0.237652,0.119384,0.707498,70617033,mixed,0.576623,1185522
orkut,12,sparse,2,2.18485,0.271083,0.13361,2.3644,7347119773,mixed,2.17978,3263073
orkut,12,sparse,3,1.62143,0.298843,0.126713,1.75485,6127758497,mixed,1.61667,1274639
orkut,12,sparse,4,0.323414,0.284772,0.100042,0.455985,2808695605,mixed,0.316914,598745
orkut,12,sparse,5,60.3812,0.318244,0.167571,60.9751,7274486625,mixed,60.3763,62044743
orkut,12,sparse,6,0.172731,0.292549,0.106692,0.260273,875445718926,mixed,0.167296,332413
orkut,12,sparse,7,15.5976,0.349894,0.134717,15.9678,2050343569,mixed,15.5921,19683017
orkut,12,sparse,8,0.658884,0.318673,0.135459,0.817376,92709447,mixed,0.654487,1062990
orkut,12,sparse,9,0.858049,0.305558,0.12506,1.00592,1151105640985,mixed,0.852562,1104094
orkut,12,sparse,10,0.710171,0.287871,0.134256,0.905734,354551855,mixed,0.705694,997806
orkut,12,sparse,11,1.23523,0.285438,0.134973,1.37035,4563650060,mixed,1.23122,1783963
orkut,12,sparse,12,0.942767,0.268529,0.128869,1.04503,2129071313,mixed,0.938628,1364218
orkut,12,sparse,13,1.25962,0.280291,0.106837,1.42055,17032970890,mixed,1.25367,2260310
orkut,12,sparse,14,5.83025,0.226494,0.127983,6.12191,558212617,mixed,5.82639,10001797
orkut,12,sparse,15,1.19766,0.294933,0.10206,1.35692,241859393,mixed,1.19277,2162716
orkut,12,sparse,16,0.297644,0.284005,0.124013,0.369907,2297235106968,mixed,0.292108,405079
orkut,12,sparse,17,0.627172,0.302233,0.119713,0.75651,1491485607,mixed,0.621578,927650
orkut,12,sparse,18,0.164216,0.262771,0.0979765,0.321579,11535471201,mixed,0.159434,499285
orkut,12,sparse,19,0.394474,0.338865,0.101424,0.494515,52747627736,mixed,0.388611,725623
orkut,12,sparse,20,114.592,0.27105,0.137292,115.111,338921322,mixed,114.587,170268929
orkut,12,sparse,21,0.17834,0.379436,0.111369,0.290405,225380367,mixed,0.173877,370401
orkut,12,sparse,22,0.285914,0.344058,0.118018,0.434586,2737546136,mixed,0.281529,499250
orkut,12,sparse,23,305.226,0.277754,0.153144,307.15,21682492424,mixed,305.222,441436708
orkut,12,sparse,24,3.41652,0.236365,0.112576,3.55626,158798314648,mixed,3.40742,2135927
orkut,12,sparse,25,0.37087,0.296005,0.115944,0.458734,186342788823,mixed,0.365988,552764
orkut,12,sparse,26,0.252066,0.309765,0.120585,0.353031,2539858908,mixed,0.247579,413892
orkut,12,sparse,27,0.509586,0.315827,0.126774,0.609712,28520821822,mixed,0.504485,568698
orkut,12,sparse,28,8.87607,0.35651,0.148003,9.43773,74066038,mixed,8.87214,11986353
orkut,12,sparse,29,3.11713,0.293461,0.120339,4.16087,16367852745,mixed,3.11234,4847571
orkut,12,sparse,30,2.91762,0.292135,0.119915,3.11518,17570375658987,mixed,2.91291,3130028
orkut,12,sparse,31,2.83927,0.284219,0.146932,2.98102,10043473536,mixed,2.83408,3805161
orkut,12,sparse,32,2.64734,0.261182,0.124286,2.88413,29968034469,mixed,2.64161,2971636
orkut,12,sparse,33,1.4073,0.300125,0.120349,1.50292,30516398085,mixed,1.40248,1360217
orkut,12,sparse,34,1.75542,0.260446,0.112672,1.96426,108330122998,mixed,1.74955,1100798
orkut,12,sparse,35,0.360841,0.294988,0.123808,0.45087,289650940,mixed,0.356214,596778
orkut,12,sparse,36,0.421588,0.313787,0.113323,0.581684,9013777879,mixed,0.417118,850243
orkut,12,sparse,37,3.06848,0.272097,0.133082,3.19311,32542690323,mixed,3.06276,2336953
orkut,12,sparse,38,1.06069,0.30798,0.12866,1.14859,2818476666,mixed,1.05634,1249787
orkut,12,sparse,39,4.97214,0.311469,0.119344,5.16784,449040903143,mixed,4.96685,4675136
orkut,12,sparse,40,1.20022,0.345986,0.110787,1.36147,4541399447,mixed,1.19658,2006143
orkut,12,sparse,41,1.09098,0.259865,0.115866,1.39796,214006662219,mixed,1.08592,905634
orkut,12,sparse,42,6.97424,0.319304,0.122729,7.40137,15151049902,mixed,6.96853,9882286
orkut,12,sparse,43,1.10866,0.331629,0.0994342,1.31585,59252693049,mixed,1.10286,985860
orkut,12,sparse,44,0.218629,0.28565,0.121912,0.307684,8249299891,mixed,0.213391,401143
orkut,12,sparse,45,1.27985,0.282283,0.12287,1.48194,2129603706,mixed,1.27417,1084604
orkut,12,sparse,46,19.567,0.250864,0.131168,19.8843,9209261458,mixed,19.5615,13642671
orkut,12,sparse,47,3.85853,0.255068,0.130417,5.36644,827802197,mixed,3.85363,4426246
orkut,12,sparse,48,0.802252,0.268098,0.104221,0.907738,1239219687722,mixed,0.797476,835963
orkut,12,sparse,49,0.910534,0.287411,0.109279,1.13306,542789406666,mixed,0.90494,1086173
orkut,12,sparse,50,0.831731,0.270566,0.121221,0.979872,73927910,mixed,0.827057,1515431
orkut,12,sparse,51,0.567006,0.268805,0.119889,0.689258,225980944745,mixed,0.561332,641255
orkut,12,sparse,52,1.97792,0.246215,0.124847,2.18446,289442532503,mixed,1.97179,1600122
orkut,12,sparse,53,1.37577,0.233322,0.137697,1.55403,2451457103,mixed,1.37111,1441206
orkut,12,sparse,54,1.47663,0.290319,0.123306,2.53797,56310785,mixed,1.47214,2877424
orkut,12,sparse,55,19.5307,0.252442,0.125177,20.021,68078889371,mixed,19.5248,13902529
orkut,12,sparse,56,15.0534,0.295745,0.171112,15.4046,32482323683,mixed,15.048,13875177
orkut,12,sparse,57,0.217369,0.236757,0.0892726,0.312587,54528642390,mixed,0.21285,340157
orkut,12,sparse,58,0.219428,0.271122,0.112346,0.303071,114813414528,mixed,0.21405,351940
orkut,12,sparse,59,1.18387,0.279328,0.148171,1.3416,413920281,mixed,1.17881,1935657
orkut,12,sparse,60,0.664818,0.253107,0.0918158,0.874443,83449467243,mixed,0.659362,1429605
orkut,12,sparse,61,1.1243,0.246518,0.141387,1.26808,1325981362,mixed,1.12009,1431004
orkut,12,sparse,62,1.64448,0.337783,0.123432,1.79306,124543497,mixed,1.64013,2347242
orkut,12,sparse,63,24.7577,0.28928,0.147397,25.5058,2618402804,mixed,24.7528,19344359
orkut,12,sparse,64,7.54936,0.281003,0.131665,7.85829,35720430461,mixed,7.54425,6021520
orkut,12,sparse,65,0.67025,0.262614,0.122412,0.744475,80151297891,mixed,0.665286,690402
orkut,12,sparse,66,0.163288,0.298992,0.091637,0.242341,42633001563,mixed,0.158248,331917
orkut,12,sparse,67,0.283067,0.303936,0.115077,0.356303,109855883823,mixed,0.278627,443650
orkut,12,sparse,68,0.6463,0.241401,0.118211,0.9129,30995830371,mixed,0.640848,1165855
orkut,12,sparse,69,3.09347,0.25627,0.132358,3.56844,252885380,mixed,3.08965,2468735
orkut,12,sparse,70,1.36545,0.261128,0.104409,1.66755,249740166980,mixed,1.3595,1025019
orkut,12,sparse,71,12.5808,0.268949,0.122374,12.7403,384088826085,mixed,12.5759,2454490
orkut,12,sparse,72,0.184796,0.293373,0.0973007,0.263431,5622743110840,mixed,0.179446,331631
orkut,12,sparse,73,3.93978,0.411012,0.126251,4.25046,312859200,mixed,3.93526,4845545
orkut,12,sparse,74,0.4214,0.311135,0.11143,0.561785,23999906,mixed,0.417716,820274
orkut,12,sparse,75,24.4142,0.316943,0.16161,25.007,31851839,mixed,24.4098,26210276
orkut,12,sparse,76,2.29227,0.284578,0.124116,2.49023,265361807109,mixed,2.28674,2380458
orkut,12,sparse,77,0.565174,0.250247,0.0971597,0.65721,57031912849,mixed,0.560376,768710
orkut,12,sparse,78,0.549898,0.343714,0.105455,0.654778,147382817577,mixed,0.545196,744076
orkut,12,sparse,79,1.86043,0.28515,0.111027,2.02124,89709660181,mixed,1.85508,1164470
orkut,12,sparse,80,1.44509,0.296014,0.112367,1.66327,27739772307,mixed,1.44004,1713000
orkut,12,sparse,81,0.5299,0.366288,0.112963,0.717883,1039492595,mixed,0.524863,862551
orkut,12,sparse,82,1.6627,0.365888,0.140021,1.87545,7978416401,mixed,1.65769,1629039
orkut,12,sparse,83,36.3662,0.258398,0.118946,36.9799,74959010244,mixed,36.3612,18183122
orkut,12,sparse,84,0.995181,0.277614,0.140363,1.2085,123160480,mixed,0.991094,1232488
orkut,12,sparse,85,28.8075,0.301228,0.118835,29.4253,953354126614,mixed,28.8023,7609970
orkut,12,sparse,86,1.39298,0.326771,0.138258,2.04742,311309713,mixed,1.38923,2133379
orkut,12,sparse,87,3.24611,0.231166,0.127297,3.47368,35469601875,mixed,3.24111,3418991
orkut,12,sparse,88,2.46338,0.328715,0.121717,2.54339,1146656523,mixed,2.45895,2233580
orkut,12,sparse,89,3.19215,0.326106,0.100354,3.42305,1939357227,mixed,3.18628,5216646
orkut,12,sparse,90,50.4195,0.368811,0.137953,87.5978,1025439449,mixed,50.4154,122551002
orkut,12,sparse,91,44.3835,0.296268,0.166516,45.0274,833441580,mixed,44.3785,83893263
orkut,12,sparse,92,0.280882,0.306292,0.10951,0.529126,2551596863,mixed,0.275529,526441
orkut,12,sparse,93,1.22232,0.276018,0.143732,1.37718,7785307,mixed,1.21808,2267860
orkut,12,sparse,94,2.92796,0.346388,0.139989,3.06768,36701225,mixed,2.92387,5357783
orkut,12,sparse,95,0.21118,0.280565,0.107756,0.306514,138131120,mixed,0.206729,460731
orkut,12,sparse,96,13.7834,0.249561,0.120435,13.9938,269188155079,mixed,13.7782,8021711
orkut,12,sparse,97,0.152557,0.324424,0.101006,0.227953,24377627696,mixed,0.14666,367579
orkut,12,sparse,98,0.498384,0.249775,0.0918539,0.613757,28083918933,mixed,0.493166,1014116
orkut,12,sparse,99,1.45674,0.316588,0.137274,1.9726,1993512224,mixed,1.45181,1842107
orkut,12,sparse,100,6.34234,0.26048,0.123336,6.54142,3810372361,mixed,6.3378,6789763
