dataset,query_size,query_mode,query_index,elapsed_execution_time,filter_time,plan_time,enumerate_time,n_embeddings,order,max_task_time,n_intersections
friendster,8,dense,1,0.481545,1.10748,0.313228,2.53065,1594165,mixed,0.457696,428138
friendster,8,dense,2,0.955755,1.12179,0.462641,6.68598,286105,mixed,0.92978,1933442
friendster,8,dense,3,1.0726,1.10414,0.546484,6.77749,32461,mixed,1.05587,1515749
friendster,8,dense,4,0.177074,1.00895,0.484196,0.770811,1749560,mixed,0.156393,248675
friendster,8,dense,5,0.454627,1.02522,0.493315,2.01178,462068,mixed,0.43236,423985
friendster,8,dense,6,0.208683,1.03457,0.399785,1.1474,1365246,mixed,0.188085,401493
friendster,8,dense,7,0.494655,1.09904,0.598061,3.03083,171972,mixed,0.474038,700705
friendster,8,dense,8,0.583873,1.0688,0.715932,2.68653,5694,mixed,0.566044,1575580
friendster,8,dense,9,0.168465,1.18138,0.348298,0.820309,1207804,mixed,0.146054,256942
friendster,8,dense,10,1.1051,1.09971,0.46405,5.88967,370374,mixed,1.08307,2189840
friendster,8,dense,11,0.226909,1.1432,0.433044,1.21483,273913,mixed,0.206689,452684
friendster,8,dense,12,0.183745,0.94787,0.31142,0.756176,3430026,mixed,0.159584,253275
friendster,8,dense,13,0.173183,1.13961,0.433708,0.777904,368405,mixed,0.151458,263101
friendster,8,dense,14,1.03712,1.1584,0.493627,5.39622,49677,mixed,1.02064,1960010
friendster,8,dense,15,0.188585,0.980507,0.305578,0.830205,971412,mixed,0.167769,290166
friendster,8,dense,16,0.170113,1.05434,0.324819,0.761437,1659526,mixed,0.146165,260994
friendster,8,dense,17,0.353744,1.02844,0.534852,2.16322,108009,mixed,0.33191,327659
friendster,8,dense,18,0.162223,1.11078,0.390494,0.743411,28082863,mixed,0.136823,254866
friendster,8,dense,19,1.56977,1.1661,0.499418,5.86967,15638,mixed,1.55119,2770166
friendster,8,dense,20,0.299764,1.1168,0.433939,1.9106,247940,mixed,0.278157,990488
friendster,8,dense,21,0.669917,1.12217,0.575759,1.80039,285552,mixed,0.64967,791816
friendster,8,dense,22,0.596499,1.0684,0.488407,3.86342,91967,mixed,0.573486,1051755
friendster,8,dense,23,0.153304,1.09125,0.38566,0.760699,228502,mixed,0.134755,255385
friendster,8,dense,24,0.164045,1.12179,0.437342,0.788429,139149,mixed,0.143265,243854
friendster,8,dense,25,0.39926,1.18406,0.542153,2.50168,300793,mixed,0.380784,473445
friendster,8,dense,26,0.199668,0.974244,0.427861,1.08388,282658,mixed,0.179827,354723
friendster,8,dense,27,0.492565,1.0852,0.375916,3.11645,103681,mixed,0.472712,581754
friendster,8,dense,28,0.184591,1.12845,0.382902,0.830817,1023576,mixed,0.164483,273586
friendster,8,dense,29,2.26898,1.06006,0.630591,16.0474,49159,mixed,2.25063,8079752
friendster,8,dense,30,0.339879,1.09166,0.42518,1.82669,259296,mixed,0.318798,697118
friendster,8,dense,31,0.723984,1.09267,0.434153,3.5143,1027133,mixed,0.702505,759528
friendster,8,dense,32,0.299846,1.02943,0.427867,1.69759,275009,mixed,0.280207,732436
friendster,8,dense,33,0.17553,1.06018,0.544162,1.11755,416496,mixed,0.156363,378817
friendster,8,dense,34,0.576464,1.08179,0.587263,3.3768,21142,mixed,0.561451,635261
friendster,8,dense,35,0.691505,1.1243,0.495763,1.66542,147533,mixed,0.674651,653686
friendster,8,dense,36,0.678176,1.1698,0.565672,4.71492,202011,mixed,0.65932,1727902
friendster,8,dense,37,0.182887,0.974313,0.517641,0.798759,870623,mixed,0.15855,267864
friendster,8,dense,38,1.54199,1.12525,0.532452,9.8036,30002,mixed,1.52435,6729227
friendster,8,dense,39,0.163879,1.07243,0.381411,0.795205,11951630,mixed,0.139669,252531
friendster,8,dense,40,0.750164,1.04752,0.475141,4.34151,185275,mixed,0.717008,869516
friendster,8,dense,41,0.174745,1.04794,0.438046,0.787573,461608,mixed,0.153628,258777
friendster,8,dense,42,0.488406,1.05053,0.450816,2.75165,1230616,mixed,0.467508,568013
friendster,8,dense,43,0.627964,1.08862,0.550084,3.24838,243646,mixed,0.607916,749981
friendster,8,dense,44,0.152605,1.1224,0.432555,0.754338,84836,mixed,0.134101,243406
friendster,8,dense,45,0.156941,1.10279,0.437433,0.827481,1196527,mixed,0.135395,265156
friendster,8,dense,46,0.480397,1.10174,0.531024,2.28375,1300737,mixed,0.458193,357776
friendster,8,dense,47,0.994038,1.08626,0.450456,6.00654,403398,mixed,0.974296,3178666
friendster,8,dense,48,0.176236,1.06307,0.407849,0.811152,290120,mixed,0.150503,286662
friendster,8,dense,49,0.170836,1.04254,0.351571,0.783035,2287132,mixed,0.149001,246858
friendster,8,dense,50,0.462802,1.15812,0.532881,2.16779,106245,mixed,0.442429,316318
friendster,8,dense,51,0.173499,1.11767,0.451821,0.787328,1752169,mixed,0.151621,257489
friendster,8,dense,52,0.167024,1.06229,0.568436,0.764662,185575,mixed,0.148638,241499
friendster,8,dense,53,0.196082,1.08309,0.455708,0.837995,1151603,mixed,0.17387,271978
friendster,8,dense,54,0.771043,1.08018,0.570749,3.59509,26606,mixed,0.753135,950819
friendster,8,dense,55,0.172639,1.07624,0.444133,0.762054,331782,mixed,0.146217,265081
friendster,8,dense,56,0.928799,1.13125,0.600133,2.40624,152054,mixed,0.907567,1055103
friendster,8,dense,57,0.18096,1.1261,0.43379,0.810053,351401,mixed,0.159683,264995
friendster,8,dense,58,2.21611,1.11202,0.653711,7.49397,82161,mixed,2.19624,3867228
friendster,8,dense,59,0.161577,1.20636,0.609825,1.09554,49526,mixed,0.143985,340608
friendster,8,dense,60,0.160663,1.09777,0.467874,0.779765,290072,mixed,0.138004,255079
friendster,8,dense,61,0.230613,1.14229,0.462198,0.894044,8652,mixed,0.216401,297484
friendster,8,dense,62,0.178261,1.15989,0.551131,0.752237,38856,mixed,0.16227,234589
friendster,8,dense,63,0.194976,1.12442,0.459473,0.863626,307528,mixed,0.172941,314996
friendster,8,dense,64,1.58028,1.17665,0.806408,10.9397,8902,mixed,1.56423,7362261
friendster,8,dense,65,0.155432,1.08461,0.527212,0.752324,78781,mixed,0.13626,254714
friendster,8,dense,66,0.180587,0.988497,0.560042,1.08554,374813,mixed,0.161097,373269
friendster,8,dense,67,3.60918,1.01965,0.723516,18.4586,18646,mixed,3.59096,10396207
friendster,8,dense,68,0.18883,1.02204,0.39644,0.840216,743362,mixed,0.167772,276018
friendster,8,dense,69,0.178354,0.998143,0.411237,0.81303,959877,mixed,0.156279,275090
friendster,8,dense,70,0.172439,1.10749,0.466787,0.783054,92345,mixed,0.15225,256023
friendster,8,dense,71,0.163591,1.06008,0.44051,0.77405,345032,mixed,0.140804,257936
friendster,8,dense,72,0.39783,1.09603,0.535223,2.28297,714325,mixed,0.373006,335696
friendster,8,dense,73,0.577581,1.12248,0.555964,1.56801,270675,mixed,0.557952,663988
friendster,8,dense,74,0.185277,1.061,0.467585,0.938442,69500,mixed,0.169249,314681
friendster,8,dense,75,0.453439,1.09115,0.47721,2.30302,415280,mixed,0.431232,335264
friendster,8,dense,76,0.258585,1.09151,0.53718,1.08143,673049,mixed,0.237504,357598
friendster,8,dense,77,0.196777,1.02973,0.43509,0.801878,349246,mixed,0.176322,274378
friendster,8,dense,78,0.164064,1.07968,0.393086,0.832106,741278,mixed,0.141761,254591
friendster,8,dense,79,0.164125,1.1016,0.360005,0.786827,86893,mixed,0.144634,249267
friendster,8,dense,80,0.178614,1.09114,0.441557,0.801137,278432,mixed,0.157405,265612
friendster,8,dense,81,1.2467,1.09246,0.51755,6.92923,220490,mixed,1.22641,1475424
friendster,8,dense,82,0.186768,1.11857,0.532306,0.89631,413180,mixed,0.167582,270143
friendster,8,dense,83,0.177686,1.10944,0.457436,0.784489,504928,mixed,0.156493,277169
friendster,8,dense,84,0.184261,1.01469,0.306592,0.774425,3086807,mixed,0.157796,256051
friendster,8,dense,85,0.869548,1.10649,0.422088,5.98606,71443,mixed,0.850638,2123611
friendster,8,dense,86,0.194311,1.07713,0.420179,0.851819,1114967,mixed,0.172342,276507
friendster,8,dense,87,0.171026,1.07359,0.451972,0.921628,378972,mixed,0.150107,360355
friendster,8,dense,88,0.175886,1.12509,0.490462,1.03795,254939,mixed,0.155525,339030
friendster,8,dense,89,0.179724,1.19272,0.459492,0.889306,309939,mixed,0.162202,309629
friendster,8,dense,90,0.814221,1.11809,0.500827,4.32609,358344,mixed,0.789543,1226023
friendster,8,dense,91,1.49958,1.07938,0.520319,4.70713,9806,mixed,1.48383,1521573
friendster,8,dense,92,0.17282,1.04491,0.417216,0.771821,1071882,mixed,0.151926,272383
friendster,8,dense,93,0.643598,1.17825,0.488602,4.37545,325753,mixed,0.624695,1196887
friendster,8,dense,94,0.619727,1.08218,0.379203,4.15924,289111,mixed,0.600624,1116228
friendster,8,dense,95,0.889465,1.05153,0.413329,5.5649,219036,mixed,0.868523,2070755
friendster,8,dense,96,0.158826,1.11573,0.540912,0.754113,59949,mixed,0.140864,250980
friendster,8,dense,97,0.159214,1.07484,0.469172,0.7891,19775,mixed,0.140731,254664
friendster,8,dense,98,0.154899,1.09609,0.440633,0.754051,121073,mixed,0.133611,238740
friendster,8,dense,99,0.499355,1.06637,0.480224,2.73562,131968,mixed,0.478774,325929
friendster,8,dense,100,0.17219,0.996471,0.473015,0.789025,2211249,mixed,0.150759,260401
friendster,8,sparse,1,0.739954,0.939122,0.368415,3.61192,8305487305,mixed,0.70733,1522505
friendster,8,sparse,2,3.03428,0.955627,0.529185,17.0673,6297510782,mixed,3.00469,6384575
friendster,8,sparse,3,2.8426,0.991934,0.421126,15.2116,7232393137,mixed,2.81215,8770415
friendster,8,sparse,4,4.80552,1.13139,0.839009,23.5694,10758,mixed,4.78735,12412882
friendster,8,sparse,5,2.83303,0.921718,0.501642,13.7286,4895401545,mixed,2.80259,6277412
friendster,8,sparse,6,3.17444,0.920152,0.462292,15.3209,5920402403,mixed,3.14631,6205164
friendster,8,sparse,7,1.12571,1.06819,0.360011,5.36706,9894027731,mixed,1.09393,2290576
friendster,8,sparse,8,0.273228,1.12971,0.636555,1.19675,172298,mixed,0.252054,556696
friendster,8,sparse,9,0.291196,0.973756,0.24969,1.41785,20091400655,mixed,0.25846,480670
friendster,8,sparse,10,0.552494,0.963312,0.322359,2.77063,9679643562,mixed,0.52018,1105016
friendster,8,sparse,11,1.9489,0.944379,0.515095,9.08329,3567336283,mixed,1.91955,4437330
friendster,8,sparse,12,5.19989,1.11665,0.591907,29.5544,29443,mixed,5.18096,10560549
friendster,8,sparse,13,0.278193,0.873984,0.283751,1.19422,28176847450,mixed,0.244335,451944
friendster,8,sparse,14,0.728621,1.06466,0.580055,2.30404,158121,mixed,0.709792,1021578
friendster,8,sparse,15,2.29544,1.02934,0.552982,10.6864,2761583193,mixed,2.26531,6498043
friendster,8,sparse,16,19.4258,0.958879,0.61904,95.9994,3047156636,mixed,19.3847,39002772
friendster,8,sparse,17,19.641,0.95944,0.649738,68.2741,2295417796,mixed,19.6072,39536587
friendster,8,sparse,18,0.549479,0.95692,0.380875,2.83673,14590264428,mixed,0.517131,1173297
friendster,8,sparse,19,3.31108,0.921057,0.532815,16.9482,3931724398,mixed,3.28105,9469116
friendster,8,sparse,20,2.55092,0.920991,0.508653,12.9068,4578759693,mixed,2.51643,6044500
friendster,8,sparse,21,22.8098,0.924371,0.593326,94.5597,3650217124,mixed,22.7815,60194822
friendster,8,sparse,22,0.188159,1.00721,0.706849,0.906542,189634,mixed,0.171277,305707
friendster,8,sparse,23,1.15377,0.939891,0.326262,8.07823,19115475317,mixed,1.12339,2257340
friendster,8,sparse,24,0.534234,0.96639,0.362409,2.58131,7023190137,mixed,0.502141,1270234
friendster,8,sparse,25,0.549805,1.08812,0.637371,4.06939,79400,mixed,0.531456,1154349
friendster,8,sparse,26,0.902323,0.909601,0.396904,5.52426,9634744509,mixed,0.869248,1230480
friendster,8,sparse,27,0.660424,0.981779,0.358987,3.15574,7817666476,mixed,0.627875,1315252
friendster,8,sparse,28,0.569227,0.891109,0.404711,2.49455,9617468563,mixed,0.536756,1163137
friendster,8,sparse,29,2.81186,0.937883,0.48482,14.1668,5035403215,mixed,2.78151,5976583
friendster,8,sparse,30,2.55561,0.957859,0.522962,16.4312,5402895859,mixed,2.52582,6339407
friendster,8,sparse,31,0.950065,0.933003,0.369475,6.03024,9017203579,mixed,0.912583,2371231
friendster,8,sparse,32,21.0303,0.944233,0.60452,102.817,3290066466,mixed,21.0004,40868167
friendster,8,sparse,33,0.524795,0.963778,0.36598,2.55067,11498330873,mixed,0.492303,1194290
friendster,8,sparse,34,0.265416,0.904189,0.29423,1.2261,38012840306,mixed,0.232176,455674
friendster,8,sparse,35,2.52389,1.07856,0.653914,11.8457,272995,mixed,2.5037,4539419
friendster,8,sparse,36,0.323649,0.881578,0.23701,1.35557,22324303230,mixed,0.28811,485338
friendster,8,sparse,37,0.603565,0.923455,0.371736,2.82321,7867418929,mixed,0.570441,1312576
friendster,8,sparse,38,38.046,0.957414,0.555838,123.475,3350828901,mixed,38.0162,60165442
friendster,8,sparse,39,3.13133,0.922475,0.450587,15.5163,8532680630,mixed,3.10052,6616769
friendster,8,sparse,40,0.569649,0.921745,0.350345,2.77241,13175656239,mixed,0.538196,1169253
friendster,8,sparse,41,0.287206,1.06174,0.597266,1.55863,124111,mixed,0.267341,753710
friendster,8,sparse,42,17.6626,0.903758,0.607938,89.1057,3063615122,mixed,17.6348,34232948
friendster,8,sparse,43,1.19432,1.08268,0.608012,8.22414,61209,mixed,1.17555,3145729
friendster,8,sparse,44,3.07344,0.916426,0.459285,14.8924,5465557104,mixed,3.04275,9419261
friendster,8,sparse,45,2.92584,1.03848,0.546043,15.813,4442951602,mixed,2.89603,5955655
friendster,8,sparse,46,0.502843,1.09213,0.625458,3.33728,61428,mixed,0.482972,1110800
friendster,8,sparse,47,16.3138,0.995491,0.623925,75.7353,2513276371,mixed,16.2843,35614384
friendster,8,sparse,48,3.26463,0.934676,0.482776,19.2242,4835655228,mixed,3.23469,6152815
friendster,8,sparse,49,0.273411,0.93675,0.29706,1.29821,34491705158,mixed,0.238865,447571
friendster,8,sparse,50,0.682854,0.959403,0.354623,2.99534,12625212231,mixed,0.650694,1157759
friendster,8,sparse,51,2.68868,0.967915,0.432847,13.8818,9516097247,mixed,2.65626,6641286
friendster,8,sparse,52,2.6605,0.98886,0.559947,13.324,4269618675,mixed,2.6292,7439347
friendster,8,sparse,53,2.08066,0.983416,0.427483,9.10361,2637304805,mixed,2.05341,3319157
friendster,8,sparse,54,0.278151,0.944833,0.243238,1.2021,42089707105,mixed,0.243697,456347
friendster,8,sparse,55,0.871256,0.924216,0.433674,4.83442,7461837490,mixed,0.837357,2551489
friendster,8,sparse,56,5.00898,0.969978,0.703886,28.6432,106854899,mixed,4.9836,9756446
friendster,8,sparse,57,23.6569,0.983128,0.609098,102.874,2853984172,mixed,23.631,71955745
friendster,8,sparse,58,2.71839,0.974338,0.527273,16.219,4691884784,mixed,2.68872,5985090
friendster,8,sparse,59,0.281593,0.983714,0.583151,1.20301,345003105,mixed,0.252503,508637
friendster,8,sparse,60,98.1682,1.05258,0.773508,526.604,1279495258,mixed,98.1412,206119774
friendster,8,sparse,61,0.597326,0.914701,0.362269,2.53363,13573107915,mixed,0.561693,1172468
friendster,8,sparse,62,16.9177,0.963474,0.681445,82.5886,2729754499,mixed,16.8911,30059283
friendster,8,sparse,63,2.88554,1.15206,0.683646,20.2253,4106,mixed,2.87095,7888093
friendster,8,sparse,64,0.54969,1.12698,0.594964,1.97941,84508,mixed,0.531336,804662
friendster,8,sparse,65,0.263214,0.885039,0.267035,1.21407,102326308517,mixed,0.228432,508243
friendster,8,sparse,66,0.537365,0.953136,0.389423,2.58004,8226417643,mixed,0.5049,1119921
friendster,8,sparse,67,0.579149,0.966601,0.33778,2.62151,15740878868,mixed,0.546728,1165291
friendster,8,sparse,68,2.69247,0.92898,0.51077,12.9036,3088668564,mixed,2.66276,4427406
friendster,8,sparse,69,0.523079,1.02407,0.362818,2.51954,13344378963,mixed,0.490697,1116552
friendster,8,sparse,70,12.2059,0.93475,0.632327,56.578,2385104873,mixed,12.1759,35442063
friendster,8,sparse,71,0.601981,0.994523,0.367849,2.67057,10175634633,mixed,0.569511,1143809
friendster,8,sparse,72,1.11351,0.979524,0.68679,5.8708,116988793,mixed,1.08748,2757633
friendster,8,sparse,73,2.16431,0.901083,0.512028,10.7463,4543529644,mixed,2.13357,6253645
friendster,8,sparse,74,3.88194,0.947992,0.513441,19.5897,5152885987,mixed,3.849,6181902
friendster,8,sparse,75,2.34835,0.961976,0.505439,11.8387,3705321004,mixed,2.31762,5393448
friendster,8,sparse,76,0.596,0.955785,0.333569,2.4322,26917502049,mixed,0.562927,1214582
friendster,8,sparse,77,3.03992,1.02431,0.534508,16.064,5582987401,mixed,3.01019,6277605
friendster,8,sparse,78,0.785101,0.980987,0.354963,3.18411,10934202388,mixed,0.752992,1162550
friendster,8,sparse,79,2.7891,0.999713,0.476488,15.8433,5839504920,mixed,2.75913,7438027
friendster,8,sparse,80,0.284263,0.963348,0.304927,1.13658,47373798340,mixed,0.245923,459247
friendster,8,sparse,81,8.92492,1.00209,0.672293,45.9154,1901870853,mixed,8.89566,21755473
friendster,8,sparse,82,0.636738,0.969334,0.378101,2.90983,9104751287,mixed,0.603747,1346468
friendster,8,sparse,83,3.03109,0.985761,0.461917,16.2884,5351567460,mixed,3.00182,6272525
friendster,8,sparse,84,0.457203,1.02659,0.655119,3.30433,120916,mixed,0.437647,1128838
friendster,8,sparse,85,3.37969,0.999086,0.58827,23.007,23636,mixed,3.36008,7816583
friendster,8,sparse,86,2.66697,0.956053,0.563547,14.5883,4189923659,mixed,2.63612,6060617
friendster,8,sparse,87,0.805817,0.887912,0.406738,5.35198,9040534307,mixed,0.773409,1212813
friendster,8,sparse,88,3.13069,0.914291,0.500586,13.5365,5587252534,mixed,3.09857,6549939
friendster,8,sparse,89,3.30477,1.06963,0.816208,16.409,32358,mixed,3.28774,13806955
friendster,8,sparse,90,27.155,0.956876,0.627721,116.491,3079531251,mixed,27.1273,72893643
friendster,8,sparse,91,0.255534,0.857222,0.301181,1.11244,49298072241,mixed,0.22249,451604
friendster,8,sparse,92,20.5343,0.957543,0.702907,90.5807,2579431110,mixed,20.5053,40577922
friendster,8,sparse,93,3.4195,0.991429,0.485805,16.0486,3273856106,mixed,3.38991,7940535
friendster,8,sparse,94,2.05539,0.957803,0.449904,11.0031,3419998033,mixed,2.02668,4755101
friendster,8,sparse,95,3.51688,0.96137,0.430279,15.952,10165745945,mixed,3.48552,9672929
friendster,8,sparse,96,2.95222,0.946013,0.472264,15.3974,4014895041,mixed,2.92173,5824793
friendster,8,sparse,97,1.34206,0.900174,0.32744,8.24905,19630885352,mixed,1.31045,3110947
friendster,8,sparse,98,0.528008,0.892184,0.35756,2.78749,26975529015,mixed,0.495665,1221605
friendster,8,sparse,99,8.90471,0.978018,0.668022,44.8701,1363293488,mixed,8.87494,23136090
friendster,8,sparse,100,0.614136,0.947843,0.218203,3.53709,16997377720,mixed,0.577517,697295
