dataset,query_size,query_mode,query_index,elapsed_execution_time,filter_time,plan_time,enumerate_time,n_embeddings,order,max_task_time,n_intersections
orkut,8,dense,1,0.169309,0.207133,0.0975,0.245782,718319,mixed,0.166009,343588
orkut,8,dense,2,0.160669,0.219576,0.0962933,0.253699,2122314,mixed,0.157535,411685
orkut,8,dense,3,0.131581,0.222585,0.0887844,0.197517,4243645,mixed,0.128154,267791
orkut,8,dense,4,0.610854,0.219692,0.113457,0.706015,447770,mixed,0.607686,1011979
orkut,8,dense,5,0.17763,0.208859,0.0980254,0.251185,1867295,mixed,0.173536,390944
orkut,8,dense,6,0.21436,0.241831,0.11597,0.335521,1517097,mixed,0.211098,368306
orkut,8,dense,7,0.267825,0.162392,0.0973218,0.420185,86953,mixed,0.264919,555208
orkut,8,dense,8,0.124483,0.177101,0.0842932,0.213318,832973,mixed,0.121334,308022
orkut,8,dense,9,0.128888,0.219384,0.0875687,0.189148,878765,mixed,0.125856,266386
orkut,8,dense,10,0.283942,0.176643,0.0992638,0.350423,336581,mixed,0.280615,545120
orkut,8,dense,11,0.282034,0.181869,0.0929275,0.375528,3409886,mixed,0.278594,412168
orkut,8,dense,12,0.125273,0.228356,0.0895462,0.205241,41893,mixed,0.122532,322028
orkut,8,dense,13,0.386626,0.182667,0.0909729,0.459982,13113350,mixed,0.383126,601516
orkut,8,dense,14,0.131246,0.235855,0.105836,0.217595,473717,mixed,0.128439,268815
orkut,8,dense,15,0.621103,0.217574,0.119751,0.7301,477307,mixed,0.618,985807
orkut,8,dense,16,0.181244,0.234084,0.0907846,0.26176,52467,mixed,0.178477,436061
orkut,8,dense,17,0.297276,0.265295,0.113286,0.378655,480851,mixed,0.293984,506559
orkut,8,dense,18,0.549715,0.209107,0.0977124,0.644171,101888,mixed,0.546862,886760
orkut,8,dense,19,0.563871,0.225796,0.105896,0.666122,664630,mixed,0.55755,912031
orkut,8,dense,20,0.189706,0.170142,0.0833044,0.243027,29231796,mixed,0.18599,327838
orkut,8,dense,21,0.348947,0.208837,0.105959,0.455154,80712,mixed,0.346034,599856
orkut,8,dense,22,0.164376,0.220012,0.11085,0.244429,283362,mixed,0.160927,304251
orkut,8,dense,23,0.211323,0.223024,0.097584,0.285436,3446020,mixed,0.207993,450296
orkut,8,dense,24,0.161045,0.201594,0.100427,0.248402,2129524,mixed,0.157571,324873
orkut,8,dense,25,0.210651,0.252222,0.105671,0.332262,3545761,mixed,0.207289,383021
orkut,8,dense,26,0.46347,0.262917,0.110784,0.560271,244040,mixed,0.460184,799865
orkut,8,dense,27,0.14224,0.220664,0.0999816,0.224267,48329,mixed,0.139519,332323
orkut,8,dense,28,0.496603,0.200732,0.0883767,0.569297,19729269,mixed,0.492652,720198
orkut,8,dense,29,0.134622,0.232512,0.0923486,0.217241,549592,mixed,0.131083,248524
orkut,8,dense,30,0.128708,0.242669,0.0793122,0.205625,1993620,mixed,0.125294,242618
orkut,8,dense,31,0.149031,0.202492,0.0925911,0.233825,797987,mixed,0.145426,355835
orkut,8,dense,32,0.131902,0.232329,0.0882845,0.205409,71261,mixed,0.128912,282117
orkut,8,dense,33,0.113811,0.15515,0.0863704,0.174366,2052619,mixed,0.110093,262746
orkut,8,dense,34,0.136883,0.24891,0.092992,0.223883,784928,mixed,0.134094,303378
orkut,8,dense,35,0.146385,0.155005,0.087575,0.210919,4389398,mixed,0.142867,313578
orkut,8,dense,36,0.247042,0.211403,0.0947021,0.331886,1200655,mixed,0.243418,406999
orkut,8,dense,37,0.390882,0.199703,0.125348,0.512801,187779,mixed,0.388024,711998
orkut,8,dense,38,0.534719,0.176295,0.0947201,0.609493,755522,mixed,0.530744,1000230
orkut,8,dense,39,0.224812,0.242607,0.109712,0.340243,166599,mixed,0.22173,470929
orkut,8,dense,40,0.174053,0.142591,0.0897944,0.265577,5899798,mixed,0.170866,283945
orkut,8,dense,41,0.625257,0.30257,0.0961222,0.700551,230916,mixed,0.62198,1130998
orkut,8,dense,42,0.120592,0.171722,0.0906519,0.197389,829116,mixed,0.117323,273956
orkut,8,dense,43,0.18601,0.274417,0.0973477,0.286522,106850,mixed,0.183245,308285
orkut,8,dense,44,0.144985,0.186265,0.0840395,0.212181,2426282,mixed,0.141097,332184
orkut,8,dense,45,0.163529,0.242776,0.0778432,0.237234,6229287,mixed,0.15989,327161
orkut,8,dense,46,0.236428,0.222466,0.0974867,0.417564,62796,mixed,0.234019,544761
orkut,8,dense,47,0.672536,0.220475,0.117517,0.813809,60414,mixed,0.66919,1231835
orkut,8,dense,48,0.114394,0.230333,0.0902138,0.189856,122226,mixed,0.11169,285784
orkut,8,dense,49,0.199226,0.192398,0.0986819,0.290113,1109043,mixed,0.195377,279227
orkut,8,dense,50,1.12581,0.181894,0.12271,2.10622,432792,mixed,1.12272,2487685
orkut,8,dense,51,0.139535,0.27328,0.100672,0.220024,2917114,mixed,0.136113,322202
orkut,8,dense,52,0.635556,0.207756,0.107934,0.760963,2651687,mixed,0.631752,1169727
orkut,8,dense,53,0.127869,0.180987,0.0846744,0.188243,7400846,mixed,0.124661,280852
orkut,8,dense,54,0.247537,0.245226,0.105853,0.357388,86643,mixed,0.244461,425589
orkut,8,dense,55,0.145252,0.204119,0.0973286,0.19983,466090,mixed,0.142142,280553
orkut,8,dense,56,0.238829,0.219183,0.0983731,0.313539,2180718,mixed,0.235136,414217
orkut,8,dense,57,0.18022,0.191699,0.102742,0.266362,242474,mixed,0.176677,355999
orkut,8,dense,58,0.142964,0.211624,0.0929105,0.226261,1704610,mixed,0.139665,259356
orkut,8,dense,59,0.211507,0.158599,0.0876465,0.274842,496773,mixed,0.207924,424365
orkut,8,dense,60,0.126658,0.201964,0.0893786,0.1965,44102,mixed,0.123881,276451
orkut,8,dense,61,0.128388,0.179857,0.0831447,0.21153,26973759,mixed,0.124696,255233
orkut,8,dense,62,0.615625,0.246497,0.135677,0.702825,1344853,mixed,0.612157,1019345
orkut,8,dense,63,0.126875,0.241457,0.0901356,0.193965,2370397,mixed,0.123369,242550
orkut,8,dense,64,0.128394,0.20656,0.0915149,0.185839,3439603,mixed,0.124146,252478
orkut,8,dense,65,0.170203,0.221374,0.107596,0.28046,276528,mixed,0.16656,302070
orkut,8,dense,66,0.607836,0.271271,0.116535,0.758047,98319,mixed,0.604193,1060719
orkut,8,dense,67,0.131783,0.224867,0.0919528,0.199218,3174636,mixed,0.127597,286696
orkut,8,dense,68,0.117477,0.261681,0.0956274,0.180118,470383,mixed,0.113339,282148
orkut,8,dense,69,0.54309,0.227657,0.0979335,0.600024,39866,mixed,0.540039,941976
orkut,8,dense,70,0.122544,0.238972,0.101054,0.181003,445564,mixed,0.119391,255440
orkut,8,dense,71,0.125283,0.208697,0.0754086,0.180488,1801527,mixed,0.12202,276024
orkut,8,dense,72,0.124691,0.148503,0.0948278,0.182378,4322214,mixed,0.120864,275973
orkut,8,dense,73,0.191558,0.18108,0.106595,0.262721,234693,mixed,0.188313,290870
orkut,8,dense,74,0.167861,0.23064,0.102581,0.243715,105581,mixed,0.165022,295553
orkut,8,dense,75,0.129884,0.191769,0.090913,0.195698,504633,mixed,0.126428,307387
orkut,8,dense,76,0.11531,0.22387,0.0842855,0.170816,777684,mixed,0.107656,182813
orkut,8,dense,77,0.186914,0.249912,0.0915785,0.253394,310132,mixed,0.18351,318912
orkut,8,dense,78,0.155133,0.175905,0.11227,0.217613,857836,mixed,0.15157,306487
orkut,8,dense,79,0.284219,0.21578,0.0934481,0.353203,3641191,mixed,0.280418,513493
orkut,8,dense,80,0.136591,0.210568,0.0921879,0.202793,20931,mixed,0.133788,341915
orkut,8,dense,81,0.138432,0.209201,0.0906396,0.225207,35958,mixed,0.135912,335655
orkut,8,dense,82,0.281961,0.253099,0.107759,0.455178,82485,mixed,0.279408,837669
orkut,8,dense,83,0.115872,0.208021,0.0859758,0.211709,1745618,mixed,0.112193,247317
orkut,8,dense,84,0.547953,0.261463,0.0969565,0.619931,36608,mixed,0.543504,1020161
orkut,8,dense,85,0.115433,0.180079,0.0877,0.179091,11578532,mixed,0.112274,242527
orkut,8,dense,86,0.112589,0.205149,0.0753478,0.163717,39979716,mixed,0.109224,213602
orkut,8,dense,87,0.12072,0.260751,0.0971315,0.192036,222379,mixed,0.117776,303828
orkut,8,dense,88,0.549773,0.244368,0.0975972,0.662029,169083,mixed,0.546977,1055247
orkut,8,dense,89,0.645563,0.208583,0.0985237,0.741295,1573170,mixed,0.642364,1236033
orkut,8,dense,90,0.127857,0.243333,0.0905673,0.189578,79559,mixed,0.125312,287735
orkut,8,dense,91,0.125919,0.200633,0.0934818,0.212503,1874277,mixed,0.122523,325799
orkut,8,dense,92,0.22328,0.20385,0.0861258,0.300945,2154545,mixed,0.219779,328921
orkut,8,dense,93,0.325305,0.226909,0.10887,0.658165,86190,mixed,0.322291,1015617
orkut,8,dense,94,0.122221,0.166501,0.0976347,0.190718,217955,mixed,0.119469,275048
orkut,8,dense,95,1.40927,0.219759,0.0908599,1.53293,129107,mixed,1.40611,2475599
orkut,8,dense,96,0.178477,0.192196,0.0803807,0.249625,49136,mixed,0.176098,356423
orkut,8,dense,97,0.26283,0.208922,0.10592,0.332324,169275,mixed,0.257558,500439
orkut,8,dense,98,0.206091,0.215972,0.0898399,0.300874,6559768,mixed,0.203189,342221
orkut,8,dense,99,0.178426,0.260853,0.0880333,0.25209,10965512,mixed,0.174427,293609
orkut,8,dense,100,0.160098,0.202343,0.0860785,0.227502,19363130,mixed,0.156403,285906
orkut,8,sparse,1,1.79983,0.207053,0.092102,1.99347,155913823,mixed,1.79514,1461168
orkut,8,sparse,2,1.48405,0.159961,0.0999882,1.60392,33553669,mixed,1.47952,1981207
orkut,8,sparse,3,0.367946,0.215741,0.0932673,0.549936,1468824,mixed,0.363363,682624
orkut,8,sparse,4,0.534636,0.207046,0.0678287,0.661197,23526117,mixed,0.52945,1009625
orkut,8,sparse,5,0.126466,0.219051,0.0912806,0.178095,3042220,mixed,0.122698,263933
orkut,8,sparse,6,0.67227,0.204409,0.0999496,0.815668,1013013448,mixed,0.667316,801090
orkut,8,sparse,7,1.85776,0.223901,0.114738,2.14881,4026379,mixed,1.85336,2966787
orkut,8,sparse,8,0.173821,0.21075,0.0911473,0.26284,651677125,mixed,0.168369,308633
orkut,8,sparse,9,2.49166,0.206114,0.0946632,2.87408,27276848,mixed,2.48673,3568305
orkut,8,sparse,10,0.166862,0.22505,0.0727092,0.243865,70935632,mixed,0.16155,298787
orkut,8,sparse,11,0.641614,0.219481,0.0930924,0.776221,41016725,mixed,0.636641,951492
orkut,8,sparse,12,0.113344,0.196434,0.09017,0.181736,36613295,mixed,0.108796,257735
orkut,8,sparse,13,367.322,0.163475,0.116716,367.988,210204263,mixed,367.318,418704465
orkut,8,sparse,14,1.6215,0.185727,0.12924,1.77174,16368879,mixed,1.61703,1408689
orkut,8,sparse,15,0.549152,0.200164,0.0930727,0.700914,129324939,mixed,0.544372,791863
orkut,8,sparse,16,0.14546,0.178802,0.103678,0.203571,3491358,mixed,0.141464,268789
orkut,8,sparse,17,0.179188,0.180063,0.0932122,0.239504,7174466252,mixed,0.174497,272007
orkut,8,sparse,18,0.379354,0.19246,0.0829196,0.479772,235463640,mixed,0.373823,527704
orkut,8,sparse,19,0.272297,0.216373,0.0963076,0.374546,7035951,mixed,0.267891,441315
orkut,8,sparse,20,0.433924,0.186556,0.0968791,0.593947,68766188,mixed,0.429473,646847
orkut,8,sparse,21,0.214308,0.237297,0.108422,0.330679,8157848,mixed,0.210163,421204
orkut,8,sparse,22,1.01139,0.179783,0.0955875,1.17018,35838711,mixed,1.00644,1360790
orkut,8,sparse,23,0.35504,0.162657,0.08858,0.449162,757901461,mixed,0.350272,484284
orkut,8,sparse,24,0.168695,0.205091,0.110445,0.232855,99195520,mixed,0.16467,248813
orkut,8,sparse,25,1.59425,0.186273,0.115376,1.71545,8203658,mixed,1.58975,1798829
orkut,8,sparse,26,9.39785,0.20608,0.130607,9.60194,90808455,mixed,9.39228,9137810
orkut,8,sparse,27,0.268062,0.158009,0.0898315,0.416634,34188630,mixed,0.262865,444358
orkut,8,sparse,28,1.58402,0.170777,0.0962819,1.72446,92861945,mixed,1.57899,1251263
orkut,8,sparse,29,0.424954,0.143656,0.118988,0.50514,159277509,mixed,0.420288,462914
orkut,8,sparse,30,0.175991,0.190793,0.0853568,0.239688,6936870135,mixed,0.17135,263644
orkut,8,sparse,31,0.134584,0.145826,0.0696586,0.193854,176310970,mixed,0.129324,266483
orkut,8,sparse,32,0.679839,0.183741,0.102976,0.912134,184990017,mixed,0.674877,937517
orkut,8,sparse,33,0.45461,0.224196,0.085904,0.591847,31596444,mixed,0.449452,773475
orkut,8,sparse,34,0.344509,0.24283,0.0695833,0.439022,417744825,mixed,0.339384,536142
orkut,8,sparse,35,2.62239,0.189363,0.113187,2.86412,2169441,mixed,2.61787,3943070
orkut,8,sparse,36,0.137533,0.19166,0.108248,0.199202,4689733,mixed,0.133222,260041
orkut,8,sparse,37,16.5981,0.212598,0.126599,17.2371,12514511,mixed,16.5933,23113498
orkut,8,sparse,38,0.155003,0.209688,0.0692965,0.223201,85193202,mixed,0.149897,300613
orkut,8,sparse,39,0.196482,0.197071,0.0934786,0.25679,231061233,mixed,0.192153,301907
orkut,8,sparse,40,0.24142,0.182843,0.0878558,0.325243,152094953,mixed,0.236806,473250
orkut,8,sparse,41,0.315357,0.205879,0.0993969,0.423317,37304323,mixed,0.310422,553723
orkut,8,sparse,42,0.575316,0.196512,0.0887431,0.670213,52987143,mixed,0.570725,686923
orkut,8,sparse,43,0.515266,0.184261,0.0951124,0.617965,18661953,mixed,0.510875,767584
orkut,8,sparse,44,0.156611,0.225838,0.0786064,0.258241,303782321,mixed,0.151667,272072
orkut,8,sparse,45,0.125642,0.166943,0.0728837,0.187749,358218952,mixed,0.120363,249147
orkut,8,sparse,46,2.09717,0.226562,0.0972296,2.24677,60490894,mixed,2.09239,3141797
orkut,8,sparse,47,1.04745,0.215714,0.0983838,1.22207,81804683,mixed,1.04232,1800577
orkut,8,sparse,48,0.165241,0.220904,0.0958232,0.224927,20609844401,mixed,0.160112,265296
orkut,8,sparse,49,0.419075,0.185002,0.0973071,0.573852,95526817,mixed,0.414238,538601
orkut,8,sparse,50,0.343285,0.175477,0.0928541,0.421355,1133493399,mixed,0.338259,479980
orkut,8,sparse,51,0.13108,0.230234,0.0949541,0.198903,84301806,mixed,0.126766,276616
orkut,8,sparse,52,0.209033,0.202082,0.0872428,0.273837,1417027903,mixed,0.204359,301739
orkut,8,sparse,53,0.494445,0.248147,0.0954822,0.562803,9160327,mixed,0.490421,729080
orkut,8,sparse,54,0.797387,0.211588,0.125952,0.894272,3746747,mixed,0.793259,958277
orkut,8,sparse,55,0.309122,0.230652,0.0829469,0.41684,167478013,mixed,0.30389,456622
orkut,8,sparse,56,0.583768,0.168636,0.103338,0.693016,15869848,mixed,0.579261,793418
orkut,8,sparse,57,1.47448,0.221272,0.0867972,1.60838,52061678,mixed,1.46949,2945523
orkut,8,sparse,58,1.01717,0.188908,0.106557,1.117,129528378,mixed,1.0124,904864
orkut,8,sparse,59,1.58725,0.145968,0.0910474,1.70249,110852721,mixed,1.58192,2094733
orkut,8,sparse,60,0.377015,0.192123,0.0825676,0.486258,73035248,mixed,0.372316,546741
orkut,8,sparse,61,0.151873,0.174049,0.0795706,0.208001,163093189278,mixed,0.146308,246951
orkut,8,sparse,62,0.160645,0.185093,0.0885961,0.22663,6689138,mixed,0.156342,299807
orkut,8,sparse,63,0.156057,0.142288,0.10054,0.236738,64843996,mixed,0.151297,254714
orkut,8,sparse,64,2.57713,0.212877,0.110792,2.86151,99466641,mixed,2.5723,3724087
orkut,8,sparse,65,1.80977,0.178977,0.0908315,1.96768,3923620406,mixed,1.80501,1307542
orkut,8,sparse,66,0.146375,0.230598,0.0703527,0.223846,2267258441,mixed,0.141018,236902
orkut,8,sparse,67,0.741665,0.20055,0.101773,0.841643,344039194,mixed,0.736193,939314
orkut,8,sparse,68,4.77711,0.155061,0.0903176,4.94066,273966630,mixed,4.77147,3635355
orkut,8,sparse,69,0.742202,0.206601,0.0851823,0.888948,31456870,mixed,0.737019,815026
orkut,8,sparse,70,1.20049,0.178372,0.123933,1.34112,893084,mixed,1.19609,1687679
orkut,8,sparse,71,0.141221,0.160244,0.0877946,0.223843,23907520,mixed,0.136473,281693
orkut,8,sparse,72,1.36957,0.198232,0.104805,1.63689,18048580,mixed,1.3644,1567931
orkut,8,sparse,73,0.208759,0.161251,0.0849803,0.275049,10517516884,mixed,0.203729,313722
orkut,8,sparse,74,0.903361,0.150768,0.0972353,1.01589,766258107,mixed,0.896832,1162237
orkut,8,sparse,75,0.774631,0.151391,0.0916032,0.875752,332022566,mixed,0.769693,944213
orkut,8,sparse,76,1.95697,0.202703,0.0915528,3.33606,232763274,mixed,1.95233,4689793
orkut,8,sparse,77,0.188221,0.192613,0.0739176,0.258024,250132390,mixed,0.182843,320873
orkut,8,sparse,78,0.398983,0.213445,0.0898266,0.500647,465241707,mixed,0.394046,591096
orkut,8,sparse,79,2.06915,0.215431,0.115155,2.25234,7008744,mixed,2.06489,2381574
orkut,8,sparse,80,0.20643,0.202641,0.114332,0.282219,21521647,mixed,0.202365,333148
orkut,8,sparse,81,0.377193,0.21768,0.0799169,0.471246,292122423,mixed,0.372282,642450
orkut,8,sparse,82,0.296231,0.215207,0.112497,0.383774,41304099,mixed,0.292566,402110
orkut,8,sparse,83,0.587737,0.220359,0.0992645,0.753723,58158904,mixed,0.582671,780088
orkut,8,sparse,84,0.215469,0.203588,0.0986508,0.299293,279170972,mixed,0.210871,296770
orkut,8,sparse,85,0.520084,0.237252,0.110421,0.649523,4682498,mixed,0.515722,856423
orkut,8,sparse,86,0.908046,0.195164,0.100953,1.03879,50730079,mixed,0.903635,1272125
orkut,8,sparse,87,0.653157,0.226056,0.108822,0.803827,7123295,mixed,0.648936,1158587
orkut,8,sparse,88,0.788398,0.210781,0.0802636,0.908486,690115599,mixed,0.782911,1021745
orkut,8,sparse,89,1.59941,0.22126,0.0970103,1.76932,52596401,mixed,1.59455,2716302
orkut,8,sparse,90,0.139157,0.147693,0.0934488,0.208249,56605573,mixed,0.134748,282348
orkut,8,sparse,91,0.248963,0.212364,0.071237,0.33641,228034967,mixed,0.243816,380027
orkut,8,sparse,92,0.236059,0.208695,0.0815645,0.314807,6163576359,mixed,0.230421,331349
orkut,8,sparse,93,1.56552,0.175831,0.108253,1.74568,20232444,mixed,1.56145,1840244
orkut,8,sparse,94,0.138068,0.204815,0.0701924,0.195563,3797103790,mixed,0.133304,256376
orkut,8,sparse,95,0.13446,0.170795,0.10404,0.197256,98833927,mixed,0.130299,263661
orkut,8,sparse,96,0.429902,0.213258,0.10796,0.534,6030354,mixed,0.4262,632919
orkut,8,sparse,97,2.53566,0.214139,0.110165,2.64455,41239012,mixed,2.53141,2981161
orkut,8,sparse,98,0.383522,0.198549,0.0781944,0.454234,6511009833,mixed,0.378574,373274
orkut,8,sparse,99,0.206753,0.184913,0.0757296,0.27845,4673748521,mixed,0.200982,286398
orkut,8,sparse,100,0.191422,0.210961,0.111465,0.331451,43231350,mixed,0.186302,355508
