dataset,query_size,query_mode,query_index,elapsed_execution_time,filter_time,plan_time,enumerate_time,n_embeddings,order,max_task_time,n_intersections
human,8,dense,1,1.01945,0.0010634,0.00104015,19.8062,4104560319,0 1 6 2 3 7 4 5 ,0.675404,3563326
human,8,dense,2,5.2287,0.00114941,0.00227847,129.25,135118306,mixed,3.95641,64327514
human,8,dense,3,0.294801,0.000970212,0.000971977,0.316724,6306706800,2 0 1 3 5 7 4 6 ,0.205729,175804
human,8,dense,4,0.429571,0.000949355,0.000916367,0.986855,91743660,1 0 2 3 4 5 7 6 ,0.223651,424397
human,8,dense,5,18.968,0.0010214,0.00128911,546.429,236133137485,7 1 2 3 4 5 0 6 ,17.065,89566236
human,8,dense,6,0.00441258,0.000998524,0.00118602,0.0042639,330225,7 2 1 0 3 4 5 6 ,0.0042639,431
human,8,dense,7,0.00136063,0.00091587,0.00107486,0.00120071,68531400,2 5 6 4 0 1 3 7 ,0.00120071,546
human,8,dense,8,282.175,0.00107799,0.00119926,9017.59,23513204524,0 3 4 1 2 5 6 7 ,63.6825,2030936478
human,8,dense,9,21.4774,0.00104208,0.00139269,612.488,30888680733,1 4 6 0 2 3 5 7 ,19.1522,226046510
human,8,dense,11,1.54646,0.00118532,0.0017373,34.2942,5273250577,mixed,1.03395,5702688
human,8,dense,12,1.92182,0.000835009,0.00132153,1.92172,344150688,2 0 1 4 5 6 3 7 ,1.92172,1687
human,8,dense,13,102.851,0.00129696,0.00127336,3129.25,6640508456,0 1 2 3 4 5 6 7 ,72.1027,1198936161
human,8,dense,14,15.1225,0.000943756,0.0017228,34.6597,1899003419,mixed,15.1222,19036469
human,8,dense,15,1.91929,0.000989981,0.00104198,47.7061,154757235,4 6 0 2 7 1 3 5 ,1.37802,16696138
human,8,dense,16,0.000629991,0.00113519,0.000889649,0.000534488,1080,5 2 7 1 0 3 4 6 ,0.000534488,86
human,8,dense,17,9.88234,0.0019071,0.00345608,268.508,324152494091,mixed,7.4373,83102479
human,8,dense,18,146.716,0.000774701,0.00224147,4647.31,241965450371,mixed,136.6,1679500240
human,8,dense,19,83.6803,0.00108555,0.00256181,2641.39,163255197941,mixed,81.1178,694055
human,8,dense,20,423.521,0.00152411,0.00122865,13536.4,56916340083,0 7 2 3 1 4 5 6 ,103.844,3117819125
human,8,dense,21,1.98031,0.000728759,0.0012939,1.98016,344150688,2 0 1 4 5 6 3 7 ,1.98016,1687
human,8,dense,22,59.6913,0.00116818,0.000980278,1899.45,6245683416,0 5 6 1 2 3 4 7 ,25.9452,466085052
human,8,dense,23,0.947636,0.00105116,0.000998374,0.947494,164388000,3 5 7 0 4 6 1 2 ,0.947494,55460
human,8,dense,24,319.55,0.00127294,0.00105839,10215.3,38562572660,0 7 2 1 3 4 5 6 ,64.1245,3081658644
human,8,dense,25,56.6892,0.0013597,0.00338379,1466.5,9774626326867,mixed,54.1757,182969970
human,8,dense,26,1.99992,0.0011063,0.00257343,51.8545,22147186962,mixed,1.62192,13877510
human,8,dense,27,0.689192,0.000989369,0.00124725,7.99527,552624748,1 0 5 3 4 2 6 7 ,0.444797,2800445
human,8,dense,28,24.9054,0.000766158,0.0011634,24.9052,4711983160,2 0 1 3 4 5 6 7 ,24.9052,4607
human,8,dense,29,0.747093,0.000956439,0.00194543,10.4946,220264654170,mixed,0.400217,2110193
human,8,dense,30,8.49259,0.00108529,0.0011574,256.363,955510248,1 7 0 5 2 3 4 6 ,1.83783,79329190
human,8,dense,31,2.40133,0.000972495,0.00245487,51.4947,185098300171,mixed,1.21373,9690694
human,8,dense,32,190.519,0.0013702,0.00118056,5774.55,1865460502530,5 1 3 4 0 2 6 7 ,178.604,949515778
human,8,dense,33,162.578,0.00114288,0.00187446,4933.08,255329375247,mixed,162.012,969624841
human,8,dense,34,1.7473,0.00100697,0.00108105,41.5902,301180362,1 0 7 2 3 4 5 6 ,0.698609,13760265
human,8,dense,35,24.2766,0.00150224,0.00404422,730.076,31792371302,mixed,14.6742,5205615
human,8,dense,36,183.15,0.00102693,0.00127105,183.15,31114478472,7 4 5 6 3 0 1 2 ,183.15,37835
human,8,dense,37,0.0420272,0.000855633,0.00101719,0.0418665,1884636600,6 4 5 3 0 1 2 7 ,0.0418665,22218
human,8,dense,38,66.2976,0.0011823,0.00157402,2108.41,18966340275,3 0 6 1 2 4 5 7 ,59.431,25177601
human,8,dense,39,0.47435,0.00100681,0.00104834,1.60482,872355969,3 1 6 7 4 5 0 2 ,0.255158,962482
human,8,dense,40,0.00696673,0.000931798,0.00100588,0.00684687,36326400,2 0 4 1 3 6 5 7 ,0.00684687,2842
human,8,dense,41,0.125696,0.000919129,0.00124929,0.12543,33420889040,7 1 2 3 0 4 5 6 ,0.12543,42861
human,8,dense,42,0.420048,0.00113795,0.00130239,0.742322,51921828,2 5 6 7 1 0 3 4 ,0.20722,414398
human,8,dense,43,8.17969,0.00108506,0.00181582,11.7564,7688049363,mixed,8.17942,4626219
human,8,dense,44,1.28259,0.00121952,0.0026142,24.7486,744152203,mixed,0.576271,8086316
human,8,dense,45,0.000775815,0.000847288,0.000990192,0.000629367,13500,1 5 6 0 2 3 4 7 ,0.000629367,313
human,8,dense,46,1.02947,0.000911688,0.0012079,1.02928,241741500,6 5 7 1 0 2 3 4 ,1.02928,26782
human,8,dense,47,6.29455,0.00137144,0.00339239,190.962,2496355726,mixed,2.96383,98126637
human,8,dense,48,0.126207,0.000962665,0.00105674,0.126048,454256,0 2 7 1 3 4 5 6 ,0.126048,63429
human,8,dense,49,0.0774678,0.00070795,0.000902935,0.0773594,268903008,0 1 2 3 6 7 4 5 ,0.0773594,28718
human,8,dense,50,14.5048,0.00102538,0.00188364,429.837,39301202230,mixed,12.3005,139178725
human,8,dense,51,0.384866,0.00130222,0.00135464,0.596626,7037852577,1 0 6 2 4 7 3 5 ,0.216095,293089
human,8,dense,52,25.5132,0.00104596,0.00125486,719.58,136545915289,0 5 6 2 3 4 1 7 ,23.7298,177650333
human,8,dense,53,13.2503,0.00137356,0.00235986,409.065,965521519,mixed,9.93788,110698126
human,8,dense,54,0.95183,0.00123044,0.00099756,16.3778,10730691346,1 5 2 3 6 0 4 7 ,0.602752,2582540
human,8,dense,55,1.91555,0.000756143,0.00136811,1.91539,344150688,2 0 1 4 5 6 3 7 ,1.91539,1687
human,8,dense,56,8.3469,0.000946568,0.00153332,184.156,21500964608,1 0 2 3 4 5 6 7 ,6.08216,41081321
human,8,dense,57,148.521,0.00115311,0.00130846,4636.32,970854081446,0 3 2 4 5 6 1 7 ,122.431,1338312596
human,8,dense,58,4.64198,0.0010324,0.0011316,131.472,24163956664,3 1 2 6 4 5 7 0 ,3.17994,26731686
human,8,dense,59,103.161,0.00128339,0.00123565,3237.59,14795058895,7 0 1 2 3 4 5 6 ,56.0492,766035679
human,8,dense,60,0.00167182,0.00061095,0.00112691,0.00153906,16,1 0 2 3 4 5 6 7 ,0.00153906,989
human,8,dense,61,0.00142886,0.00112135,0.000965088,0.00127321,133640,3 2 0 1 5 6 7 4 ,0.00127321,645
human,8,dense,62,106.049,0.000797913,0.00228728,3383.49,231558516504,mixed,82.2478,1358593972
human,8,dense,63,1.69369,0.000797047,0.00196177,36.0054,40779579,mixed,0.554767,18045184
human,8,dense,64,0.695485,0.00105182,0.00146262,9.82001,28447253841,0 4 3 5 6 2 1 7 ,0.459864,3617248
human,8,dense,65,27.8652,0.000961635,0.00159339,833.008,50483661252,3 7 1 2 4 5 0 6 ,27.0957,188510895
human,8,dense,66,226.607,0.000980502,0.00269431,6862.68,501822808604,mixed,215.002,1287794
human,8,dense,67,0.00987136,0.000987983,0.00104634,0.00971022,55262400,3 4 5 1 2 0 6 7 ,0.00971022,3409
human,8,dense,68,63.3508,0.0010705,0.00288265,373.869,658931286,mixed,63.3498,180164508
human,8,dense,69,0.00134692,0.000874202,0.000936503,0.00115116,97683360,2 0 3 4 5 6 7 1 ,0.00115116,291
human,8,dense,70,59.1742,0.00115463,0.00120235,1879.5,339501388690,0 2 1 6 3 4 5 7 ,5.47911,469179325
human,8,dense,71,32.4812,0.00132348,0.00120892,984.979,152636570134,4 7 0 3 1 2 5 6 ,23.4224,278034949
human,8,dense,72,0.00324768,0.000943997,0.000996169,0.00311571,28160,4 2 3 6 5 7 1 0 ,0.00311571,2595
human,8,dense,73,0.57223,0.00101994,0.000918576,4.93759,1888563124,2 4 0 1 3 5 6 7 ,0.218336,1500560
human,8,dense,74,0.301755,0.000908046,0.00179707,0.399712,8221976,mixed,0.301545,318326
human,8,dense,75,1.01552,0.000936175,0.00102373,15.7566,90565683,2 0 1 3 4 5 6 7 ,0.643192,6919656
human,8,dense,76,1.91854,0.000832,0.00135477,1.91832,344150688,2 0 1 4 5 6 3 7 ,1.91832,1687
human,8,dense,77,7.35447,0.0141934,0.0011154,222.55,1491296268,1 0 3 4 6 7 2 5 ,2.51977,50118113
human,8,dense,78,12.101,0.00105318,0.0023204,368.207,1262670590871,mixed,3.84098,59498308
human,8,dense,79,12.1011,0.00109708,0.00125221,372.291,18576759384,0 6 2 1 3 4 5 7 ,6.29028,146622111
human,8,dense,81,25.5361,0.00101035,0.00124223,801.316,123536200610,1 7 5 6 0 2 3 4 ,21.3898,171495330
human,8,dense,82,0.748241,0.00100343,0.00154792,11.1394,6071234974,2 4 0 1 3 6 7 5 ,0.476281,3557850
human,8,dense,83,18.3965,0.000860716,0.00140478,528.228,4399359599216,6 4 1 0 5 3 2 7 ,14.7922,128746053
human,8,dense,84,9.25461,0.00095691,0.00166135,242.826,193080825348,2 6 7 5 1 3 0 4 ,8.4989,45122411
human,8,dense,87,1.95956,0.000935105,0.00132689,1.95926,344150688,2 0 1 4 5 6 3 7 ,1.95926,1687
human,8,dense,88,0.0264744,0.000850249,0.00105565,0.0262028,505341,3 1 5 6 2 4 7 0 ,0.0262028,42535
human,8,dense,89,574.668,0.000941506,0.00121629,574.668,97218668988,7 3 4 5 2 0 1 6 ,574.668,80163
human,8,dense,90,5.60535,0.000892632,0.00180567,163.223,4898475720,mixed,4.53602,78612872
human,8,dense,92,0.05287,0.00105596,0.00111053,0.0527052,78624,2 7 1 3 4 0 5 6 ,0.0527052,29020
human,8,dense,93,0.195698,0.00109716,0.00104662,0.195526,1142121672,3 4 5 6 0 1 2 7 ,0.195526,78733
human,8,dense,94,0.749313,0.000872981,0.00168079,10.7015,2429050893,mixed,0.23588,3934447
human,8,dense,95,0.0042777,0.00113105,0.00099466,0.00410576,2071842,5 4 1 0 6 7 2 3 ,0.00410576,1080
human,8,dense,96,252.252,0.00113721,0.00119928,8053.42,19557198970,0 7 1 2 3 4 5 6 ,231.612,2964262487
human,8,dense,97,98.4993,0.00170524,0.00356299,2547.16,3873225567,mixed,94.6733,827499229
human,8,dense,98,51.6138,0.00129808,0.00174647,1560.79,284293235732,2 1 3 0 5 4 6 7 ,49.3875,293088421
human,8,dense,99,7.07195,0.00142042,0.00123137,213.678,14702411076,1 2 6 0 3 4 5 7 ,6.74447,63509231
human,8,dense,100,3.27785,0.00101549,0.000976753,80.3814,5042060446,1 0 3 6 4 5 7 2 ,1.71096,25907422
human,8,sparse,1,0.491734,0.00106926,0.00128562,1.091,96433430217,0 2 7 3 5 1 4 6 ,0.213621,364373
human,8,sparse,3,0.0580513,0.00103904,0.00096636,0.0578321,43585007400,2 7 5 6 1 0 3 4 ,0.0578321,17858
human,8,sparse,4,0.106103,0.000945262,0.00105112,0.105984,1370571264,0 3 1 6 7 4 2 5 ,0.105984,75948
human,8,sparse,5,18.7183,0.000859791,0.0022235,581.303,48596251770417,0 4 2 3 5 1 6 7 ,18.0449,130577050
human,8,sparse,6,1.55178,0.00100124,0.00116638,1.55153,242424000,5 6 7 1 3 0 2 4 ,1.55153,6530
human,8,sparse,7,0.00158272,0.000877338,0.000828972,0.00141351,460139400,5 6 4 1 2 3 0 7 ,0.00141351,308
human,8,sparse,8,1.06144,0.00116931,0.00151864,18.726,7035981381852,4 3 7 1 0 2 5 6 ,0.814793,2480110
human,8,sparse,9,1.46583,0.0012103,0.00142688,33.5863,931926099006,4 3 6 5 1 2 7 0 ,0.528833,5222724
human,8,sparse,11,1.75955,0.00112944,0.00238619,36.171,373472838376,mixed,1.04653,4791000
human,8,sparse,12,0.145559,0.000868513,0.00107434,0.14535,29404653576,2 1 4 3 6 0 5 7 ,0.14535,44364
human,8,sparse,14,2.59096,0.00106043,0.00103476,2.59076,59542474371,4 3 6 1 0 5 7 2 ,2.59076,1605317
human,8,sparse,15,0.359896,0.000958787,0.00123371,0.787923,3919024200,4 6 1 5 7 3 0 2 ,0.214048,561814
human,8,sparse,16,0.000779788,0.000948147,0.000774722,0.000672394,246240,1 2 5 0 4 3 7 6 ,0.000672394,162
human,8,sparse,20,0.945826,0.00128258,0.00211699,17.5942,16564338974479,0 7 6 3 5 4 2 1 ,0.663632,2887032
human,8,sparse,21,124.676,0.000848352,0.00112867,124.676,28558234344,7 6 5 2 3 1 0 4 ,124.676,1746
human,8,sparse,22,5.41325,0.00124937,0.00214576,162.925,4027687084037,5 6 3 4 7 2 1 0 ,0.550669,38688627
human,8,sparse,23,0.400555,0.000969229,0.00122563,0.400353,4880538000,3 2 4 7 5 0 6 1 ,0.400353,35732
human,8,sparse,24,1.12685,0.00120457,0.00364474,19.4131,6983275160382,mixed,0.448094,3551833
human,8,sparse,25,158.03,0.00146354,0.00386815,3903.43,82990553280456,mixed,152.214,358245788
human,8,sparse,26,0.520875,0.00123996,0.00259629,3.30893,44730576260,mixed,0.293179,729754
human,8,sparse,27,0.265342,0.00102024,0.0023241,0.265608,2459334751,mixed,0.265166,88598
human,8,sparse,29,2.61082,0.00104097,0.00265215,71.0939,390134375499,mixed,1.09451,16334893
human,8,sparse,30,3.59722,0.000998231,0.00158066,103.129,46866169392,1 6 0 2 4 5 3 7 ,1.2632,32388111
human,8,sparse,32,2.29801,0.00148134,0.00170701,50.666,10168236660597,5 1 3 6 2 0 4 7 ,1.84647,12598947
human,8,sparse,34,0.358845,0.00104128,0.00194392,1.2032,22142048608,mixed,0.225048,493004
human,8,sparse,35,261.023,0.00134653,0.00442419,8101.54,499237532813,mixed,219.25,10495859
human,8,sparse,37,0.00820579,0.00096722,0.00108974,0.00805041,16521165000,6 4 5 3 1 0 2 7 ,0.00805041,5817
human,8,sparse,38,2.37978,0.000949212,0.00176257,62.4105,6740868688860,4 6 3 5 0 7 2 1 ,1.1536,7112584
human,8,sparse,39,0.123084,0.000856757,0.00109913,0.122927,3597596128,3 1 0 5 4 2 7 6 ,0.122927,86887
human,8,sparse,40,0.0146669,0.000953556,0.00118536,0.0144624,231666000,2 3 1 6 5 4 0 7 ,0.0144624,7564
human,8,sparse,41,0.495828,0.000931818,0.00117342,0.495577,5208853121472,0 1 2 3 4 5 7 6 ,0.495577,233312
human,8,sparse,42,0.404654,0.00105977,0.00134319,0.548087,1753929210,2 5 4 3 6 1 0 7 ,0.203202,461567
human,8,sparse,43,2.93076,0.000924444,0.00187822,4.75043,120313092044,mixed,2.93058,2810013
human,8,sparse,44,1.21844,0.00121028,0.00318714,20.5485,316132611893,mixed,0.903954,2925199
human,8,sparse,45,0.010298,0.000879229,0.00097527,0.0101983,235800,1 5 0 3 4 2 6 7 ,0.0101983,5178
human,8,sparse,46,11.9622,0.00108003,0.00114966,354.29,23207184000,3 5 1 7 2 0 6 4 ,11.0481,389778
human,8,sparse,47,122.527,0.00178623,0.00385572,3511.96,259946286296,mixed,83.8509,8954408
human,8,sparse,48,0.634298,0.0011338,0.00145285,6.89684,285078962,0 1 2 7 6 4 5 3 ,0.370219,2601865
human,8,sparse,49,0.180461,0.000854536,0.0011076,0.180195,1087834896,0 7 6 2 1 5 4 3 ,0.180195,96240
human,8,sparse,51,0.286552,0.00135761,0.0013004,0.602976,11773023074,1 0 2 4 7 3 6 5 ,0.286308,259511
human,8,sparse,52,1.19464,0.00134714,0.00137339,27.74,1663708413966,6 5 3 2 4 0 1 7 ,1.11193,7921319
human,8,sparse,53,3.09834,0.0010562,0.00255459,29.9311,1013224592038,mixed,2.46206,7139026
human,8,sparse,54,0.0631575,0.00123656,0.00107241,0.0629194,22691566430,5 2 6 3 1 0 4 7 ,0.0629194,28400
human,8,sparse,55,249.8,0.000846396,0.00112142,249.8,56672424464,0 1 2 6 3 5 7 4 ,249.8,7580
human,8,sparse,56,0.692568,0.000928755,0.00167229,10.5431,639553304295,4 0 1 2 3 6 5 7 ,0.410993,2161309
human,8,sparse,58,0.53855,0.00095984,0.00144374,3.47753,1336301399640,2 5 7 3 1 4 6 0 ,0.22766,1129219
human,8,sparse,59,0.270576,0.00105784,0.00218687,0.433981,1400719451782,7 0 6 4 1 2 3 5 ,0.212635,91110
human,8,sparse,60,0.0563724,0.000734261,0.00120504,0.0561792,1333440,3 1 4 5 0 2 6 7 ,0.0561792,17807
human,8,sparse,61,0.00129334,0.00098882,0.000901031,0.00116311,318435,3 2 7 0 1 6 5 4 ,0.00116311,445
human,8,sparse,63,449.622,0.000844706,0.00181347,449.64,63349066776,mixed,449.622,288518
human,8,sparse,64,0.499515,0.00101574,0.0016187,2.18536,196871019231,0 3 1 5 6 2 4 7 ,0.279801,534170
human,8,sparse,66,0.435648,0.000905182,0.00254091,1.39856,6503362079220,mixed,0.238558,258690
human,8,sparse,67,0.0136766,0.000939967,0.000935173,0.0135678,2463834624,3 5 2 0 1 6 4 7 ,0.0135678,3224
human,8,sparse,68,5.82912,0.000836683,0.0017009,177.032,4640207560076,1 7 4 0 3 2 5 6 ,3.76147,26025990
human,8,sparse,69,0.0010477,0.00103931,0.000903102,0.000886938,681995520,0 3 4 2 7 1 5 6 ,0.000886938,271
human,8,sparse,70,2.88323,0.0012927,0.00329665,80.4757,11299598975920,mixed,2.58985,13731472
human,8,sparse,71,0.880278,0.00141693,0.00340241,16.6426,3266813584887,mixed,0.556968,3015012
human,8,sparse,72,0.0019866,0.00107726,0.000989233,0.00189488,341760,5 3 2 6 4 7 1 0 ,0.00189488,1475
human,8,sparse,73,0.0798446,0.000874765,0.000854452,0.0797387,24356919012,2 6 3 5 4 1 7 0 ,0.0797387,36400
human,8,sparse,74,0.273859,0.000909979,0.00204573,0.323899,1989878990,mixed,0.273706,200870
human,8,sparse,75,0.501841,0.000926093,0.00113576,2.20172,133365084612,2 6 0 1 3 4 7 5 ,0.260726,336699
human,8,sparse,76,229.158,0.000785838,0.00138375,229.157,51896345808,0 2 1 3 5 6 4 7 ,229.157,5250
human,8,sparse,77,0.374075,0.00104735,0.00128325,0.373926,182534345520,1 4 2 6 0 7 3 5 ,0.373926,126507
human,8,sparse,78,4.00963,0.000927099,0.00248218,112.079,32212075544266,mixed,2.75047,25200697
human,8,sparse,82,0.481677,0.00111636,0.00175421,3.3114,778979802850,2 4 1 6 3 5 0 7 ,0.267075,803357
human,8,sparse,84,405.244,0.00102024,0.00162297,12115.0,1153479486972,6 7 3 1 5 0 2 4 ,180.857,638930
human,8,sparse,85,8.31432,0.00125747,0.00211632,239.422,406567787136571,0 6 3 7 2 4 1 5 ,7.809,16907596
human,8,sparse,86,15.2302,0.00127982,0.00225851,303.447,126623344145783,3 6 1 2 4 7 5 0 ,9.9456,38036892
human,8,sparse,87,0.0292212,0.000919903,0.00124923,0.0290031,49795092672,7 4 6 3 2 1 0 5 ,0.0290031,879
human,8,sparse,88,0.0143146,0.000755815,0.000905999,0.014134,7167186,3 6 5 1 7 2 4 0 ,0.014134,9043
human,8,sparse,90,0.96915,0.000883097,0.00185371,18.0101,59364565344,mixed,0.730159,2641634
human,8,sparse,91,34.1904,0.00140654,0.00237169,1040.85,264386553043738,4 2 7 1 3 6 0 5 ,28.551,163952985
human,8,sparse,92,0.0254862,0.00087785,0.00125435,0.0253374,3855060,0 6 2 3 5 1 4 7 ,0.0253374,13052
human,8,sparse,93,0.0845603,0.000958033,0.0011217,0.0843082,15114669918,4 3 6 7 0 5 1 2 ,0.0843082,33714
human,8,sparse,94,96.7137,0.00086185,0.00275725,96.7433,12305634416,mixed,96.7134,133557
human,8,sparse,95,0.0108581,0.00117098,0.00101201,0.0106604,33295704,5 4 2 1 3 0 6 7 ,0.0106604,3279
human,8,sparse,98,3.50822,0.00125675,0.00168798,91.7851,3159443147572,1 7 4 5 0 6 2 3 ,1.17253,20449703
human,8,sparse,99,3.67456,0.0012607,0.00203073,104.569,920729454195,2 1 3 0 4 5 6 7 ,3.37068,20922996
human,8,sparse,100,0.240796,0.00112636,0.00147633,0.240647,64575102320,1 7 4 6 5 3 0 2 ,0.240647,133610
