dataset,query_size,query_mode,query_index,elapsed_execution_time,filter_time,plan_time,enumerate_time,n_embeddings,order,max_task_time,n_intersections
youtube2007,8,dense,1,202.43,0.109711,0.161713,6269.42,1304704230570,mixed,191.015,3063480434
youtube2007,8,dense,2,307.553,0.154994,0.361672,8937.98,1942081856395,mixed,263.523,1614097268
youtube2007,8,dense,3,141.282,0.419727,0.866159,4500.18,355231479177,mixed,134.057,1533052288
youtube2007,8,dense,4,2.46026,0.136992,0.0455956,68.3071,905485938,mixed,1.85758,21531859
youtube2007,8,dense,5,0.00684117,0.125105,0.00452391,0.0222896,37928,mixed,0.00634978,25209
youtube2007,8,dense,6,2.00572,0.278771,0.342779,53.8192,2078402394,mixed,0.774705,22349244
youtube2007,8,dense,7,157.8,0.0935313,0.234175,4756.54,335740935534,mixed,156.887,1786327513
youtube2007,8,dense,9,0.0462939,0.0580763,0.00743454,0.0781185,1796513,mixed,0.045168,73380
youtube2007,8,dense,10,25.4038,0.194348,0.400324,794.218,30074837469,mixed,24.2309,378254690
youtube2007,8,dense,11,362.185,0.184354,0.529105,11575.6,4643680434596,mixed,358.22,2730290554
youtube2007,8,dense,12,0.0269186,0.0659282,0.00824268,0.062849,1166590,mixed,0.0263421,45085
youtube2007,8,dense,14,0.715428,0.1189,0.012013,8.84104,467322693,mixed,0.65953,2605266
youtube2007,8,dense,15,23.1293,0.173915,0.292386,728.095,83621425335,mixed,21.9864,315630864
youtube2007,8,dense,17,101.66,0.0485102,0.158697,3158.1,340644655268,mixed,25.2415,953929533
youtube2007,8,dense,18,0.0269216,0.0944812,0.0133471,0.123425,275229,mixed,0.0251514,117012
youtube2007,8,dense,19,0.183944,0.123969,0.00953491,0.328263,2444936,mixed,0.182585,247207
youtube2007,8,dense,20,8.41356,0.371695,0.312731,175.532,1110842969,mixed,5.57793,97921780
youtube2007,8,dense,21,0.133703,0.120567,0.0138338,0.374656,13491868,mixed,0.131015,196393
youtube2007,8,dense,22,71.3858,0.262692,0.391119,2253.75,75657970767,mixed,33.971,752738436
youtube2007,8,dense,23,0.319517,0.0971581,0.0489083,1.64476,4362765,mixed,0.31572,899216
youtube2007,8,dense,24,9.3321,0.110039,0.120207,287.807,9586384619,mixed,9.25591,105861737
youtube2007,8,dense,25,585.338,0.109374,0.207129,17536.2,564177933989,mixed,581.441,4560312152
youtube2007,8,dense,26,0.0446319,0.0979814,0.00756799,0.0669283,162032,mixed,0.0439168,97379
youtube2007,8,dense,27,0.0447271,0.156045,0.0117725,0.168262,565319,mixed,0.042165,212528
youtube2007,8,dense,28,0.011899,0.132357,0.00474591,0.0264799,209248,mixed,0.011154,19892
youtube2007,8,dense,29,2.2482,0.191835,0.0696038,54.7359,91068504,mixed,1.39644,33663600
youtube2007,8,dense,30,4.86916,0.125536,0.113608,147.978,28310969676,mixed,4.68269,42479349
youtube2007,8,dense,31,0.343453,0.167615,0.0762219,4.6828,73058160,mixed,0.307512,2087669
youtube2007,8,dense,32,2.39744,0.364825,0.1428,63.5151,1468227389,mixed,1.13076,26727652
youtube2007,8,dense,34,555.27,0.103974,0.185703,16984.4,2054610200047,mixed,444.603,9762740388
youtube2007,8,dense,35,0.0390147,0.0667694,0.00745289,0.0891154,935485,mixed,0.0384222,88722
youtube2007,8,dense,37,115.926,0.424536,0.412311,3500.78,56926402385,mixed,114.46,1008798065
youtube2007,8,dense,38,402.061,0.270901,0.943625,12289.1,7203959831160,mixed,319.878,2291553089
youtube2007,8,dense,39,0.0152719,0.0478782,0.00490603,0.0232073,114182,mixed,0.0149351,20898
youtube2007,8,dense,40,1.96272,0.179005,0.0580454,44.231,319003190,mixed,1.37938,19245735
youtube2007,8,dense,41,1.47705,0.161955,0.0664477,35.0684,562997708,mixed,0.885455,20931601
youtube2007,8,dense,42,0.787179,0.155072,0.0489151,10.7746,889508800,mixed,0.685697,7440176
youtube2007,8,dense,43,179.715,0.14329,0.393367,5740.75,1336174314495,mixed,150.87,1452239337
youtube2007,8,dense,44,31.4287,0.413897,0.388117,967.706,63603910274,mixed,28.5195,350871831
youtube2007,8,dense,45,7.62901,0.204176,0.074169,198.826,2729183019,mixed,6.75118,57314293
youtube2007,8,dense,46,65.058,0.199094,0.783192,2042.61,507907948981,mixed,62.1096,568369115
youtube2007,8,dense,47,4.98032,0.349559,0.156606,144.662,8636631393,mixed,4.64535,46287513
youtube2007,8,dense,48,0.00219138,0.0900273,0.00393453,0.00474222,11604,mixed,0.00205378,2466
youtube2007,8,dense,50,0.0056953,0.0330029,0.00268255,0.0122446,28079,mixed,0.0052273,13883
youtube2007,8,dense,51,2.04534,0.259437,0.0850743,54.2081,1673377853,mixed,1.37579,28263645
youtube2007,8,dense,52,0.00145876,0.106012,0.00363502,0.00486771,1759,mixed,0.00120671,1661
youtube2007,8,dense,53,0.00337329,0.100881,0.00416239,0.00962803,21807,mixed,0.00318086,7878
youtube2007,8,dense,54,0.773535,0.16876,0.13167,15.7149,71999588,mixed,0.431752,6619199
youtube2007,8,dense,56,0.00767264,0.109231,0.00387701,0.0152185,28559,mixed,0.00577914,14161
youtube2007,8,dense,57,98.4773,0.431986,0.747306,3137.95,296701768980,mixed,95.088,1007994827
youtube2007,8,dense,58,35.0251,0.121471,0.111994,1112.12,80475040022,mixed,33.5433,465316744
youtube2007,8,dense,60,0.015384,0.0689859,0.0103504,0.064399,857912,mixed,0.0146871,39984
youtube2007,8,dense,62,0.512291,0.067779,0.0111345,4.5846,28048280,mixed,0.403246,2610508
youtube2007,8,dense,63,0.346335,0.150277,0.0264798,4.31141,76220983,mixed,0.296007,2378908
youtube2007,8,dense,64,0.189458,0.115242,0.0387004,1.11215,11603776,mixed,0.172148,884477
youtube2007,8,dense,67,0.210314,0.131193,0.0172697,0.674111,4202454,mixed,0.202728,717206
youtube2007,8,dense,68,0.172121,0.168683,0.0176332,0.540371,9340899,mixed,0.16695,380491
youtube2007,8,dense,69,0.410265,0.11723,0.0172016,0.900184,1232423,mixed,0.204257,1142851
youtube2007,8,dense,70,427.701,0.157836,0.427322,11015.5,591448566080,mixed,321.414,106233310
youtube2007,8,dense,72,228.844,0.100682,0.220885,7195.67,1250100763806,mixed,211.19,3225534858
youtube2007,8,dense,73,0.0547323,0.0807212,0.0116477,0.151965,12950230,mixed,0.0536989,132293
youtube2007,8,dense,74,87.4242,0.194247,0.563363,2775.07,1323420786930,mixed,72.7197,763191248
youtube2007,8,dense,75,0.0499103,0.121941,0.0144814,0.0802818,1030088,mixed,0.046203,88781
youtube2007,8,dense,76,63.7368,0.11908,0.12374,1924.43,28290121663,mixed,61.0318,1083791992
youtube2007,8,dense,77,36.9475,0.24883,0.26664,1056.61,15568474914,mixed,35.6375,330730310
youtube2007,8,dense,78,2.23737,0.0850974,0.0377945,43.3633,4656768079,mixed,2.01538,25032502
youtube2007,8,dense,79,0.93845,0.167286,0.0634086,20.4424,4407631213,mixed,0.886272,11151117
youtube2007,8,dense,80,537.646,0.163695,0.438233,15200.8,772714916775,mixed,448.844,211420063
youtube2007,8,dense,81,18.9989,0.37135,0.340873,535.113,4931586433,mixed,10.0083,355323289
youtube2007,8,dense,84,2.59105,0.174728,0.170766,74.3763,5765328428,mixed,0.982973,26033777
youtube2007,8,dense,85,0.245831,0.18609,0.0119098,0.769786,22180859,mixed,0.239796,592130
youtube2007,8,dense,86,17.0073,0.362926,0.48918,519.737,20871361977,mixed,15.2004,170148845
youtube2007,8,dense,87,0.775459,0.106346,0.00905864,9.96384,568386735,mixed,0.516146,4261873
youtube2007,8,dense,89,4.16904,0.149601,0.129123,115.579,726753039,mixed,2.72405,36311359
youtube2007,8,dense,90,0.00200708,0.0958329,0.0047668,0.00589412,3698,mixed,0.00174017,2373
youtube2007,8,dense,91,8.18336,0.144639,0.202351,249.968,14065865196,mixed,7.99136,51585937
youtube2007,8,dense,92,24.614,0.156108,0.247143,774.443,14718039248,mixed,22.5864,277595897
youtube2007,8,dense,94,0.885326,0.20402,0.0963776,20.1844,128830004,mixed,0.679524,9159010
youtube2007,8,dense,95,1.80772,0.142292,0.052203,44.5758,8128678614,mixed,1.55088,12014128
youtube2007,8,dense,97,339.646,0.444951,1.17733,10334.1,11551852297414,mixed,251.161,1129712148
youtube2007,8,dense,98,2.02795,0.0529962,0.0232586,52.1682,3867011564,mixed,1.75012,18366639
youtube2007,8,dense,99,0.00742128,0.0829169,0.00546642,0.0243505,21995,mixed,0.00721486,26008
youtube2007,8,dense,100,388.711,0.127971,0.293811,11622.4,1695310095988,mixed,338.0,3647745007
youtube2007,8,sparse,1,0.060992,0.0995575,0.00827387,0.197262,6801281,mixed,0.0589815,123478
youtube2007,8,sparse,2,4.82315,0.181703,0.106714,95.8857,21830099425,mixed,3.64027,40024028
youtube2007,8,sparse,5,1.00047,0.0584082,0.0143561,7.31566,447209421,mixed,0.584268,444572
youtube2007,8,sparse,6,0.250598,0.217197,0.0294104,1.14885,202680341,mixed,0.233148,511566
youtube2007,8,sparse,7,0.160278,0.112175,0.0110367,0.243205,94999955,mixed,0.158858,132284
youtube2007,8,sparse,8,4.1592,0.0851082,0.114571,119.088,2025500362,mixed,3.51511,36676571
youtube2007,8,sparse,10,0.00221961,0.120034,0.00290402,0.00308188,38499,mixed,0.00103151,924
youtube2007,8,sparse,11,189.27,0.108209,0.194668,5806.39,592603075835,mixed,184.968,1480163179
youtube2007,8,sparse,12,121.478,0.138392,0.43933,3594.51,125775247941,mixed,28.0129,1235136376
youtube2007,8,sparse,13,9.03114,0.199755,0.689087,272.332,1556865196,mixed,7.75218,77460991
youtube2007,8,sparse,14,12.7838,0.334954,0.303623,384.893,10218984832,mixed,11.6988,114538211
youtube2007,8,sparse,15,0.147333,0.166222,0.0401853,0.647035,388611357,mixed,0.120232,342440
youtube2007,8,sparse,16,2.33461,0.234265,0.32952,45.5903,565085814,mixed,2.02775,25076041
youtube2007,8,sparse,17,177.199,0.0504886,0.0988698,5029.49,395398561981,mixed,162.876,59950370
youtube2007,8,sparse,18,139.398,0.117869,0.0908288,260.328,24488001449,mixed,128.836,18266367
youtube2007,8,sparse,19,0.0324719,0.146854,0.0204401,0.207573,80157,mixed,0.0316051,165621
youtube2007,8,sparse,20,42.361,0.323954,0.281673,984.557,162093380792,mixed,33.7946,33262532
youtube2007,8,sparse,21,0.30886,0.100526,0.0209687,0.93141,7542769,mixed,0.224758,435933
youtube2007,8,sparse,23,0.152998,0.155748,0.0173238,0.32174,6328838,mixed,0.147819,223444
youtube2007,8,sparse,24,5.48693,0.180672,0.242358,159.589,7629220299,mixed,3.29475,48245086
youtube2007,8,sparse,25,1.50939,0.0565849,0.0468351,28.2309,1923620631,mixed,1.07373,10607027
youtube2007,8,sparse,26,0.441482,0.1819,0.0856463,5.77307,77866313,mixed,0.349957,1969626
youtube2007,8,sparse,27,65.7501,0.0493018,0.152578,2062.42,424039097103,mixed,39.7138,454828377
youtube2007,8,sparse,28,1.55193,0.227819,0.202103,38.3399,30794348148,mixed,1.32721,11299453
youtube2007,8,sparse,29,0.0404553,0.0591747,0.00973812,0.0750388,262205,mixed,0.0395217,70454
youtube2007,8,sparse,30,525.676,0.359282,1.10147,15130.0,1553252338654,mixed,340.927,4113297066
youtube2007,8,sparse,31,1.81044,0.377649,0.262679,46.2319,5859646000,mixed,1.07835,12517265
youtube2007,8,sparse,32,9.3689,0.151957,0.0631038,255.322,12519768722,mixed,8.60749,7847624
youtube2007,8,sparse,33,0.0710498,0.0922897,0.0218646,0.361005,84169176,mixed,0.0664257,363477
youtube2007,8,sparse,34,0.215857,0.0603415,0.0121551,0.410603,1507735,mixed,0.203578,368277
youtube2007,8,sparse,36,1.89377,0.296054,0.259205,49.5704,522870260,mixed,0.632546,19910355
youtube2007,8,sparse,38,7.90671,0.368095,0.247016,191.417,263842843252,mixed,7.12008,30255933
youtube2007,8,sparse,39,0.00165371,0.101268,0.00324019,0.00433777,3037,mixed,0.00138501,2090
youtube2007,8,sparse,40,1.30157,0.196753,0.179708,33.1182,56562762953,mixed,0.894429,9442617
youtube2007,8,sparse,41,0.840253,0.154996,0.100383,18.2217,96660576,mixed,0.699049,6317387
youtube2007,8,sparse,42,27.6411,0.0904468,0.111865,730.401,54161194333,mixed,22.6501,10738018
youtube2007,8,sparse,43,6.81602,0.138723,0.128641,183.25,5519602526,mixed,6.15612,11789304
youtube2007,8,sparse,44,3.63691,0.21077,0.29014,65.3477,15269104973,mixed,2.7475,28361605
youtube2007,8,sparse,45,0.43896,0.157483,0.0232141,5.47762,119899767,mixed,0.257746,2031236
youtube2007,8,sparse,46,1.18534,0.355886,0.267484,26.9735,72308120782,mixed,0.469377,5132979
youtube2007,8,sparse,47,0.0046471,0.123021,0.008916,0.0129124,33738,mixed,0.00380873,9438
youtube2007,8,sparse,48,63.1519,0.400302,0.467939,1826.85,1125141331153,mixed,59.4438,401795491
youtube2007,8,sparse,49,0.155346,0.178522,0.0490992,1.18063,36084522,mixed,0.145307,819515
youtube2007,8,sparse,50,38.2434,0.35988,0.612141,990.587,47409265568,mixed,34.1076,452380567
youtube2007,8,sparse,51,7.93476,0.124261,0.212305,240.693,34136792637,mixed,7.13299,68232682
youtube2007,8,sparse,52,193.972,0.118101,0.350896,6179.85,4597625712847,mixed,193.239,697864556
youtube2007,8,sparse,53,1.63604,0.318329,0.153189,30.4112,374533618,mixed,1.38964,17229379
youtube2007,8,sparse,54,0.02039,0.137684,0.0123345,0.068951,175996,mixed,0.0190633,59003
youtube2007,8,sparse,55,0.00718365,0.0756045,0.00553174,0.0140998,74888,mixed,0.0068189,8837
youtube2007,8,sparse,56,516.442,0.251621,0.897813,16350.8,10766163506750,mixed,442.96,2589658470
youtube2007,8,sparse,57,18.8761,0.164382,0.371876,590.298,52709740498,mixed,6.66905,173758854
youtube2007,8,sparse,58,0.00685515,0.106711,0.00547779,0.0202215,618334,mixed,0.00635538,15027
youtube2007,8,sparse,59,0.0134727,0.15101,0.0072037,0.0262786,384423,mixed,0.0119169,19008
youtube2007,8,sparse,60,180.285,0.343504,0.994491,5551.87,7349241216191,mixed,107.418,2617423079
youtube2007,8,sparse,61,0.434225,0.124985,0.0616094,3.73769,47703136,mixed,0.338263,1418077
youtube2007,8,sparse,62,3.60909,0.243209,0.0930046,101.77,5819592620,mixed,3.45192,6123878
youtube2007,8,sparse,63,3.28452,0.118579,0.0378255,80.9652,23493698397,mixed,2.53029,10169172
youtube2007,8,sparse,64,183.186,0.335958,0.429611,5565.82,275992254589,mixed,171.556,43981609
youtube2007,8,sparse,65,45.9495,0.342195,1.37217,1435.75,2072067943225,mixed,37.259,457796553
youtube2007,8,sparse,66,1.86841,0.134697,0.161975,49.5117,11125542072,mixed,1.27044,9167587
youtube2007,8,sparse,67,3.43398,0.323839,0.10606,65.1532,4045457427,mixed,3.06197,34858937
youtube2007,8,sparse,68,61.3655,0.0443165,0.131845,1447.28,95415247450,mixed,44.412,189150120
youtube2007,8,sparse,69,0.0320849,0.0990743,0.00952486,0.0549246,771568,mixed,0.0309705,49959
youtube2007,8,sparse,70,4.23134,0.0857228,0.167487,126.264,13082101753,mixed,3.30308,31024036
youtube2007,8,sparse,71,0.00663896,0.107927,0.00775887,0.0192168,26132,mixed,0.00598375,16932
youtube2007,8,sparse,72,262.555,0.122017,0.308613,6643.31,593219625388,mixed,129.454,57837587
youtube2007,8,sparse,73,80.1123,0.040746,0.0751088,2525.48,247214941549,mixed,74.7939,673080084
youtube2007,8,sparse,74,0.709881,0.137604,0.0799843,15.33,217146748,mixed,0.660238,5398557
youtube2007,8,sparse,75,0.40067,0.094834,0.0785527,5.15669,32165271,mixed,0.392631,3087538
youtube2007,8,sparse,76,584.996,0.0877598,0.281543,18666.0,5735778233726,mixed,550.608,2862292454
youtube2007,8,sparse,77,0.251687,0.172119,0.147092,2.55569,19720066,mixed,0.221419,1403344
youtube2007,8,sparse,78,0.528215,0.13504,0.0666746,9.46203,278106771,mixed,0.421976,3170843
youtube2007,8,sparse,79,0.0262496,0.054336,0.00722498,0.0556536,1019974,mixed,0.0258193,39279
youtube2007,8,sparse,81,0.796687,0.11516,0.112164,13.4678,34042831,mixed,0.576202,5052333
youtube2007,8,sparse,82,0.460678,0.122807,0.107502,2.7294,28641757082,mixed,0.442669,1016809
youtube2007,8,sparse,84,0.00584741,0.105763,0.00441898,0.0146858,120209,mixed,0.0054899,9847
youtube2007,8,sparse,85,0.00132541,0.103133,0.00388687,0.00337095,2042,mixed,0.00104113,1050
youtube2007,8,sparse,86,5.91017,0.0815385,0.146666,163.394,8692214281,mixed,3.71038,59231355
youtube2007,8,sparse,87,1.45469,0.162948,0.146172,37.2086,633891481,mixed,0.514971,19427751
youtube2007,8,sparse,88,0.769561,0.34359,0.342321,16.7601,256382988,mixed,0.496048,7697546
youtube2007,8,sparse,89,0.00396549,0.0918138,0.00649226,0.00701618,157728,mixed,0.00343912,3267
youtube2007,8,sparse,90,96.2292,0.348402,1.66715,3043.91,7977142375551,mixed,72.0507,734330618
youtube2007,8,sparse,91,15.1222,0.264827,0.213058,460.08,45977734959,mixed,13.4263,120112000
youtube2007,8,sparse,94,0.071777,0.275714,0.0163107,0.180139,1024858,mixed,0.0673811,122903
youtube2007,8,sparse,95,9.55564,0.238539,0.500592,288.135,198348860155,mixed,9.31185,105292182
youtube2007,8,sparse,97,1.59523,0.190179,0.15504,39.4186,654489893,mixed,0.99854,9597821
youtube2007,8,sparse,99,0.170304,0.0880652,0.022756,0.272466,10737740,mixed,0.167997,278493
