dataset,query_size,query_mode,query_index,elapsed_execution_time,filter_time,plan_time,enumerate_time,n_embeddings,order,max_task_time,n_intersections
youtube2007,12,dense,3,25.8401,0.217111,0.0330099,56.391,11404505557,mixed,25.8365,49955746
youtube2007,12,dense,4,0.510796,0.124346,0.00669292,0.703848,55120515,mixed,0.510069,427408
youtube2007,12,dense,6,153.337,0.43006,0.126294,543.423,278457777990,mixed,153.304,480538537
youtube2007,12,dense,7,19.4651,0.151638,0.0135676,54.3924,2545935373,mixed,19.4636,82550316
youtube2007,12,dense,9,1.04414,0.138279,0.0109268,2.14163,19129765,mixed,1.04318,3362213
youtube2007,12,dense,10,0.100646,0.213846,0.0116098,0.317156,123681863,mixed,0.0987531,384123
youtube2007,12,dense,14,0.00102776,0.109884,0.00105887,0.000825596,19773,5 3 2 8 6 7 9 1 0 4 10 11 ,0.000825596,535
youtube2007,12,dense,15,0.00714539,0.0608941,0.00190625,0.00772066,1900800,mixed,0.0070118,5957
youtube2007,12,dense,18,13.9865,0.184256,0.0137047,30.6647,11585127534,mixed,13.98,11127040
youtube2007,12,dense,22,0.000861073,0.104915,0.000816519,0.000456001,90,10 9 3 6 7 8 5 1 0 4 11 2 ,0.000456001,50
youtube2007,12,dense,24,1.01641,0.0837841,0.00772617,1.29396,32987174,mixed,1.01598,1152016
youtube2007,12,dense,27,0.00117078,0.104112,0.00109342,0.000958891,600,1 4 5 6 7 2 9 8 0 3 10 11 ,0.000958891,859
youtube2007,12,dense,28,0.458448,0.116683,0.0058376,0.775188,3860614,mixed,0.458099,849538
youtube2007,12,dense,29,0.00211432,0.11535,0.0022373,0.00311511,810,mixed,0.00185045,2039
youtube2007,12,dense,30,0.876405,0.182278,0.0101484,1.53944,18957101,mixed,0.874285,1343400
youtube2007,12,dense,32,0.000516645,0.105794,0.000996003,0.000413209,108,1 3 5 2 4 8 9 0 7 6 10 11 ,0.000413209,62
youtube2007,12,dense,36,14.3391,0.327311,0.0597583,36.1553,15614261899,mixed,14.3241,31485369
youtube2007,12,dense,39,48.8071,0.102896,0.030261,65.7937,3057526636,mixed,48.7996,20576433
youtube2007,12,dense,40,20.3335,0.155054,0.0326148,32.0512,85671788390,mixed,20.3285,42747395
youtube2007,12,dense,42,330.537,0.475155,0.124853,720.274,264913885484,mixed,330.514,611964573
youtube2007,12,dense,47,0.221753,0.13691,0.00638585,0.304365,31755754,mixed,0.220093,265621
youtube2007,12,dense,48,169.124,0.169332,0.0581814,358.272,157454094524,mixed,169.117,252030742
youtube2007,12,dense,51,0.151212,0.19335,0.0101011,0.274908,110609,mixed,0.150662,249840
youtube2007,12,dense,52,0.0111278,0.178319,0.00666901,0.0249459,7185,mixed,0.0105386,33400
youtube2007,12,dense,54,12.1234,0.202224,0.0412456,27.9952,9811535971,mixed,12.1115,23509590
youtube2007,12,dense,56,3.8368,0.135964,0.051982,5.77498,509545688124,mixed,3.8292,6145704
youtube2007,12,dense,61,217.247,0.222611,0.0350916,481.455,64893882097,mixed,217.241,56938653
youtube2007,12,dense,62,6.9474,0.117745,0.00690846,9.46718,1416231241267,mixed,6.94677,8113947
youtube2007,12,dense,66,0.00124664,0.0813153,0.00193824,0.00108318,1030477,mixed,0.0010713,675
youtube2007,12,dense,67,0.100708,0.148008,0.0085447,0.167589,189860,mixed,0.10027,275158
youtube2007,12,dense,68,1.76754,0.155508,0.012396,2.77816,41163873,mixed,1.76672,4470673
youtube2007,12,dense,69,47.2357,0.186419,0.0147509,57.2631,4159957634,mixed,47.234,74487076
youtube2007,12,dense,72,0.121155,0.116764,0.00615228,0.175114,2931261,mixed,0.120295,227765
youtube2007,12,dense,75,19.145,0.214965,0.0454558,56.6609,378594590,mixed,19.1402,92334977
youtube2007,12,dense,82,0.28704,0.14629,0.0082594,0.632448,116266260,mixed,0.28486,924533
youtube2007,12,dense,87,163.943,0.10818,0.0144762,199.634,613361939205,mixed,163.94,147021927
youtube2007,12,dense,88,66.5715,0.216168,0.00516319,90.9644,6592356098,mixed,66.5699,15749203
youtube2007,12,dense,89,0.0441126,0.10697,0.00513,0.0636098,371898,mixed,0.0435649,96306
youtube2007,12,dense,90,0.09778,0.164151,0.00654066,0.129572,4149928,mixed,0.0971148,196109
youtube2007,12,dense,93,201.173,0.176514,0.0258577,358.001,46894768211,mixed,201.171,546666716
youtube2007,12,dense,98,413.384,0.471957,0.294463,1070.05,122423397072,mixed,413.351,648746991
youtube2007,12,dense,100,0.00517544,0.107237,0.00105127,0.00492991,181344,3 10 4 5 6 1 2 0 8 7 11 9 ,0.00492991,6707
youtube2007,12,sparse,1,0.0669576,0.157241,0.00680389,0.171616,13714975,mixed,0.0654056,143398
youtube2007,12,sparse,3,5.56994,0.137053,0.0311576,9.64867,2460389493,mixed,5.56297,4895398
youtube2007,12,sparse,4,0.00059632,0.0713387,0.000900836,0.00049579,9,4 3 1 7 11 6 2 0 5 10 9 8 ,0.00049579,56
youtube2007,12,sparse,7,288.632,0.324527,0.299242,486.194,975295834234,mixed,288.59,306639981
youtube2007,12,sparse,8,82.084,0.245881,0.107183,157.944,13557505057260,mixed,82.0625,115895581
youtube2007,12,sparse,9,0.0444556,0.186542,0.00957433,0.0928623,3328210,mixed,0.0388611,92227
youtube2007,12,sparse,10,0.0381765,0.15637,0.0064378,0.0832602,4526967,mixed,0.0375973,148437
youtube2007,12,sparse,11,0.0624562,0.0533701,0.0020845,0.0644584,2570400,mixed,0.0622126,107898
youtube2007,12,sparse,14,0.00389882,0.131101,0.0027159,0.010503,93744,mixed,0.00368219,3694
youtube2007,12,sparse,18,0.0332971,0.207497,0.00782597,0.10323,4450907,mixed,0.0318931,120024
youtube2007,12,sparse,20,42.3848,0.408329,0.150294,73.0718,72397121361,mixed,42.364,57796659
youtube2007,12,sparse,22,0.838946,0.0718724,0.00182109,0.838586,75889924,7 0 2 1 5 4 3 8 10 9 6 11 ,0.838586,941882
youtube2007,12,sparse,25,0.564366,0.153177,0.0156357,0.920356,66315571,mixed,0.560001,886376
youtube2007,12,sparse,26,0.0539301,0.11742,0.00640929,0.114699,2039837,mixed,0.0535014,117790
youtube2007,12,sparse,27,0.00173223,0.0844078,0.00382708,0.00472749,1664,mixed,0.00156306,880
youtube2007,12,sparse,29,0.00163294,0.104877,0.00144905,0.00190976,372064,mixed,0.00126702,767
youtube2007,12,sparse,32,10.453,0.114603,0.00365142,10.596,1127664096,mixed,10.4527,33026
youtube2007,12,sparse,35,0.608409,0.123542,0.0117617,1.32419,31139202,mixed,0.607568,1031160
youtube2007,12,sparse,36,135.78,0.192252,0.0560391,192.655,284959837902,mixed,135.769,186510823
youtube2007,12,sparse,37,119.975,0.17908,0.0677067,348.277,49180262745,mixed,119.963,294492432
youtube2007,12,sparse,40,23.6907,0.184602,0.043766,64.9399,10542782150,mixed,23.6832,85318032
youtube2007,12,sparse,41,78.8664,0.155215,0.0977442,210.19,118890186178,mixed,78.8558,43153164
youtube2007,12,sparse,43,0.00235577,0.0739968,0.00160493,0.00270932,208352,mixed,0.00199658,1424
youtube2007,12,sparse,44,0.00118258,0.101849,0.0019369,0.00173471,2,mixed,0.000926633,111
youtube2007,12,sparse,48,23.8979,0.191961,0.0496104,25.6512,5254395154,mixed,23.89,5691531
youtube2007,12,sparse,52,2.95239,0.298772,0.0556851,7.36837,1419130295,mixed,2.94641,7419310
youtube2007,12,sparse,54,1.4937,0.279751,0.0711797,5.49154,669952142,mixed,1.47438,6509492
youtube2007,12,sparse,59,135.313,0.477901,0.121521,264.389,762815377418,mixed,135.263,220934482
youtube2007,12,sparse,62,8.56597,0.177871,0.0655631,14.4986,189506383429,mixed,8.55894,15225566
youtube2007,12,sparse,66,0.10602,0.0653879,0.0045332,0.1382,13459718,mixed,0.105677,216099
youtube2007,12,sparse,70,79.9152,0.349172,0.196771,180.013,29555453878,mixed,79.873,104702411
youtube2007,12,sparse,72,397.061,0.0837519,0.046482,406.469,94862458453,mixed,397.058,179219435
youtube2007,12,sparse,74,2.59439,0.0840714,0.00523156,2.68009,15737177896,mixed,2.59364,1726014
youtube2007,12,sparse,79,259.497,0.0809967,0.0231928,261.083,37690482509,mixed,259.495,39977762
youtube2007,12,sparse,82,5.59168,0.244508,0.0553962,18.2733,22165352608,mixed,5.57703,12459055
youtube2007,12,sparse,85,0.379782,0.117857,0.00775178,0.562912,817317851,mixed,0.378542,276677
youtube2007,12,sparse,88,0.121545,0.0918221,0.00454734,0.131186,15820437,mixed,0.121212,86960
youtube2007,12,sparse,93,0.552176,0.297139,0.0447451,1.43287,334168173815,mixed,0.542817,954749
youtube2007,12,sparse,94,0.818485,0.231762,0.0118213,1.96617,26651084,mixed,0.81605,2173189
youtube2007,12,sparse,100,2.6446,0.194248,0.0185658,3.81374,294240712,mixed,2.64057,3756578
