dataset,query_size,query_mode,query_index,elapsed_execution_time,filter_time,plan_time,enumerate_time,n_embeddings,order,max_task_time,n_intersections
youtube2007,8,dense,4,9.90907,0.143691,0.0433127,34.8705,905485938,mixed,9.90062,21704097
youtube2007,8,dense,5,0.0087012,0.132067,0.00282056,0.0268282,37928,mixed,0.00832576,34317
youtube2007,8,dense,6,14.1296,0.306628,0.341069,29.7228,2078402394,mixed,14.0832,27364476
youtube2007,8,dense,9,0.0514085,0.0573008,0.00542857,0.0866332,1796513,mixed,0.0504682,100826
youtube2007,8,dense,10,281.805,0.195779,0.402631,454.485,30074837469,mixed,281.777,384573736
youtube2007,8,dense,12,0.0277973,0.079871,0.00567554,0.0604533,1166590,mixed,0.0272247,48727
youtube2007,8,dense,14,3.09712,0.108583,0.0101451,7.51578,467322693,mixed,3.09437,8527610
youtube2007,8,dense,15,225.048,0.172621,0.291782,683.323,83621425335,mixed,225.008,558691630
youtube2007,8,dense,18,0.0705266,0.0996197,0.0102915,0.22534,275229,mixed,0.0693744,295634
youtube2007,8,dense,19,0.114199,0.110252,0.0082705,0.219807,2444936,mixed,0.112688,173600
youtube2007,8,dense,20,21.4211,0.378916,0.299681,81.7175,1110842969,mixed,21.3787,81696766
youtube2007,8,dense,21,0.181948,0.121768,0.0128246,0.447039,13547290,mixed,0.179285,342113
youtube2007,8,dense,22,388.237,0.252092,0.385298,1242.39,75657970767,mixed,388.185,784285533
youtube2007,8,dense,23,0.499397,0.0955403,0.0441972,1.16549,5794869,mixed,0.496169,1051131
youtube2007,8,dense,24,77.9725,0.108178,0.117348,162.214,9586384619,mixed,77.9615,116359202
youtube2007,8,dense,26,0.0512213,0.0855738,0.00536689,0.0704954,162032,mixed,0.0505569,128898
youtube2007,8,dense,27,0.046838,0.155602,0.0101566,0.166381,565319,mixed,0.0444079,259681
youtube2007,8,dense,28,0.0120603,0.13372,0.00288415,0.0270285,209248,mixed,0.0113405,24706
youtube2007,8,dense,29,7.2651,0.195167,0.0619652,21.8621,91068504,mixed,7.25391,20047333
youtube2007,8,dense,30,53.4195,0.125442,0.110303,132.547,28310969676,mixed,53.4061,99194309
youtube2007,8,dense,31,2.31957,0.164135,0.0743891,3.44874,73058160,mixed,2.31074,4154221
youtube2007,8,dense,32,12.5421,0.346807,0.141782,35.9976,1468227389,mixed,12.5049,27601101
youtube2007,8,dense,35,0.0413456,0.0750929,0.00522511,0.0963595,935485,mixed,0.0407576,134858
youtube2007,8,dense,39,0.0142354,0.0536711,0.00285812,0.022238,114182,mixed,0.0139558,29887
youtube2007,8,dense,40,11.2674,0.172177,0.056293,34.4743,319003190,mixed,11.2604,28772219
youtube2007,8,dense,41,6.0757,0.159114,0.0573931,21.3178,562997708,mixed,6.0629,21110300
youtube2007,8,dense,42,2.42074,0.158831,0.0433545,7.35398,889508800,mixed,2.41242,7404157
youtube2007,8,dense,44,90.0672,0.399505,0.397494,310.541,63603910274,mixed,89.9939,248684273
youtube2007,8,dense,45,43.0649,0.20759,0.0703067,130.183,2729183019,mixed,43.0486,72499151
youtube2007,8,dense,46,594.083,0.201304,0.776154,1019.49,507907948981,mixed,594.037,581130811
youtube2007,8,dense,47,31.9638,0.357016,0.156362,99.7152,8636631393,mixed,31.912,51664413
youtube2007,8,dense,48,0.00205793,0.100715,0.00227059,0.00437815,11604,mixed,0.00190745,2459
youtube2007,8,dense,50,0.00592355,0.0290337,0.00178342,0.0128985,28079,mixed,0.00571313,13883
youtube2007,8,dense,51,8.99184,0.245834,0.0843343,28.4761,1673377853,mixed,8.98046,28479912
youtube2007,8,dense,52,0.00161042,0.109069,0.00218247,0.00568748,1759,mixed,0.00139728,1664
youtube2007,8,dense,53,0.00379229,0.0982607,0.00280798,0.00977549,21807,mixed,0.00354792,7921
youtube2007,8,dense,54,3.05374,0.161702,0.135623,10.356,71999588,mixed,3.03749,13308578
youtube2007,8,dense,56,0.00826385,0.101355,0.00233104,0.0154677,28559,mixed,0.00609523,23244
youtube2007,8,dense,60,0.0187066,0.0825962,0.00928939,0.0387595,857912,mixed,0.0179936,41089
youtube2007,8,dense,62,1.13704,0.0759611,0.00887748,2.89947,28048280,mixed,1.13593,2687838
youtube2007,8,dense,63,0.646234,0.156656,0.0237007,2.52173,76220983,mixed,0.639364,2508953
youtube2007,8,dense,64,0.399123,0.111567,0.0354167,0.842534,11603776,mixed,0.392009,979659
youtube2007,8,dense,67,0.501573,0.131848,0.0145665,1.0824,6068896,mixed,0.498372,1831382
youtube2007,8,dense,68,0.208175,0.157409,0.0172586,0.500142,9340899,mixed,0.203319,415491
youtube2007,8,dense,69,0.359264,0.116101,0.0156143,0.601561,1232423,mixed,0.358028,1139311
youtube2007,8,dense,73,0.0819674,0.0789254,0.010094,0.180199,12950230,mixed,0.0811064,195151
youtube2007,8,dense,75,0.0573625,0.11462,0.0141002,0.0663513,1030088,mixed,0.0535328,89606
youtube2007,8,dense,77,333.972,0.258107,0.272625,1131.92,15568474914,mixed,333.938,891311098
youtube2007,8,dense,78,17.0205,0.0897485,0.0345524,23.1941,4656768079,mixed,17.0148,25696817
youtube2007,8,dense,79,2.95854,0.16599,0.0629074,10.306,4407631213,mixed,2.94533,11196072
youtube2007,8,dense,81,143.346,0.357733,0.327785,363.271,4946920097,mixed,143.292,436593033
youtube2007,8,dense,84,23.5193,0.180167,0.174813,57.5895,5765328428,mixed,23.4892,74996594
youtube2007,8,dense,85,0.221843,0.185216,0.00958263,0.568861,24373450,mixed,0.21734,615302
youtube2007,8,dense,86,222.587,0.360054,0.475347,420.52,20871361977,mixed,222.513,266867090
youtube2007,8,dense,87,6.77792,0.119826,0.00753614,10.2492,568386735,mixed,6.77653,11461587
youtube2007,8,dense,89,46.5142,0.152415,0.133185,94.6712,726753039,mixed,46.4827,98490309
youtube2007,8,dense,90,0.00197915,0.0944618,0.00393768,0.00565021,3698,mixed,0.00179049,2377
youtube2007,8,dense,91,118.37,0.142899,0.20544,186.341,14065865196,mixed,118.346,176115022
youtube2007,8,dense,92,131.059,0.171731,0.230234,469.231,14718039248,mixed,131.033,301325965
youtube2007,8,dense,94,3.58126,0.214546,0.0964337,9.79056,128830004,mixed,3.56821,9290199
youtube2007,8,dense,95,16.4337,0.147537,0.0535684,32.4317,8128678614,mixed,16.4229,22645381
youtube2007,8,dense,98,10.9639,0.0490408,0.0224768,32.0699,3867011564,mixed,10.961,18572278
youtube2007,8,dense,99,0.00692894,0.0761972,0.00318729,0.0231718,21995,mixed,0.00662157,26904
youtube2007,8,sparse,1,0.0904648,0.0930863,0.00696511,0.234863,6801281,mixed,0.0881881,341848
youtube2007,8,sparse,2,24.8497,0.161112,0.103573,53.1118,21830099425,mixed,24.821,42430379
youtube2007,8,sparse,5,2.10606,0.0528225,0.0126365,5.23203,447209421,mixed,2.10412,467751
youtube2007,8,sparse,6,0.891382,0.230386,0.0237844,1.8097,202680341,mixed,0.880268,894137
youtube2007,8,sparse,7,0.372502,0.113341,0.00879578,0.472387,94999955,mixed,0.371004,439871
youtube2007,8,sparse,8,60.2303,0.0834186,0.107068,71.2698,2025500362,mixed,60.2205,61086771
youtube2007,8,sparse,10,0.00207169,0.109637,0.00164883,0.00256588,38499,mixed,0.0008855,951
youtube2007,8,sparse,13,56.5011,0.1959,0.660724,191.122,1556865196,mixed,56.4493,158866739
youtube2007,8,sparse,14,71.6169,0.344743,0.314859,214.288,10218984832,mixed,71.5564,124717020
youtube2007,8,sparse,15,0.245736,0.171195,0.0383498,0.424623,388611357,mixed,0.228491,327877
youtube2007,8,sparse,16,35.4716,0.229032,0.317673,63.3083,733271217,mixed,35.441,61925723
youtube2007,8,sparse,18,179.474,0.105793,0.088798,223.519,24488001449,mixed,179.46,18266367
youtube2007,8,sparse,19,0.0594852,0.157349,0.0198562,0.185262,80157,mixed,0.0557464,161524
youtube2007,8,sparse,20,473.16,0.339253,0.255933,1255.13,162093380792,mixed,473.076,21976810
youtube2007,8,sparse,21,1.43597,0.108451,0.0184871,2.01923,7542769,mixed,1.43212,2617722
youtube2007,8,sparse,23,0.122713,0.150318,0.0150445,0.263714,6328838,mixed,0.117541,224182
youtube2007,8,sparse,24,46.237,0.18159,0.232167,97.9505,7629220299,mixed,46.2009,50805192
youtube2007,8,sparse,25,10.6571,0.0522249,0.043354,15.8683,1923620631,mixed,10.653,10723961
youtube2007,8,sparse,26,0.691161,0.171389,0.0814603,2.71834,77866313,mixed,0.670455,1975581
youtube2007,8,sparse,28,18.7831,0.247945,0.207564,31.3441,30794348148,mixed,18.7379,29849985
youtube2007,8,sparse,29,0.086596,0.0691367,0.00702963,0.157913,278881,mixed,0.0856605,187313
youtube2007,8,sparse,31,11.2726,0.365291,0.236559,32.5012,5859646000,mixed,11.2097,20589689
youtube2007,8,sparse,32,72.6937,0.148251,0.0606141,151.917,12519768722,mixed,72.6835,8475293
youtube2007,8,sparse,33,0.178236,0.0912155,0.0198838,0.337994,84169176,mixed,0.173282,420725
youtube2007,8,sparse,34,0.220538,0.0627237,0.0101352,0.416427,1507735,mixed,0.218918,368542
youtube2007,8,sparse,36,15.2523,0.301505,0.258944,35.4819,522870260,mixed,15.2203,36391363
youtube2007,8,sparse,38,56.3972,0.372963,0.243984,144.528,263842843252,mixed,56.3211,103204666
youtube2007,8,sparse,39,0.00143331,0.122103,0.00179265,0.00342268,3037,mixed,0.0011853,2122
youtube2007,8,sparse,40,7.96522,0.191674,0.175595,22.1212,56562762953,mixed,7.91978,17831417
youtube2007,8,sparse,41,3.27124,0.150579,0.102851,8.24573,96660576,mixed,3.24667,8861978
youtube2007,8,sparse,42,294.666,0.0872028,0.110079,397.452,54161194333,mixed,294.651,12788750
youtube2007,8,sparse,43,44.9542,0.142182,0.12415,127.949,5519602526,mixed,44.9299,12324205
youtube2007,8,sparse,44,14.243,0.21159,0.268812,44.5713,15269104973,mixed,14.1842,41544031
youtube2007,8,sparse,45,1.51923,0.155012,0.0213901,2.68102,119899767,mixed,1.51099,2032449
youtube2007,8,sparse,46,3.22935,0.347424,0.259985,7.44021,72308120782,mixed,3.178,5540295
youtube2007,8,sparse,47,0.00482488,0.107537,0.0058151,0.0133252,33738,mixed,0.00398572,11209
youtube2007,8,sparse,48,419.408,0.398065,0.471126,910.895,1125141331153,mixed,419.329,446367804
youtube2007,8,sparse,49,0.652334,0.184703,0.0473524,2.02569,36084522,mixed,0.638176,2250806
youtube2007,8,sparse,50,200.358,0.362755,0.579295,491.46,47409265568,mixed,200.272,434320635
youtube2007,8,sparse,51,180.111,0.137731,0.202931,572.871,58617738078,mixed,180.092,596043995
youtube2007,8,sparse,53,9.15205,0.343209,0.136719,19.8296,374533618,mixed,9.12624,19784498
youtube2007,8,sparse,54,0.0233673,0.135521,0.00998322,0.0734086,175996,mixed,0.0219694,103821
youtube2007,8,sparse,55,0.0097161,0.0804207,0.00344204,0.0154718,74901,mixed,0.00937249,15587
youtube2007,8,sparse,57,236.24,0.168301,0.344257,377.189,52709740498,mixed,236.211,176345780
youtube2007,8,sparse,58,0.00883453,0.111189,0.00266021,0.0238235,618334,mixed,0.00831636,26017
youtube2007,8,sparse,59,0.0139772,0.134388,0.00413869,0.028227,384423,mixed,0.0124649,29287
youtube2007,8,sparse,61,0.774421,0.118634,0.0581214,2.23659,50360120,mixed,0.76805,2550907
youtube2007,8,sparse,62,16.782,0.24481,0.0874176,55.3989,5819592620,mixed,16.7555,6798153
youtube2007,8,sparse,63,26.4006,0.125701,0.0351459,54.9957,23493698397,mixed,26.3874,12112414
youtube2007,8,sparse,66,17.1413,0.133303,0.161978,42.3885,11125542072,mixed,17.1208,21972464
youtube2007,8,sparse,67,18.7071,0.328576,0.0958993,44.6319,4045457427,mixed,18.6757,45760876
youtube2007,8,sparse,69,0.0501003,0.0950776,0.00644647,0.0801957,771568,mixed,0.0490936,95760
youtube2007,8,sparse,70,51.6248,0.0942599,0.159494,79.1326,13082101753,mixed,51.6133,47114518
youtube2007,8,sparse,71,0.0491952,0.102975,0.00579392,0.0654742,26132,mixed,0.0485382,116915
youtube2007,8,sparse,74,2.48297,0.131551,0.0731088,5.6591,217284030,mixed,2.47045,5739757
youtube2007,8,sparse,75,1.67621,0.0926308,0.0717928,2.78724,27931691,mixed,1.66382,2967018
youtube2007,8,sparse,77,0.553235,0.180059,0.149191,1.6602,19720066,mixed,0.530687,1414282
youtube2007,8,sparse,78,2.24612,0.140227,0.060613,4.53601,278106771,mixed,2.23137,3312266
youtube2007,8,sparse,79,0.0398465,0.0535586,0.00432473,0.0745378,1019974,mixed,0.0394855,111826
youtube2007,8,sparse,81,3.66916,0.104391,0.106972,6.01432,34042831,mixed,3.65997,6935096
youtube2007,8,sparse,82,0.915571,0.12842,0.0955215,2.15367,28641757082,mixed,0.897455,1568153
youtube2007,8,sparse,84,0.00555886,0.115862,0.00250616,0.0139935,120209,mixed,0.00519921,11110
youtube2007,8,sparse,85,0.00116303,0.106841,0.00182891,0.00298207,2042,mixed,0.000949462,786
youtube2007,8,sparse,86,63.4794,0.0908306,0.13933,109.949,8692214281,mixed,63.4668,76893259
youtube2007,8,sparse,87,11.2318,0.174912,0.133949,17.2132,633891481,mixed,11.22,19427751
youtube2007,8,sparse,88,3.60623,0.33891,0.331773,10.2107,256382988,mixed,3.57084,7705035
youtube2007,8,sparse,89,0.00359302,0.0814449,0.00440515,0.00554371,157728,mixed,0.00301257,3347
youtube2007,8,sparse,91,55.038,0.265572,0.20732,210.901,45977734959,mixed,54.997,123250076
youtube2007,8,sparse,94,0.073898,0.281553,0.0141941,0.175521,1024858,mixed,0.0694694,198082
youtube2007,8,sparse,95,53.5437,0.236799,0.490127,162.697,198348860155,mixed,53.4812,110479113
youtube2007,8,sparse,97,7.63027,0.187149,0.144346,24.947,654489893,mixed,7.60595,13349244
youtube2007,8,sparse,99,0.239936,0.0676384,0.0208265,0.255525,10737740,mixed,0.237494,278782
