dataset,query_size,query_mode,query_index,elapsed_execution_time,filter_time,plan_time,enumerate_time,n_embeddings,order,max_task_time,n_intersections
orkut,12,dense,1,0.075181,0.331268,0.131269,0.615979,6164009,mixed,0.0706745,317991
orkut,12,dense,2,0.0842619,0.376222,0.099917,0.376276,1779145475,mixed,0.0800552,212476
orkut,12,dense,3,0.0792548,0.336469,0.0884337,0.363559,18313414884,mixed,0.0747788,272972
orkut,12,dense,4,0.0419262,0.35978,0.123955,0.408307,4722778,mixed,0.0340997,301390
orkut,12,dense,5,0.0657154,0.281205,0.119165,0.353256,1823651,mixed,0.0584355,306370
orkut,12,dense,6,0.0323893,0.336664,0.10992,0.292805,638121960,mixed,0.0233978,245257
orkut,12,dense,7,0.0266788,0.279029,0.0940005,0.227412,15314284,mixed,0.0195239,181854
orkut,12,dense,8,0.727787,0.364406,0.138485,7.03644,587410,mixed,0.483566,4742475
orkut,12,dense,9,0.0289025,0.377604,0.0985383,0.303811,785975,mixed,0.0250463,274680
orkut,12,dense,10,0.104089,0.314967,0.106384,0.371418,104141578,mixed,0.100039,306496
orkut,12,dense,11,0.103185,0.372123,0.11434,0.462371,1309209,mixed,0.0970851,431387
orkut,12,dense,12,0.0223294,0.288916,0.112874,0.186652,4449662,mixed,0.0179801,138404
orkut,12,dense,13,0.0645383,0.299321,0.0980955,0.336754,241168,mixed,0.0608848,304867
orkut,12,dense,14,0.121866,0.318693,0.103855,0.413061,1153864479,mixed,0.117746,347891
orkut,12,dense,15,0.0799738,0.327647,0.10965,0.422527,1602724,mixed,0.0766804,364444
orkut,12,dense,16,0.435967,0.389966,0.134119,2.49555,26225156,mixed,0.417725,1809528
orkut,12,dense,17,0.318965,0.303569,0.104159,0.820923,311048088,mixed,0.109862,839755
orkut,12,dense,18,0.118126,0.281783,0.100752,0.490516,2119092268,mixed,0.110992,394068
orkut,12,dense,19,0.044791,0.392537,0.120744,0.37583,64388467,mixed,0.0409144,307213
orkut,12,dense,20,0.217172,0.390832,0.112017,0.759258,1036888,mixed,0.203344,848160
orkut,12,dense,21,0.0460723,0.276995,0.112197,0.444686,388122265,mixed,0.0420607,369795
orkut,12,dense,22,0.156813,0.29721,0.128168,0.549313,120957950,mixed,0.153121,462154
orkut,12,dense,23,0.0646372,0.39636,0.0974268,0.298154,14075084,mixed,0.059094,270237
orkut,12,dense,24,0.0427327,0.315474,0.109894,0.360701,2544803,mixed,0.0390755,333424
orkut,12,dense,25,0.925037,0.369438,0.16338,7.66002,1110635,mixed,0.411742,5745675
orkut,12,dense,26,0.822127,0.404471,0.138031,3.28577,1862940,mixed,0.25962,3417868
orkut,12,dense,27,0.767402,0.26316,0.120529,4.95264,81327845,mixed,0.358471,2847334
orkut,12,dense,28,0.119618,0.295384,0.0952217,0.424623,32104427,mixed,0.116012,454252
orkut,12,dense,29,0.0495039,0.295402,0.107819,0.311851,947585,mixed,0.0428938,242093
orkut,12,dense,30,0.085617,0.299501,0.105654,0.402505,2496309,mixed,0.0825575,537701
orkut,12,dense,31,0.0189758,0.290804,0.090091,0.21185,8385575,mixed,0.0148206,176004
orkut,12,dense,32,0.174194,0.331698,0.108617,0.565803,14939556,mixed,0.169216,478034
orkut,12,dense,33,0.0469079,0.296508,0.126778,0.362358,19946656,mixed,0.0428941,369444
orkut,12,dense,34,0.0760324,0.289057,0.114083,0.414219,38701530,mixed,0.0716263,402851
orkut,12,dense,35,0.0505865,0.245522,0.103817,0.471346,31133806,mixed,0.045817,336905
orkut,12,dense,36,0.0993253,0.287618,0.133696,0.340127,3500983,mixed,0.0952186,351523
orkut,12,dense,37,0.607693,0.359206,0.115942,3.67711,964467713,mixed,0.361476,1363818
orkut,12,dense,38,0.0488457,0.291655,0.0895841,0.280457,5200899,mixed,0.0451512,242601
orkut,12,dense,39,0.0693562,0.361074,0.0990126,0.385098,3246127331,mixed,0.0651098,299073
orkut,12,dense,40,0.465017,0.302561,0.104338,1.65922,3667664135,mixed,0.250186,677293
orkut,12,dense,41,0.242463,0.362816,0.111364,0.669192,177486159,mixed,0.21384,421088
orkut,12,dense,42,0.285685,0.348554,0.126398,1.17582,7984455,mixed,0.239094,1178632
orkut,12,dense,43,0.0962526,0.370019,0.113102,0.641341,2374488,mixed,0.0921848,634626
orkut,12,dense,44,0.202702,0.30353,0.118232,0.83341,2297452,mixed,0.198355,814822
orkut,12,dense,45,0.0260867,0.312285,0.108685,0.227758,3659718,mixed,0.022796,179814
orkut,12,dense,46,0.124459,0.38732,0.10513,0.463211,28050640,mixed,0.117582,374444
orkut,12,dense,47,0.0372764,0.29487,0.0912133,0.262461,929575,mixed,0.0336912,240366
orkut,12,dense,48,0.119601,0.261001,0.112814,0.629644,2506858,mixed,0.115303,642764
orkut,12,dense,49,0.0400799,0.34126,0.106319,0.366701,531165312,mixed,0.0353232,291394
orkut,12,dense,50,0.0477303,0.283999,0.130273,0.335094,3628289,mixed,0.0412827,313151
orkut,12,dense,51,0.0183775,0.364325,0.124008,0.229383,416121,mixed,0.0148141,204045
orkut,12,dense,52,0.120916,0.386336,0.110065,1.99872,64703,mixed,0.0912021,662538
orkut,12,dense,53,0.0357396,0.370679,0.0929659,0.320899,3420511,mixed,0.0318223,326581
orkut,12,dense,54,0.106965,0.307556,0.142452,0.644967,1322464,mixed,0.103409,605254
orkut,12,dense,55,0.047248,0.314839,0.129434,0.297783,4457801,mixed,0.0379085,292905
orkut,12,dense,56,0.258077,0.374102,0.108914,1.04809,16072774,mixed,0.252648,713750
orkut,12,dense,57,0.178874,0.337105,0.0989191,1.14182,14963375,mixed,0.17449,1087233
orkut,12,dense,58,0.0285271,0.365015,0.113022,0.264955,170914,mixed,0.0252481,259651
orkut,12,dense,59,0.0516287,0.242269,0.122105,0.326586,2405655,mixed,0.0444082,305904
orkut,12,dense,60,0.343029,0.336983,0.0977639,0.798337,86441390,mixed,0.129237,789201
orkut,12,dense,61,0.047297,0.426453,0.102093,0.358047,227928,mixed,0.0402579,308408
orkut,12,dense,62,0.0788703,0.289979,0.110867,0.310165,12955846,mixed,0.0714929,250876
orkut,12,dense,63,0.314056,0.323866,0.121763,0.654763,182810958,mixed,0.212106,562398
orkut,12,dense,64,0.0685159,0.327673,0.0967748,0.333949,4360556,mixed,0.0654452,335464
orkut,12,dense,65,0.0203928,0.332184,0.0960154,0.246387,6315933,mixed,0.0165339,222139
orkut,12,dense,66,0.178868,0.308238,0.115427,0.69906,30095979,mixed,0.166954,556802
orkut,12,dense,67,0.0348664,0.23978,0.0841437,0.323512,387022562,mixed,0.0258829,252083
orkut,12,dense,68,0.247512,0.387379,0.0957217,0.645273,5900594,mixed,0.228852,428475
orkut,12,dense,69,0.179586,0.248513,0.103139,0.658157,4188440395,mixed,0.17504,498852
orkut,12,dense,70,0.0475889,0.26975,0.0843354,0.337104,10772072854,mixed,0.0395108,299801
orkut,12,dense,71,0.0926776,0.304341,0.120768,0.493095,5525285,mixed,0.088637,410249
orkut,12,dense,72,0.0326245,0.411485,0.115909,0.344532,1113659,mixed,0.0247131,251052
orkut,12,dense,73,0.0341444,0.349889,0.104857,0.29205,7163955,mixed,0.0296086,249236
orkut,12,dense,74,0.399717,0.290579,0.120514,1.14631,25792580,mixed,0.206432,1168905
orkut,12,dense,75,0.154062,0.370566,0.0988482,0.521937,338574519,mixed,0.149887,524656
orkut,12,dense,76,0.0582398,0.341425,0.105085,0.427783,2763700,mixed,0.0544897,354693
orkut,12,dense,77,0.0504082,0.306676,0.101756,0.342743,121800527,mixed,0.0465001,305471
orkut,12,dense,78,0.0641345,0.362155,0.107279,0.349105,1297322,mixed,0.0609707,348159
orkut,12,dense,79,0.031969,0.291637,0.122484,0.372449,2412326,mixed,0.0284063,316349
orkut,12,dense,80,0.0580692,0.336183,0.119025,0.356454,245627,mixed,0.0506045,343777
orkut,12,dense,81,0.0805036,0.367947,0.101121,0.454936,362201,mixed,0.0764584,434848
orkut,12,dense,82,0.0273723,0.388315,0.100334,0.24698,3721973,mixed,0.0234457,223951
orkut,12,dense,83,0.059863,0.357207,0.107735,0.371233,242658596,mixed,0.0554759,327582
orkut,12,dense,84,0.0514985,0.369526,0.102266,0.343699,802241,mixed,0.0430878,340528
orkut,12,dense,85,0.0999056,0.40155,0.104773,0.37642,412898,mixed,0.0969372,367526
orkut,12,dense,86,0.0282673,0.317638,0.106994,0.279718,186287984,mixed,0.023194,228258
orkut,12,dense,87,0.0544651,0.352831,0.119726,0.381391,1142458,mixed,0.0512885,370409
orkut,12,dense,88,0.251744,0.324865,0.1044,0.624194,559053989,mixed,0.209254,356385
orkut,12,dense,89,0.0648705,0.340128,0.107561,0.386247,378296213,mixed,0.059535,291784
orkut,12,dense,90,0.182498,0.250346,0.160378,0.827694,440185,mixed,0.178896,905771
orkut,12,dense,91,0.0325233,0.346151,0.0917283,0.26855,73031202,mixed,0.0282768,237893
orkut,12,dense,92,0.28207,0.325809,0.128883,0.773917,814014,mixed,0.15814,774248
orkut,12,dense,93,0.304064,0.305231,0.117637,0.71264,99180438,mixed,0.122311,651037
orkut,12,dense,94,0.132677,0.291884,0.125511,0.635702,1340939,mixed,0.129236,572894
orkut,12,dense,95,0.210495,0.320274,0.107201,0.504738,201816623,mixed,0.0701448,424883
orkut,12,dense,96,0.0435957,0.324711,0.117138,0.452589,3926809,mixed,0.0398246,371080
orkut,12,dense,97,0.21941,0.340509,0.117266,0.676905,512940739,mixed,0.206795,553343
orkut,12,dense,98,0.0625873,0.412323,0.130599,0.437268,24319065,mixed,0.0585135,421223
orkut,12,dense,99,0.070806,0.269319,0.127754,0.432486,21329227,mixed,0.0614953,311274
orkut,12,dense,100,0.0272564,0.287079,0.114113,0.280459,45054691,mixed,0.0225361,250668
orkut,12,sparse,1,0.116356,0.227807,0.128405,0.531781,70617033,mixed,0.111562,663684
orkut,12,sparse,2,0.295008,0.307926,0.140161,1.14307,7347119773,mixed,0.20564,778672
orkut,12,sparse,3,0.605775,0.302065,0.1349,2.88927,6127758497,mixed,0.409588,1104745
orkut,12,sparse,4,0.138522,0.292871,0.112249,0.479677,2808695605,mixed,0.13406,378322
orkut,12,sparse,5,7.15134,0.330724,0.174671,165.788,7274486625,mixed,3.50701,88065991
orkut,12,sparse,6,0.0671469,0.279743,0.116635,0.428774,875445718926,mixed,0.06168,270987
orkut,12,sparse,7,0.868131,0.355825,0.145103,14.4582,2050343569,mixed,0.712793,9080008
orkut,12,sparse,8,0.233687,0.325109,0.146612,0.939158,92709447,mixed,0.209294,867076
orkut,12,sparse,9,0.287431,0.316664,0.129969,1.1504,1151105640985,mixed,0.252252,905387
orkut,12,sparse,10,0.189843,0.273277,0.143878,0.724033,354551855,mixed,0.185311,502530
orkut,12,sparse,11,0.474087,0.301567,0.145851,1.85236,4563650060,mixed,0.263214,1609337
orkut,12,sparse,12,0.293944,0.270778,0.132011,1.41183,2129071313,mixed,0.277224,1326413
orkut,12,sparse,13,0.121782,0.288177,0.114992,0.693394,17032970890,mixed,0.115754,635626
orkut,12,sparse,14,0.444223,0.225431,0.139966,1.78705,558212617,mixed,0.237306,1709844
orkut,12,sparse,15,0.219841,0.298544,0.116892,0.768766,241859393,mixed,0.204875,860925
orkut,12,sparse,16,0.12536,0.271073,0.1126,0.415986,2297235106968,mixed,0.119482,258128
orkut,12,sparse,17,0.255434,0.29919,0.120932,0.914401,1491485607,mixed,0.148454,796019
orkut,12,sparse,18,0.0804372,0.248141,0.116308,0.395978,11535471201,mixed,0.0759343,292192
orkut,12,sparse,19,0.125031,0.348396,0.112023,0.70308,52747627736,mixed,0.119077,717692
orkut,12,sparse,20,1.47741,0.267609,0.142617,31.5069,338921322,mixed,0.936131,19254240
orkut,12,sparse,21,0.0714639,0.338395,0.11954,0.427479,225380367,mixed,0.0671154,362214
orkut,12,sparse,22,0.0891203,0.33084,0.128707,0.566238,2737546136,mixed,0.0804461,393918
orkut,12,sparse,23,12.4388,0.269666,0.158261,360.329,21682492424,mixed,6.72493,234539720
orkut,12,sparse,24,0.413562,0.243812,0.12135,1.71269,158798314648,mixed,0.335465,756047
orkut,12,sparse,25,0.189445,0.287435,0.12138,0.739539,186342788823,mixed,0.184437,690157
orkut,12,sparse,26,0.127149,0.29288,0.133575,0.426004,2539858908,mixed,0.117372,289872
orkut,12,sparse,27,0.226159,0.312049,0.133422,0.683206,28520821822,mixed,0.206512,443232
orkut,12,sparse,28,0.639645,0.341496,0.157919,2.45702,74065992,mixed,0.411157,1622951
orkut,12,sparse,29,0.744758,0.29161,0.130503,3.80887,16367852745,mixed,0.612329,2870478
orkut,12,sparse,30,0.524836,0.291413,0.128533,3.33161,17570375658987,mixed,0.291552,1175112
orkut,12,sparse,31,0.530302,0.28852,0.153825,2.90504,10043473536,mixed,0.405392,1421719
orkut,12,sparse,32,0.696807,0.268757,0.121254,3.77115,29968034469,mixed,0.42724,1861214
orkut,12,sparse,33,0.503842,0.294794,0.12516,3.27016,30516398085,mixed,0.254069,1260936
orkut,12,sparse,34,0.231397,0.254416,0.124015,1.02703,108330122998,mixed,0.205884,569858
orkut,12,sparse,35,0.218413,0.283482,0.118502,0.462258,289650940,mixed,0.0904522,464890
orkut,12,sparse,36,0.228784,0.316447,0.114762,0.729933,9013777879,mixed,0.119275,680264
orkut,12,sparse,37,1.10779,0.286263,0.147799,6.14812,32542690323,mixed,0.47792,2212052
orkut,12,sparse,38,0.372107,0.306319,0.137631,1.42587,2818476666,mixed,0.209586,1091218
orkut,12,sparse,39,0.45023,0.298816,0.131826,2.27345,449040903143,mixed,0.377152,1655843
orkut,12,sparse,40,0.396172,0.331681,0.122574,1.72004,4541399447,mixed,0.212582,1585758
orkut,12,sparse,41,0.291564,0.24259,0.12812,0.948618,214006662219,mixed,0.21167,497978
orkut,12,sparse,42,0.931754,0.297667,0.1258,11.7381,15151049902,mixed,0.581428,8663096
orkut,12,sparse,43,0.257516,0.34162,0.103647,0.893749,59252693049,mixed,0.215183,636085
orkut,12,sparse,44,0.0653655,0.28238,0.129039,0.477164,8249299891,mixed,0.0600362,367051
orkut,12,sparse,45,0.364999,0.325987,0.129889,1.86633,2129603706,mixed,0.215315,1032158
orkut,12,sparse,46,2.424,0.243949,0.133062,58.6655,9209261458,mixed,1.21195,13479995
orkut,12,sparse,47,0.459236,0.280863,0.145157,3.59611,827767693,mixed,0.225144,2605268
orkut,12,sparse,48,0.276386,0.250176,0.10948,0.939584,1239219687722,mixed,0.207108,583113
orkut,12,sparse,49,0.32127,0.291253,0.124556,1.4924,542789406666,mixed,0.210402,898954
orkut,12,sparse,50,0.133852,0.27618,0.126555,0.564655,73927910,mixed,0.121157,748731
orkut,12,sparse,51,0.295392,0.270408,0.126943,1.16905,225980944745,mixed,0.260877,841058
orkut,12,sparse,52,0.53801,0.226221,0.124254,2.09772,289442532503,mixed,0.310908,1096830
orkut,12,sparse,53,0.393333,0.226835,0.154028,2.11063,2451457103,mixed,0.233258,1621761
orkut,12,sparse,54,0.380375,0.293661,0.136438,1.34955,56310785,mixed,0.374754,929014
orkut,12,sparse,55,1.74121,0.25445,0.130367,35.6688,68078889371,mixed,0.698553,8531727
orkut,12,sparse,56,1.39115,0.307493,0.173858,21.083,32482323683,mixed,0.651606,9771010
orkut,12,sparse,57,0.102823,0.235987,0.106321,0.384413,54528642390,mixed,0.0947798,319159
orkut,12,sparse,58,0.125152,0.248046,0.122815,0.40172,114813414528,mixed,0.119281,308004
orkut,12,sparse,59,0.237921,0.276395,0.154044,1.06792,413920281,mixed,0.209622,1001916
orkut,12,sparse,60,0.230838,0.257575,0.101033,0.532252,83449467243,mixed,0.0485969,604186
orkut,12,sparse,61,0.424371,0.244932,0.153357,1.37705,1325981362,mixed,0.230405,1201586
orkut,12,sparse,62,0.338259,0.351647,0.1327,1.37906,124543497,mixed,0.332205,1384035
orkut,12,sparse,63,2.13152,0.291628,0.152758,47.2021,2618402804,mixed,1.18804,19268937
orkut,12,sparse,64,0.949911,0.287603,0.1393,10.1173,35720430461,mixed,0.510748,4227626
orkut,12,sparse,65,0.34537,0.25872,0.136643,0.959628,80151297891,mixed,0.243508,467074
orkut,12,sparse,66,0.0530486,0.29725,0.101196,0.348676,42633001563,mixed,0.0482236,309196
orkut,12,sparse,67,0.0707048,0.288516,0.12258,0.460533,109855883823,mixed,0.0660418,351668
orkut,12,sparse,68,0.224098,0.242578,0.12357,1.25764,30995830371,mixed,0.210786,1165855
orkut,12,sparse,69,0.656506,0.264768,0.133564,4.51936,252885380,mixed,0.407943,2363831
orkut,12,sparse,70,0.597393,0.257743,0.11567,2.01726,249740166980,mixed,0.38449,951488
orkut,12,sparse,71,0.8815,0.299362,0.132844,4.961,384088826085,mixed,0.422803,1494232
orkut,12,sparse,72,0.056024,0.296849,0.112644,0.402848,5622743110840,mixed,0.0498916,291275
orkut,12,sparse,73,0.607155,0.387558,0.131349,6.09502,312859200,mixed,0.339682,4193547
orkut,12,sparse,74,0.0854226,0.330137,0.119335,0.490546,23999906,mixed,0.0812168,349933
orkut,12,sparse,75,1.27995,0.34051,0.170446,16.6875,31851839,mixed,0.610928,8943708
orkut,12,sparse,76,0.545179,0.292789,0.135102,3.26363,265361807109,mixed,0.308366,2061877
orkut,12,sparse,77,0.281659,0.254478,0.109969,0.829911,57031912849,mixed,0.236228,707400
orkut,12,sparse,78,0.251781,0.350184,0.11786,0.88902,147382817577,mixed,0.204807,736533
orkut,12,sparse,79,0.356345,0.267141,0.125377,2.25837,89709660181,mixed,0.269885,952949
orkut,12,sparse,80,0.575928,0.29907,0.126603,1.92969,27739772307,mixed,0.366506,1691680
orkut,12,sparse,81,0.226275,0.366762,0.118293,0.884651,1039492595,mixed,0.207258,809935
orkut,12,sparse,82,0.654007,0.358952,0.145024,2.67535,7978416401,mixed,0.302651,1137051
orkut,12,sparse,83,1.44979,0.263566,0.128937,27.2113,74959010244,mixed,0.615882,6063731
orkut,12,sparse,84,0.282861,0.267784,0.153051,1.27669,123160480,mixed,0.266399,862349
orkut,12,sparse,85,1.14498,0.302136,0.13192,10.6768,953354126614,mixed,0.625555,3608807
orkut,12,sparse,86,0.515669,0.322542,0.146032,4.3804,311309713,mixed,0.406951,2205800
orkut,12,sparse,87,0.418223,0.228132,0.139883,1.51049,35469601875,mixed,0.209401,1222430
orkut,12,sparse,88,0.730551,0.32601,0.136314,3.28129,1146656523,mixed,0.409694,2129809
orkut,12,sparse,89,0.0542433,0.323422,0.107218,0.495162,1939357227,mixed,0.0463734,302804
orkut,12,sparse,90,5.55896,0.344,0.1528,134.514,1025439449,mixed,4.2492,99844158
orkut,12,sparse,91,3.3622,0.271679,0.176802,77.2655,833441580,mixed,2.45289,80743259
orkut,12,sparse,92,0.0790526,0.302615,0.126301,0.566685,2551596863,mixed,0.0738392,329750
orkut,12,sparse,93,0.44989,0.26553,0.151861,1.31152,7785307,mixed,0.412632,1400767
orkut,12,sparse,94,0.879704,0.346042,0.145322,3.96614,36701225,mixed,0.403592,5276086
orkut,12,sparse,95,0.0695879,0.278365,0.113846,0.396812,138131120,mixed,0.0655026,353394
orkut,12,sparse,96,0.563788,0.265472,0.136112,2.15981,269188155079,mixed,0.328841,901766
orkut,12,sparse,97,0.0355781,0.323965,0.105041,0.279475,24377627696,mixed,0.0296567,245498
orkut,12,sparse,98,0.0489422,0.257258,0.103715,0.320787,28083918933,mixed,0.0434849,253862
orkut,12,sparse,99,0.512544,0.320098,0.146422,3.12738,1993512224,mixed,0.424649,1594433
orkut,12,sparse,100,0.865865,0.270317,0.135279,10.4445,3810372361,mixed,0.605074,6607221
