dataset,query_size,query_mode,query_index,elapsed_execution_time,filter_time,plan_time,enumerate_time,n_embeddings,order,max_task_time,n_intersections
friendster,12,dense,1,0.429481,1.48363,0.808973,2.7957,1201796955,mixed,0.227817,691557
friendster,12,dense,2,0.286616,1.57951,0.64365,6.03307,178866503,mixed,0.174885,1101419
friendster,12,dense,3,0.411505,1.62694,0.58078,9.76216,82104021,mixed,0.200014,1521092
friendster,12,dense,4,0.366847,1.52389,0.540851,5.03069,5443641,mixed,0.18043,1563419
friendster,12,dense,5,4.81202,1.54431,0.962527,116.712,1065135,mixed,3.05231,25316109
friendster,12,dense,6,0.280027,1.53044,0.736898,6.77645,165252,mixed,0.202023,1307649
friendster,12,dense,7,2.35091,1.49971,1.00541,40.0355,55078500,mixed,1.39226,14101769
friendster,12,dense,8,0.350853,1.56556,0.769381,6.8857,111677110,mixed,0.197796,1326074
friendster,12,dense,9,0.167481,1.72739,0.466149,2.94432,2,mixed,0.128664,722091
friendster,12,dense,10,0.0740006,1.56959,0.75933,0.996793,1653356,mixed,0.0353768,190717
friendster,12,dense,11,0.106693,1.5497,0.63487,1.39483,691886668,mixed,0.0491327,292497
friendster,12,dense,12,0.604774,1.54467,0.636147,10.6987,377624814,mixed,0.334525,1988860
friendster,12,dense,13,0.0858965,1.42705,0.589772,1.10376,22986648304,mixed,0.0389727,231587
friendster,12,dense,14,0.156945,1.59428,0.579077,3.3213,166026,mixed,0.108412,606978
friendster,12,dense,15,0.0875417,1.48665,0.723891,1.18421,80321957,mixed,0.0397463,236617
friendster,12,dense,16,0.0910372,1.43344,0.603948,1.12677,7860714736,mixed,0.0392669,241008
friendster,12,dense,17,0.275372,1.59636,0.855459,6.05814,64074,mixed,0.203153,1301397
friendster,12,dense,18,0.0663543,1.62914,0.603249,0.943201,17668434,mixed,0.0342066,188898
friendster,12,dense,19,0.321337,1.49522,0.673179,7.46118,14951780,mixed,0.205733,1546464
friendster,12,dense,20,0.0924346,1.46043,0.584509,1.21046,1362884726,mixed,0.0403428,251052
friendster,12,dense,21,0.342582,1.6638,0.605683,5.526,99889,mixed,0.216641,2390171
friendster,12,dense,22,0.166636,1.44376,0.622308,2.87255,2005082024,mixed,0.0872473,618900
friendster,12,dense,23,0.157747,1.47635,0.842294,1.54931,499817201,mixed,0.0950608,357286
friendster,12,dense,24,0.0840332,1.46703,0.644643,1.08438,12704206914,mixed,0.0327014,239306
friendster,12,dense,25,0.0872607,1.49717,0.672968,1.14107,83136659,mixed,0.0420661,211208
friendster,12,dense,26,0.51249,1.52444,0.839715,9.16315,75574560,mixed,0.261142,1921843
friendster,12,dense,27,0.184698,1.67083,0.783014,4.12341,531,mixed,0.0965474,568043
friendster,12,dense,28,0.179393,1.63586,0.788384,3.60434,406193,mixed,0.0979215,506532
friendster,12,dense,29,0.871818,1.48903,0.913837,22.6265,119844516,mixed,0.335252,7694881
friendster,12,dense,30,0.12292,1.61406,0.682899,2.23986,33247,mixed,0.0848572,563872
friendster,12,dense,31,0.129596,1.60124,0.593362,2.26726,1327995,mixed,0.0935945,484828
friendster,12,dense,32,0.46515,1.47475,0.928178,8.11072,1420306277,mixed,0.261751,1471221
friendster,12,dense,33,0.0946264,1.5371,0.667429,1.04283,843495648,mixed,0.0386485,229806
friendster,12,dense,34,0.0967359,1.41356,0.6126,1.20331,19460932772,mixed,0.0412727,229667
friendster,12,dense,35,0.218147,1.51159,0.699298,4.34398,32301699,mixed,0.117439,713022
friendster,12,dense,36,0.324755,1.4979,0.705068,7.84026,190281744,mixed,0.241274,1636128
friendster,12,dense,37,0.16005,1.55172,0.724622,2.77544,355733698,mixed,0.098033,815716
friendster,12,dense,38,0.149023,1.71402,0.487066,3.60002,2,mixed,0.0893278,656250
friendster,12,dense,39,0.0864045,1.59311,0.643253,1.09378,83950050,mixed,0.0388935,227043
friendster,12,dense,40,0.347708,1.55654,0.812256,7.52918,231018778,mixed,0.203909,1077305
friendster,12,dense,41,0.0868984,1.44862,0.722557,1.03173,6014903810,mixed,0.0316229,233145
friendster,12,dense,42,0.104545,1.45174,0.763129,1.24079,3643919418,mixed,0.0496648,258896
friendster,12,dense,43,0.104799,1.57863,0.719371,1.41172,379533496,mixed,0.045912,312253
friendster,12,dense,44,0.0831701,1.54941,0.583688,1.04851,39179760,mixed,0.0315265,217168
friendster,12,dense,45,0.0786708,1.5336,0.717657,1.04021,3055036,mixed,0.034101,211785
friendster,12,dense,46,0.0734202,1.51939,0.554446,0.952208,11318581,mixed,0.0293647,190883
friendster,12,dense,47,0.0774824,1.53885,0.627736,1.02813,6850314,mixed,0.0322313,191714
friendster,12,dense,48,0.0910746,1.51405,0.629028,1.03354,2272093861,mixed,0.0428875,236079
friendster,12,dense,49,0.289681,1.51489,0.728265,6.23292,14497751,mixed,0.181648,1701595
friendster,12,dense,50,0.08852,1.47566,0.575736,1.10398,1624828797,mixed,0.042902,221024
friendster,12,dense,51,0.08771,1.50339,0.62802,1.13999,1394629059,mixed,0.0356121,217722
friendster,12,dense,52,0.203733,1.63162,0.745271,4.47801,4187206,mixed,0.107911,803384
friendster,12,dense,53,0.181873,1.52862,0.893935,3.65427,143893715,mixed,0.132736,421028
friendster,12,dense,54,0.288595,1.55826,0.707184,6.78931,2442584211,mixed,0.180582,1483097
friendster,12,dense,55,0.103367,1.55152,0.845948,1.9466,23509459,mixed,0.0436541,441452
friendster,12,dense,56,0.548005,1.49372,0.719524,9.38185,69103404,mixed,0.281584,3610549
friendster,12,dense,57,0.0820369,1.37418,0.602923,1.13592,125578888,mixed,0.0339002,226173
friendster,12,dense,58,0.312912,1.53907,0.886423,6.49468,4760401,mixed,0.17752,995197
friendster,12,dense,59,0.0760739,1.53374,0.569289,0.955264,54745667,mixed,0.03377,202262
friendster,12,dense,60,0.281185,1.47043,0.496965,5.46296,2174061857,mixed,0.182339,998481
friendster,12,dense,61,0.0777794,1.58556,0.691076,1.03439,19334503,mixed,0.0314499,212853
friendster,12,dense,62,0.162081,1.51776,0.648504,2.24048,89917148,mixed,0.115144,649910
friendster,12,dense,63,0.408068,1.56876,0.465776,6.17287,243529,mixed,0.275658,1329967
friendster,12,dense,64,0.203005,1.60166,0.718487,4.6568,1405508,mixed,0.116877,874243
friendster,12,dense,65,0.137216,1.65393,0.855546,2.65029,585231,mixed,0.0914079,503259
friendster,12,dense,66,0.209039,1.44846,0.80955,3.55006,904006655,mixed,0.106305,821754
friendster,12,dense,67,0.0983935,1.45158,0.653874,1.97855,2165991,mixed,0.0467763,433357
friendster,12,dense,68,0.143965,1.49863,0.654011,2.92261,2336148338,mixed,0.101,547183
friendster,12,dense,69,1.39002,1.47132,1.01287,38.6496,21064107,mixed,0.781283,6740720
friendster,12,dense,70,0.665613,1.53618,0.610701,16.8405,208450468,mixed,0.456196,4875249
friendster,12,dense,71,0.171536,1.6511,0.547169,3.4626,9482993,mixed,0.0984057,420899
friendster,12,dense,72,0.326217,1.53577,0.629375,5.97104,14765130,mixed,0.187834,1157360
friendster,12,dense,73,0.340634,1.50964,0.836088,5.99506,159275358,mixed,0.195347,1769606
friendster,12,dense,74,0.569944,1.59111,0.643922,9.96118,161468,mixed,0.434722,2680042
friendster,12,dense,75,0.0906659,1.43143,0.607288,0.955308,528949597,mixed,0.044258,214199
friendster,12,dense,76,4.63247,1.54892,1.00547,85.3213,499100,mixed,3.22415,21954528
friendster,12,dense,77,0.104698,1.70021,0.599339,1.6817,308843,mixed,0.065488,352340
friendster,12,dense,78,0.0653138,1.8566,0.541472,0.77711,16302,mixed,0.0308686,157331
friendster,12,dense,79,4.65321,1.58214,0.929204,127.282,380488,mixed,3.78869,43261049
friendster,12,dense,80,0.140454,1.60286,0.589699,2.74392,22314645,mixed,0.0746897,318243
friendster,12,dense,81,0.231609,1.4723,0.761923,5.26244,1392539085,mixed,0.125102,844013
friendster,12,dense,82,0.0855468,1.51566,0.477092,1.04851,1968323765,mixed,0.0426236,211094
friendster,12,dense,83,0.151415,1.52633,0.665037,3.27841,66646401,mixed,0.0948474,646602
friendster,12,dense,84,0.0555453,1.65244,0.581367,0.726266,1732,mixed,0.0253791,144319
friendster,12,dense,85,0.13016,1.51211,0.596337,2.56537,4682132,mixed,0.0598028,691525
friendster,12,dense,86,0.336775,1.39736,0.691935,6.89226,5201544924,mixed,0.189232,1306235
friendster,12,dense,87,0.169406,1.53705,0.79331,3.51126,3795950,mixed,0.101651,742955
friendster,12,dense,88,0.187665,1.48704,0.61138,3.9476,1535399192,mixed,0.0983414,809514
friendster,12,dense,89,0.219037,1.59056,0.607152,3.63919,225165,mixed,0.116095,513591
friendster,12,dense,90,1.29849,1.57345,1.07044,35.3162,2752510,mixed,1.01773,11252662
friendster,12,dense,91,0.0905294,1.45917,0.702692,1.21672,1848127880,mixed,0.0463391,258294
friendster,12,dense,92,0.99389,1.47627,0.680506,26.8223,653819406,mixed,0.536575,1896331
friendster,12,dense,93,0.464816,1.43062,0.558156,6.55584,2774623452,mixed,0.361652,1335604
friendster,12,dense,94,0.294107,1.49924,0.645343,5.18837,10007799,mixed,0.180206,1005598
friendster,12,dense,95,0.315999,1.6175,0.685679,7.76672,2189456,mixed,0.230144,1631325
friendster,12,dense,96,0.17094,1.52849,0.66756,3.56885,324445202,mixed,0.0918517,750512
friendster,12,dense,97,0.364605,1.70621,0.665185,8.05596,122,mixed,0.245876,1436731
friendster,12,dense,98,1.64281,1.40851,0.846888,44.0292,131068352,mixed,1.07846,12482358
friendster,12,dense,99,0.122947,1.6731,0.646174,0.948669,69701285,mixed,0.0820317,199137
friendster,12,dense,100,0.108505,1.52172,0.650575,1.03048,2872005029,mixed,0.0468082,237325
friendster,12,sparse,1,0.207336,1.51886,0.761912,3.83856,133492268,mixed,0.156356,1132615
friendster,12,sparse,2,0.675302,1.48356,0.769971,16.3797,14624164,mixed,0.433323,6785130
friendster,12,sparse,3,0.109871,1.50973,0.64226,1.28458,325661127,mixed,0.0510306,317797
friendster,12,sparse,4,0.97441,1.63984,0.872114,22.6083,4627,mixed,0.627665,5074528
friendster,12,sparse,5,0.378209,1.53076,0.70173,8.28636,1778302,mixed,0.196125,2440185
friendster,12,sparse,6,1.2848,1.51594,0.988046,36.343,28302789,mixed,0.877683,7487814
friendster,12,sparse,7,0.079851,1.47022,0.413561,1.05215,7102894569,mixed,0.0396053,221472
friendster,12,sparse,8,0.222237,1.46121,0.749592,3.28254,7585550,mixed,0.153869,871293
friendster,12,sparse,9,0.463892,1.50326,0.984265,10.0948,12657408,mixed,0.249551,2072599
friendster,12,sparse,10,0.278298,1.48993,0.672145,6.07301,130291715,mixed,0.189341,1361866
friendster,12,sparse,11,0.093685,1.5575,0.85117,1.32492,30933414,mixed,0.0444806,275487
friendster,12,sparse,12,0.100057,1.37507,0.647539,1.23528,997544845,mixed,0.0464253,284170
friendster,12,sparse,13,0.17784,1.61762,0.784334,3.84156,15633,mixed,0.0957795,774388
friendster,12,sparse,14,0.2469,1.67645,0.776817,4.96825,27836,mixed,0.178613,1094677
friendster,12,sparse,15,4.1063,1.68303,0.959474,108.47,60547,mixed,1.75286,35191005
friendster,12,sparse,16,0.394184,1.49123,0.642747,6.37114,205651317,mixed,0.241715,2077729
friendster,12,sparse,17,2.21265,1.53074,0.878388,53.4897,16824937,mixed,1.75354,17941797
friendster,12,sparse,18,0.289277,1.47031,0.697601,6.45195,30841145,mixed,0.210625,1358679
friendster,12,sparse,19,0.246014,1.52582,0.852934,4.43567,12943284,mixed,0.156451,652372
friendster,12,sparse,20,0.264309,1.44865,0.8027,5.85433,22622602,mixed,0.160507,999800
friendster,12,sparse,21,0.237585,1.4593,0.619174,4.40325,850546134,mixed,0.141589,774219
friendster,12,sparse,22,0.25778,1.45251,0.734427,5.36918,519545438,mixed,0.163334,999882
friendster,12,sparse,23,0.195166,1.63455,0.829284,3.46582,159613601,mixed,0.118502,982438
friendster,12,sparse,24,0.615882,1.5096,0.736033,15.1422,73602698,mixed,0.260303,6444161
friendster,12,sparse,25,0.0914813,1.4417,0.497941,1.13495,7619024153,mixed,0.0409254,224053
friendster,12,sparse,26,1.26349,1.47483,0.768432,10.1938,12169554,mixed,0.777639,4232893
friendster,12,sparse,27,0.455703,1.43499,0.605736,9.01436,329049889,mixed,0.36008,1612959
friendster,12,sparse,28,0.107809,1.44839,0.751656,1.32023,2080813533,mixed,0.0489985,356798
friendster,12,sparse,29,0.0607549,1.62151,0.620195,0.781801,271391,mixed,0.0247672,179426
friendster,12,sparse,30,0.382886,1.52404,0.784573,6.62463,160192246,mixed,0.204255,1443284
friendster,12,sparse,31,0.09185,1.46887,0.532946,1.04512,2985049998,mixed,0.0342604,227393
friendster,12,sparse,32,0.391272,1.54859,0.912053,5.70287,167960995,mixed,0.180339,1432414
friendster,12,sparse,33,0.20126,1.4763,0.611451,4.77653,18855791,mixed,0.155685,961797
friendster,12,sparse,34,0.170379,1.5078,0.836287,2.65517,55081756,mixed,0.109525,744658
friendster,12,sparse,35,0.868107,1.52067,0.848587,18.9366,4839869,mixed,0.523492,6568345
friendster,12,sparse,36,0.0808214,1.50775,0.753643,1.03872,41236756,mixed,0.038537,231195
friendster,12,sparse,37,0.0779922,1.45729,0.636004,0.957343,8808483,mixed,0.0324597,238145
friendster,12,sparse,38,0.178061,1.39603,0.867745,4.13757,107804607,mixed,0.105493,856857
friendster,12,sparse,39,0.162763,1.45149,0.556078,3.11856,5184186132,mixed,0.0828954,695682
friendster,12,sparse,40,0.318217,1.43315,0.590644,3.81111,59517995,mixed,0.150888,1218150
friendster,12,sparse,41,0.0997698,1.43444,0.608887,1.1047,514124525,mixed,0.041131,264656
friendster,12,sparse,42,0.223378,1.51235,0.901207,5.03639,149150,mixed,0.13168,1002795
friendster,12,sparse,43,4.85201,1.48809,0.91623,130.036,33614983,mixed,3.36658,43514302
friendster,12,sparse,44,0.178927,1.54809,0.676128,3.95082,6402029,mixed,0.0879913,825373
friendster,12,sparse,45,0.822385,1.53236,1.00765,15.9657,297146274,mixed,0.503807,3459004
friendster,12,sparse,46,0.230302,1.46444,0.682772,5.37301,612565243,mixed,0.183538,1130756
friendster,12,sparse,47,0.0946781,1.473,0.733033,1.20078,144602646,mixed,0.0362202,297137
friendster,12,sparse,48,0.180948,1.48715,0.671453,3.43638,3892797154,mixed,0.141885,741835
friendster,12,sparse,49,61.6232,1.56648,0.968876,1290.46,665040,mixed,39.3762,531666305
friendster,12,sparse,50,0.0808675,1.43932,0.600357,1.03804,198278865,mixed,0.0398201,218300
friendster,12,sparse,51,0.181579,1.57423,0.694406,3.97072,8293318,mixed,0.0950528,822716
friendster,12,sparse,52,0.177623,1.556,0.590834,3.2327,130232956,mixed,0.0904444,564980
friendster,12,sparse,53,1.07657,1.47512,0.723845,27.9787,2024528457,mixed,0.797174,5449120
friendster,12,sparse,54,0.23939,1.52325,0.802723,4.13002,1018151108,mixed,0.182122,1402987
friendster,12,sparse,55,0.0945147,1.48911,0.565398,1.03285,15349154785,mixed,0.03962,247623
friendster,12,sparse,56,0.271576,1.62413,0.779998,5.2431,20757,mixed,0.201647,1629989
friendster,12,sparse,57,0.723507,1.38753,0.580441,17.6139,6961814801,mixed,0.5513,6202536
friendster,12,sparse,58,0.309369,1.48113,0.603971,7.32621,321617495,mixed,0.218665,2213866
friendster,12,sparse,59,0.0770934,1.5272,0.658597,0.982006,78211110,mixed,0.0355687,222497
friendster,12,sparse,60,0.0778456,1.50177,0.790672,1.01562,47796934,mixed,0.0307495,211678
friendster,12,sparse,61,0.281385,1.60554,0.741881,5.05858,425345637,mixed,0.154586,900119
friendster,12,sparse,62,0.0831934,1.43983,0.618039,0.965177,27847112,mixed,0.0303295,222653
friendster,12,sparse,63,0.343968,1.48549,0.785713,4.98029,119802110,mixed,0.196137,1522618
friendster,12,sparse,64,1.18078,1.55243,0.906938,29.3442,10928070,mixed,0.657105,2937385
friendster,12,sparse,65,0.207366,1.5047,0.782692,3.80985,23246992,mixed,0.149094,871911
friendster,12,sparse,66,0.0826727,1.49023,0.635456,1.02241,615673265,mixed,0.0336502,212556
friendster,12,sparse,67,0.181717,1.50665,0.637438,3.6647,977855426,mixed,0.0964935,839887
friendster,12,sparse,68,0.393528,1.50118,0.696781,7.73492,863525,mixed,0.292665,1492546
friendster,12,sparse,69,1.60993,1.4439,1.01392,30.8369,31307247,mixed,0.794913,8455860
friendster,12,sparse,70,0.395004,1.49339,0.839045,5.9099,29388687,mixed,0.210708,1326059
friendster,12,sparse,71,0.173743,1.44156,0.801849,3.97403,172711862,mixed,0.123182,495444
friendster,12,sparse,72,0.610369,1.5514,0.822174,11.6798,3028629,mixed,0.405842,3291806
friendster,12,sparse,73,0.085094,1.55018,0.714711,1.05447,960303075,mixed,0.040772,236256
friendster,12,sparse,74,0.675594,1.51157,0.765717,12.8717,367841072,mixed,0.378796,2019949
friendster,12,sparse,75,0.0843954,1.56469,0.49426,0.957486,654309734,mixed,0.0365774,232330
friendster,12,sparse,76,0.245614,1.52776,0.816966,4.88198,2184939,mixed,0.118071,1078402
friendster,12,sparse,77,0.875031,1.50136,0.818545,16.6354,230803582,mixed,0.390069,3104607
friendster,12,sparse,78,1.38696,1.45208,0.795334,27.295,59744226,mixed,0.672425,9783117
friendster,12,sparse,79,0.180589,1.46426,0.821404,4.08835,96481170,mixed,0.10339,862171
friendster,12,sparse,80,0.284623,1.54269,0.770368,6.55445,14050159,mixed,0.157954,978924
friendster,12,sparse,81,0.228859,1.40438,0.686392,4.96658,156680959,mixed,0.171747,1067478
friendster,12,sparse,82,0.339459,1.40029,0.761927,6.40786,7164797379,mixed,0.207754,1367427
friendster,12,sparse,83,0.330668,1.4814,0.749937,6.54485,1678035170,mixed,0.206905,1331432
friendster,12,sparse,84,6.65584,1.52947,1.0013,152.677,9086978,mixed,2.59354,67328556
friendster,12,sparse,85,3.41068,1.58449,1.00206,86.9239,9300171,mixed,1.88942,37771132
friendster,12,sparse,86,0.463145,1.53647,0.792483,9.72312,8413769,mixed,0.277719,4189383
friendster,12,sparse,87,0.241721,1.41871,0.657122,4.91352,260648082,mixed,0.145138,1036001
friendster,12,sparse,88,0.224576,1.39298,0.725078,4.06167,17676817700,mixed,0.115522,925815
friendster,12,sparse,89,0.284173,1.39954,0.596754,4.93242,447439645,mixed,0.207242,1736680
friendster,12,sparse,90,1.48603,1.57671,1.08465,41.1033,4573676,mixed,0.798164,7174603
friendster,12,sparse,91,0.644364,1.47942,0.853788,15.7966,30166278,mixed,0.4361,3154728
friendster,12,sparse,92,0.0915355,1.50643,0.863877,1.18789,3316006,mixed,0.0412918,273747
friendster,12,sparse,93,0.227777,1.56382,0.643176,4.16898,30358841,mixed,0.148757,1175458
friendster,12,sparse,94,0.184952,1.50813,0.508397,3.85001,1184470211,mixed,0.0969539,850252
friendster,12,sparse,95,0.312943,1.45324,0.824637,7.19426,11642910,mixed,0.237945,1657974
friendster,12,sparse,96,0.622806,1.50864,0.670666,10.3912,4181941,mixed,0.307685,4575514
friendster,12,sparse,97,0.474543,1.56434,0.607049,10.0602,33543847,mixed,0.391082,2040923
friendster,12,sparse,98,0.282148,1.4599,0.735648,3.2596,371205485,mixed,0.201854,741504
friendster,12,sparse,99,1.40693,1.57314,1.01042,38.38,31474750,mixed,0.706307,4941041
friendster,12,sparse,100,0.336213,1.55194,0.746647,6.4536,111555916,mixed,0.193023,1394691
