dataset,query_size,query_mode,query_index,elapsed_execution_time,filter_time,plan_time,enumerate_time,n_embeddings,order,max_task_time,n_intersections
friendster,12,dense,1,0.68897,1.54878,0.749405,2.02892,1201796955,mixed,0.658321,974109
friendster,12,dense,2,0.185268,1.6132,0.624365,0.982575,178866503,mixed,0.152302,288118
friendster,12,dense,3,0.812108,1.52765,0.578978,5.50773,82104021,mixed,0.762059,1651267
friendster,12,dense,4,0.751433,1.49896,0.501499,3.19113,5443641,mixed,0.71929,1862422
friendster,12,dense,5,28.9896,1.56903,0.969754,158.293,1065135,mixed,28.963,63270093
friendster,12,dense,6,0.630278,1.5503,0.678763,3.62823,165252,mixed,0.606083,1155377
friendster,12,dense,7,17.614,1.51764,0.914183,59.0959,55078500,mixed,17.584,33510695
friendster,12,dense,8,1.38441,1.52886,0.70869,6.65077,111677110,mixed,1.35346,2435505
friendster,12,dense,9,0.17892,1.75639,0.450509,0.994933,2,mixed,0.161648,388354
friendster,12,dense,10,0.13242,1.55606,0.683016,0.549253,1653356,mixed,0.104044,179927
friendster,12,dense,11,0.206753,1.53532,0.6259,0.977715,691886668,mixed,0.1682,376762
friendster,12,dense,12,0.711808,1.54864,0.573992,4.97042,377624814,mixed,0.677397,1205950
friendster,12,dense,13,0.150014,1.44325,0.55001,0.698798,22986648304,mixed,0.118423,228255
friendster,12,dense,14,0.442891,1.60317,0.530042,3.10906,166026,mixed,0.418953,714166
friendster,12,dense,15,0.17562,1.51042,0.699465,0.70425,80321957,mixed,0.145229,221683
friendster,12,dense,16,0.170335,1.53533,0.560006,0.711972,7860714736,mixed,0.134978,229633
friendster,12,dense,17,0.920926,1.62855,0.840375,4.37541,64074,mixed,0.898005,1378086
friendster,12,dense,18,0.13248,1.59528,0.57654,0.607438,17668434,mixed,0.108629,177238
friendster,12,dense,19,0.7294,1.52613,0.632234,4.19123,14951780,mixed,0.699336,1545372
friendster,12,dense,20,0.165944,1.48296,0.529,0.698247,1362884726,mixed,0.131284,239452
friendster,12,dense,21,0.426101,1.65126,0.587528,2.00772,99889,mixed,0.403139,795380
friendster,12,dense,22,0.175275,1.49817,0.625829,0.94001,2005082024,mixed,0.13686,306941
friendster,12,dense,23,0.325977,1.44243,0.798428,1.29186,499817201,mixed,0.29401,541263
friendster,12,dense,24,0.168853,1.48176,0.561063,0.686445,12704206914,mixed,0.134881,226018
friendster,12,dense,25,0.155178,1.49595,0.609465,0.723831,83136659,mixed,0.122562,225683
friendster,12,dense,26,2.41901,1.47966,0.7972,16.223,75574560,mixed,2.38573,7771102
friendster,12,dense,27,1.20504,1.68207,0.754075,4.22907,531,mixed,1.18437,1579549
friendster,12,dense,28,0.460521,1.6181,0.73932,2.28935,406193,mixed,0.435944,489728
friendster,12,dense,29,5.69166,1.60182,0.895246,18.1429,119844516,mixed,5.66316,13603342
friendster,12,dense,30,0.370034,1.60618,0.633311,2.26281,33247,mixed,0.349589,844753
friendster,12,dense,31,0.284473,1.60761,0.575731,1.38519,1327995,mixed,0.261477,459898
friendster,12,dense,32,1.2802,1.47379,0.898392,7.88977,1420306277,mixed,1.24687,2723056
friendster,12,dense,33,0.201348,1.51638,0.639205,0.773091,843495648,mixed,0.162396,237307
friendster,12,dense,34,0.162448,1.41408,0.595093,0.689049,19460932772,mixed,0.122385,242201
friendster,12,dense,35,0.580662,1.50673,0.634889,2.66847,32301699,mixed,0.553044,454326
friendster,12,dense,36,0.930046,1.48882,0.661701,5.0603,190281744,mixed,0.897966,1697954
friendster,12,dense,37,0.28131,1.51356,0.667661,1.7786,355733698,mixed,0.248778,816774
friendster,12,dense,38,0.125017,1.73031,0.479646,0.682426,2,mixed,0.110619,197066
friendster,12,dense,39,0.179407,1.51206,0.5536,0.66425,83950050,mixed,0.144442,217124
friendster,12,dense,40,0.872837,1.53103,0.814777,5.25225,231018778,mixed,0.838506,1242833
friendster,12,dense,41,0.146769,1.45792,0.651093,0.687169,6014903810,mixed,0.116352,218571
friendster,12,dense,42,0.228705,1.40651,0.67807,0.832874,3643919418,mixed,0.196528,318216
friendster,12,dense,43,0.189496,1.51006,0.660776,0.84149,379533496,mixed,0.152984,320190
friendster,12,dense,44,0.140724,1.55853,0.519666,0.616105,39179760,mixed,0.109527,205054
friendster,12,dense,45,0.148813,1.55858,0.736622,0.587042,3055036,mixed,0.119151,199668
friendster,12,dense,46,0.136695,1.64995,0.518084,0.50558,11318581,mixed,0.106588,179944
friendster,12,dense,47,0.148877,1.59045,0.577878,0.629991,6850314,mixed,0.118804,188454
friendster,12,dense,48,0.174491,1.48763,0.57892,0.71567,2272093861,mixed,0.139437,233420
friendster,12,dense,49,0.766449,1.59389,0.67502,4.86848,14497751,mixed,0.743406,1091393
friendster,12,dense,50,0.164942,1.50308,0.519338,0.621132,1624828797,mixed,0.134519,209598
friendster,12,dense,51,0.158508,1.5084,0.562722,0.643698,1394629059,mixed,0.128671,212724
friendster,12,dense,52,0.174993,1.66738,0.719703,0.878651,4187206,mixed,0.147781,281437
friendster,12,dense,53,0.413018,1.48722,0.858509,2.30166,143893715,mixed,0.382823,504015
friendster,12,dense,54,0.676495,1.54213,0.675109,4.3491,2442584211,mixed,0.645096,1067344
friendster,12,dense,55,0.342873,1.59968,0.782041,2.38843,23509459,mixed,0.309795,1077370
friendster,12,dense,56,2.45246,1.47781,0.647787,12.7146,69103968,mixed,2.42429,8076346
friendster,12,dense,57,0.244374,1.47513,0.582819,0.83898,125578888,mixed,0.213449,294646
friendster,12,dense,58,0.668633,1.52048,0.860543,4.28144,4760401,mixed,0.642841,973279
friendster,12,dense,59,0.13372,1.54666,0.542888,0.618621,54745667,mixed,0.105386,195437
friendster,12,dense,60,0.565196,1.43337,0.452683,2.73089,2174061857,mixed,0.529435,693465
friendster,12,dense,61,0.177979,1.5816,0.634525,0.663515,19334503,mixed,0.150725,206793
friendster,12,dense,62,0.223554,1.48415,0.602647,1.15448,89917148,mixed,0.191208,423453
friendster,12,dense,63,1.34867,1.59786,0.410993,6.66708,243529,mixed,1.32557,2021045
friendster,12,dense,64,0.406566,1.57387,0.70912,2.38307,1405508,mixed,0.378108,700130
friendster,12,dense,65,0.644083,1.57371,0.772813,3.6094,585231,mixed,0.619001,888439
friendster,12,dense,66,0.396827,1.43837,0.747023,2.28205,904006655,mixed,0.363366,565462
friendster,12,dense,67,2.21336,1.46756,0.62166,8.4025,2165991,mixed,2.18694,4638128
friendster,12,dense,68,0.576298,1.6266,0.605479,3.65506,2336148338,mixed,0.540683,947127
friendster,12,dense,69,2.99547,1.44764,0.937141,19.7136,21064107,mixed,2.96913,8178301
friendster,12,dense,70,1.75481,1.50644,0.578743,13.7978,208450468,mixed,1.71673,8015556
friendster,12,dense,71,0.345315,1.59218,0.531697,2.29046,9482993,mixed,0.313701,425945
friendster,12,dense,72,0.809143,1.54131,0.613265,5.61012,14765130,mixed,0.78044,1470409
friendster,12,dense,73,2.71088,1.52529,0.811464,18.0156,159275358,mixed,2.67406,7697221
friendster,12,dense,74,1.83215,1.54281,0.629716,13.0671,161468,mixed,1.80753,5395738
friendster,12,dense,75,0.200995,1.44197,0.544187,0.678396,528949597,mixed,0.170444,227512
friendster,12,dense,76,28.7059,1.59597,0.944006,187.188,499100,mixed,28.6828,68421507
friendster,12,dense,77,0.529241,1.67368,0.562201,2.96872,308843,mixed,0.505647,852641
friendster,12,dense,78,0.120929,1.68176,0.536307,0.502132,16302,mixed,0.0990754,148414
friendster,12,dense,79,20.2113,1.60791,0.920639,120.683,380488,mixed,20.1866,61013671
friendster,12,dense,80,0.387593,1.57784,0.580233,1.93006,22314645,mixed,0.36138,297938
friendster,12,dense,81,0.608037,1.51521,0.723242,3.7279,1392539085,mixed,0.568397,774215
friendster,12,dense,82,0.156518,1.55863,0.404921,0.611467,1968323765,mixed,0.120703,196307
friendster,12,dense,83,0.16795,1.53297,0.663672,0.986459,66646401,mixed,0.1331,290077
friendster,12,dense,84,0.0984461,1.70502,0.522572,0.447332,1732,mixed,0.0792579,135659
friendster,12,dense,85,0.206983,1.48108,0.580365,1.44645,4682132,mixed,0.178622,569332
friendster,12,dense,86,0.479701,1.468,0.61118,2.81865,5201544924,mixed,0.442089,822095
friendster,12,dense,87,0.177292,1.58177,0.753295,0.844023,3795950,mixed,0.151149,275997
friendster,12,dense,88,0.161543,1.52351,0.53922,0.91397,1535399192,mixed,0.124576,297795
friendster,12,dense,89,0.451311,1.57715,0.565922,2.51468,225165,mixed,0.429224,448838
friendster,12,dense,90,10.7848,1.55857,1.04762,32.1057,2752510,mixed,10.7579,17007957
friendster,12,dense,91,0.177047,1.44178,0.618309,0.919604,1848127880,mixed,0.141478,320476
friendster,12,dense,92,1.25567,1.54741,0.63641,8.4722,653819406,mixed,1.22295,1795405
friendster,12,dense,93,0.792974,1.41867,0.500614,5.06587,2774623452,mixed,0.758301,1051287
friendster,12,dense,94,0.818654,1.48924,0.607899,4.74653,10007799,mixed,0.781237,1283613
friendster,12,dense,95,0.936031,1.64968,0.65225,4.97638,2189456,mixed,0.909402,1628654
friendster,12,dense,96,0.158173,1.61774,0.633604,0.998487,324445202,mixed,0.12632,289221
friendster,12,dense,97,1.51439,1.6955,0.604333,8.63832,122,mixed,1.49713,2818129
friendster,12,dense,98,14.4929,1.44801,0.796439,87.151,131068352,mixed,14.4579,56811939
friendster,12,dense,99,0.176815,1.68822,0.581266,0.577849,69701285,mixed,0.153143,190018
friendster,12,dense,100,0.218512,1.53248,0.615721,0.775633,2872005029,mixed,0.185291,257996
friendster,12,sparse,1,0.665493,1.50909,0.731254,3.12096,133492268,mixed,0.633002,1369249
friendster,12,sparse,2,2.15944,1.43757,0.699227,14.3981,14624164,mixed,2.13206,6874507
friendster,12,sparse,3,0.166944,1.54414,0.592809,0.721872,325661127,mixed,0.136033,255570
friendster,12,sparse,4,1.94167,1.62655,0.87202,14.716,4627,mixed,1.92244,5909465
friendster,12,sparse,5,0.68646,1.61391,0.632726,4.89727,1778302,mixed,0.659828,1183314
friendster,12,sparse,6,3.51931,1.57381,0.946984,21.5803,28302789,mixed,3.49257,8117773
friendster,12,sparse,7,0.165314,1.40676,0.364995,0.623891,7102894569,mixed,0.129635,205562
friendster,12,sparse,8,0.755135,1.61562,0.722995,3.28423,7585550,mixed,0.722993,1394450
friendster,12,sparse,9,2.17873,1.56002,0.94545,6.9688,12657408,mixed,2.14632,2040298
friendster,12,sparse,10,0.379406,1.53641,0.678578,1.64582,130291715,mixed,0.346836,779248
friendster,12,sparse,11,0.173415,1.48806,0.815714,0.797106,30933414,mixed,0.13431,248051
friendster,12,sparse,12,0.282111,1.41969,0.590158,0.967958,997544845,mixed,0.244923,414988
friendster,12,sparse,13,0.22947,1.63807,0.747583,0.825965,15633,mixed,0.208692,293782
friendster,12,sparse,14,0.930148,1.69533,0.759591,3.76445,27836,mixed,0.911,1975804
friendster,12,sparse,15,19.4817,1.59062,0.977378,69.0601,60547,mixed,19.4565,40422864
friendster,12,sparse,16,0.766666,1.52448,0.543794,3.68065,205651317,mixed,0.73034,1309428
friendster,12,sparse,17,16.0175,1.56876,0.833357,62.518,16824937,mixed,15.9875,39774764
friendster,12,sparse,18,0.824106,1.46541,0.639349,4.68573,30841145,mixed,0.792497,1673964
friendster,12,sparse,19,0.756313,1.52201,0.783102,5.49462,12943284,mixed,0.728058,1066629
friendster,12,sparse,20,0.798962,1.49397,0.759327,4.5656,22622602,mixed,0.767765,1808701
friendster,12,sparse,21,0.510554,1.44428,0.560627,3.02762,850546134,mixed,0.475578,654105
friendster,12,sparse,22,1.38747,1.44533,0.68101,4.1327,519545438,mixed,1.35724,1432975
friendster,12,sparse,23,0.247459,1.56169,0.747309,1.34339,159613601,mixed,0.222246,638328
friendster,12,sparse,24,2.42386,1.50244,0.68747,11.5753,73602698,mixed,2.39334,7260264
friendster,12,sparse,25,0.162832,1.44319,0.414643,0.602076,7619024153,mixed,0.128288,220447
friendster,12,sparse,26,5.30302,1.50825,0.764402,20.2068,12169554,mixed,5.27144,9746126
friendster,12,sparse,27,1.59587,1.48675,0.548235,7.03651,329049889,mixed,1.56922,2122701
friendster,12,sparse,28,0.16765,1.48343,0.676354,0.699964,2080813533,mixed,0.133108,251850
friendster,12,sparse,29,0.134693,1.61621,0.564469,0.499814,271391,mixed,0.110184,167971
friendster,12,sparse,30,0.814398,1.5578,0.730943,4.39139,160192246,mixed,0.785905,1354717
friendster,12,sparse,31,0.172135,1.48482,0.471219,0.627158,2985049998,mixed,0.13552,212501
friendster,12,sparse,32,0.927615,1.56229,0.843332,3.47411,167960995,mixed,0.894727,1536509
friendster,12,sparse,33,0.287953,1.45702,0.561058,1.04755,18855791,mixed,0.255856,347405
friendster,12,sparse,34,0.372527,1.49896,0.784562,2.2683,55081756,mixed,0.341635,902967
friendster,12,sparse,35,2.25379,1.52995,0.802879,16.1789,4839869,mixed,2.22154,6678773
friendster,12,sparse,36,0.146499,1.47722,0.661724,0.690647,41236756,mixed,0.114121,224226
friendster,12,sparse,37,0.195351,1.54355,0.567307,0.74105,8808483,mixed,0.172527,299355
friendster,12,sparse,38,0.182955,1.39494,0.832694,0.837712,107804607,mixed,0.150467,273391
friendster,12,sparse,39,0.189156,1.4756,0.481745,0.872345,5184186132,mixed,0.148519,293801
friendster,12,sparse,40,0.697684,1.50786,0.563245,3.39085,59517995,mixed,0.662798,1622191
friendster,12,sparse,41,0.235374,1.46759,0.558041,0.932008,514124525,mixed,0.196704,406054
friendster,12,sparse,42,0.637208,1.56676,0.877654,2.81229,149150,mixed,0.611433,1600353
friendster,12,sparse,43,23.3444,1.48657,0.896529,129.14,33614983,mixed,23.3121,67797265
friendster,12,sparse,44,0.614341,1.60573,0.631685,1.47632,6402029,mixed,0.589561,651896
friendster,12,sparse,45,3.53772,1.54201,0.969379,12.6716,297146274,mixed,3.50476,6414239
friendster,12,sparse,46,0.277368,1.46926,0.641308,1.32371,612565243,mixed,0.244705,498963
friendster,12,sparse,47,0.263539,1.43379,0.672964,0.938458,144602646,mixed,0.232035,396898
friendster,12,sparse,48,0.600518,1.46266,0.600914,3.17843,3892797154,mixed,0.566718,1246783
friendster,12,sparse,49,381.201,1.57002,0.930967,2354.21,665040,mixed,381.175,851644240
friendster,12,sparse,50,0.142667,1.47716,0.536705,0.605407,198278865,mixed,0.112617,208891
friendster,12,sparse,51,0.147234,1.57494,0.68426,0.608477,8293318,mixed,0.117291,201671
friendster,12,sparse,52,0.328994,1.50651,0.56665,2.00006,130232956,mixed,0.29755,270889
friendster,12,sparse,53,3.95463,1.46005,0.714565,14.8482,2024528457,mixed,3.91958,5734556
friendster,12,sparse,54,0.289454,1.55128,0.672742,1.86579,1018151108,mixed,0.25627,815636
friendster,12,sparse,55,0.17152,1.54752,0.519816,0.646578,15349154785,mixed,0.134216,232908
friendster,12,sparse,56,0.798421,1.62743,0.791298,4.71203,20757,mixed,0.77859,1635153
friendster,12,sparse,57,2.30894,1.41317,0.533946,11.8288,6961814801,mixed,2.27964,6707665
friendster,12,sparse,58,0.952686,1.42804,0.606268,4.70654,321617495,mixed,0.920101,2153445
friendster,12,sparse,59,0.160597,1.52212,0.574654,0.626298,78211110,mixed,0.129165,211196
friendster,12,sparse,60,0.152184,1.50895,0.76397,0.640691,47796934,mixed,0.123593,204316
friendster,12,sparse,61,0.669026,1.48346,0.698478,3.1729,425345637,mixed,0.636481,613470
friendster,12,sparse,62,0.153854,1.45331,0.537555,0.645351,27847112,mixed,0.120483,207388
friendster,12,sparse,63,0.587008,1.51872,0.768586,2.6833,119802110,mixed,0.553453,1161855
friendster,12,sparse,64,1.48003,1.50372,0.872593,9.54378,10928070,mixed,1.44881,2728480
friendster,12,sparse,65,0.442711,1.54417,0.719955,1.76766,23246992,mixed,0.410057,644784
friendster,12,sparse,66,0.149231,1.50686,0.54123,0.593371,615673265,mixed,0.116027,205407
friendster,12,sparse,67,0.459936,1.48868,0.618789,2.80915,977855426,mixed,0.425716,567504
friendster,12,sparse,68,0.669516,1.58736,0.684448,4.60629,863525,mixed,0.644767,1043417
friendster,12,sparse,69,4.96993,1.49879,0.995157,32.0188,31307247,mixed,4.93565,12678605
friendster,12,sparse,70,0.893874,1.50105,0.851853,5.5852,29388687,mixed,0.862971,2147592
friendster,12,sparse,71,1.20824,1.49737,0.726147,5.82099,172711862,mixed,1.17523,1794807
friendster,12,sparse,72,2.64172,1.56829,0.79041,17.8632,3028629,mixed,2.61489,6940825
friendster,12,sparse,73,0.163265,1.57538,0.612934,0.643975,960303075,mixed,0.12833,233125
friendster,12,sparse,74,0.744809,1.56674,0.698046,4.89629,367841072,mixed,0.712699,1200724
friendster,12,sparse,75,0.172993,1.53867,0.469514,0.644507,654309734,mixed,0.135415,226497
friendster,12,sparse,76,1.98354,1.56235,0.787107,4.28379,2184939,mixed,1.95563,1938221
friendster,12,sparse,77,0.857571,1.45477,0.745849,5.91165,230803582,mixed,0.824714,1444762
friendster,12,sparse,78,4.26924,1.47095,0.754087,25.5408,59744226,mixed,4.23521,14073661
friendster,12,sparse,79,0.168542,1.44767,0.770201,0.89968,96481170,mixed,0.137034,306641
friendster,12,sparse,80,0.553844,1.54822,0.731336,3.69789,14050159,mixed,0.520258,866206
friendster,12,sparse,81,0.761943,1.40863,0.66623,3.30264,156680959,mixed,0.729303,1138842
friendster,12,sparse,82,0.837751,1.44015,0.704325,5.21318,7164797379,mixed,0.807301,1457858
friendster,12,sparse,83,1.02266,1.48179,0.687682,6.94929,1678035170,mixed,0.991202,2117355
friendster,12,sparse,84,102.711,1.52102,0.957855,306.202,9086978,mixed,102.682,280393368
friendster,12,sparse,85,5.31336,1.58188,0.962881,23.4453,9300067,mixed,5.2871,14828624
friendster,12,sparse,86,1.58671,1.57841,0.704368,8.14466,8413769,mixed,1.55843,5329180
friendster,12,sparse,87,0.945067,1.44529,0.611868,4.22132,260648082,mixed,0.910769,1006361
friendster,12,sparse,88,0.393631,1.42163,0.700153,1.43266,17676817700,mixed,0.356527,625940
friendster,12,sparse,89,0.357167,1.39032,0.570164,2.22629,447439645,mixed,0.323881,1069858
friendster,12,sparse,90,1.47168,1.60821,1.09384,9.35425,4573676,mixed,1.44451,3286009
friendster,12,sparse,91,1.59126,1.4852,0.813882,8.55593,30166278,mixed,1.55565,3382078
friendster,12,sparse,92,0.191401,1.55437,0.829612,0.740167,3316006,mixed,0.159811,258136
friendster,12,sparse,93,0.219618,1.57251,0.608369,1.26513,30358841,mixed,0.189821,585825
friendster,12,sparse,94,0.701102,1.47256,0.456434,1.59451,1184470211,mixed,0.666718,601472
friendster,12,sparse,95,0.546541,1.45607,0.789794,3.74378,11642910,mixed,0.518531,1003536
friendster,12,sparse,96,0.405747,1.51771,0.60919,2.81613,4181941,mixed,0.382462,1676202
friendster,12,sparse,97,0.72643,1.54947,0.57759,4.94452,33543847,mixed,0.69212,1415250
friendster,12,sparse,98,0.695976,1.40589,0.667242,2.56478,371205485,mixed,0.661721,1006144
friendster,12,sparse,99,2.21313,1.53982,1.02599,13.5769,31474750,mixed,2.18302,4859083
friendster,12,sparse,100,0.895352,1.51914,0.694021,4.70437,111555916,mixed,0.86075,1257482
