dataset,query_size,query_mode,query_index,elapsed_execution_time,filter_time,plan_time,enumerate_time,n_embeddings,order,max_task_time,n_intersections
friendster,8,dense,1,0.194207,1.05259,0.326945,4.07693,1594165,mixed,0.107169,746672
friendster,8,dense,2,0.248201,1.05627,0.472977,5.42116,286105,mixed,0.156391,622620
friendster,8,dense,3,0.515334,1.13091,0.566415,12.7433,32461,mixed,0.303864,2317602
friendster,8,dense,4,0.0911782,1.00642,0.47717,1.58921,1749560,mixed,0.0497756,269833
friendster,8,dense,5,0.170839,1.02824,0.529325,3.6691,462068,mixed,0.138864,527961
friendster,8,dense,6,0.4181,1.0531,0.406925,8.87634,1365246,mixed,0.268652,1363147
friendster,8,dense,7,0.24117,1.08167,0.592974,5.1641,171972,mixed,0.146657,999312
friendster,8,dense,8,0.254385,1.13349,0.772137,6.06187,5694,mixed,0.164104,1118316
friendster,8,dense,9,0.0938939,1.11238,0.366939,1.50998,1207804,mixed,0.0566346,280168
friendster,8,dense,10,0.536504,1.06564,0.468378,12.7589,370374,mixed,0.341256,2498110
friendster,8,dense,11,0.14046,1.16719,0.462421,2.65794,273913,mixed,0.0800915,636594
friendster,8,dense,12,0.0914042,1.00588,0.309415,1.6212,3430026,mixed,0.0586184,275401
friendster,8,dense,13,0.0951554,1.12411,0.456157,1.55503,368405,mixed,0.0568066,286001
friendster,8,dense,14,0.371225,1.13023,0.486524,10.2344,49677,mixed,0.32924,1910868
friendster,8,dense,15,0.0936635,0.990654,0.32946,1.61985,971412,mixed,0.0586538,309595
friendster,8,dense,16,0.100386,1.08582,0.340836,1.66339,1659526,mixed,0.0602839,283799
friendster,8,dense,17,0.183,1.02306,0.563085,3.85866,108009,mixed,0.104468,420270
friendster,8,dense,18,0.0929027,1.04974,0.402142,1.49906,28082863,mixed,0.0460703,275906
friendster,8,dense,19,0.361547,1.19454,0.519793,7.04954,15638,mixed,0.216313,1497397
friendster,8,dense,20,0.262191,1.08483,0.45006,4.63128,247940,mixed,0.168288,1489735
friendster,8,dense,21,0.162959,1.08264,0.561168,3.44247,285552,mixed,0.118355,727593
friendster,8,dense,22,0.233455,1.03902,0.499459,4.96357,91967,mixed,0.126778,796201
friendster,8,dense,23,0.0880031,1.03853,0.394285,1.43093,228502,mixed,0.0491282,264384
friendster,8,dense,24,0.0986128,1.12085,0.452731,1.59204,139149,mixed,0.0555176,262392
friendster,8,dense,25,0.211895,1.15304,0.55344,4.49975,300793,mixed,0.119249,510534
friendster,8,dense,26,0.197239,1.01036,0.431536,4.46997,282658,mixed,0.177389,858296
friendster,8,dense,27,0.250945,1.03821,0.400201,5.42911,103681,mixed,0.146673,923458
friendster,8,dense,28,0.0918762,1.07667,0.398898,1.62511,1023576,mixed,0.0630593,285767
friendster,8,dense,29,0.779985,1.07286,0.618158,20.9736,49159,mixed,0.495224,8242337
friendster,8,dense,30,0.190177,1.09565,0.450612,4.05791,259296,mixed,0.135899,834649
friendster,8,dense,31,0.256226,1.07184,0.457508,6.0326,1027133,mixed,0.160201,1028914
friendster,8,dense,32,0.188173,1.02662,0.444286,3.45603,275009,mixed,0.152162,891242
friendster,8,dense,33,0.250246,1.03366,0.62401,6.17443,416496,mixed,0.14587,1106512
friendster,8,dense,34,0.214513,1.14297,0.597351,5.12353,21142,mixed,0.13859,862894
friendster,8,dense,35,0.185425,1.13512,0.499256,3.82385,147533,mixed,0.121869,797201
friendster,8,dense,36,0.354546,1.14201,0.54244,7.82969,202011,mixed,0.199985,1665107
friendster,8,dense,37,0.0919164,1.03872,0.523322,1.44415,870623,mixed,0.0584075,284127
friendster,8,dense,38,0.526826,1.11593,0.557648,14.3972,30002,mixed,0.381961,6551526
friendster,8,dense,39,0.0918318,1.07858,0.399617,1.62621,11951630,mixed,0.0619296,275167
friendster,8,dense,40,0.305152,1.02476,0.474483,6.60554,185275,mixed,0.193857,946523
friendster,8,dense,41,0.0937826,1.06086,0.478566,1.60065,461608,mixed,0.0487809,279957
friendster,8,dense,42,0.21192,1.09371,0.456511,4.37132,1230616,mixed,0.123847,928690
friendster,8,dense,43,0.244882,1.09767,0.552396,5.37607,243646,mixed,0.140777,1130459
friendster,8,dense,44,0.0887499,1.15098,0.475278,1.43227,84836,mixed,0.052017,263943
friendster,8,dense,45,0.0939084,1.04211,0.402981,1.62948,1196527,mixed,0.0589888,281414
friendster,8,dense,46,0.17555,1.11666,0.514433,3.71779,1300737,mixed,0.104112,441462
friendster,8,dense,47,0.412703,1.0785,0.437674,10.2999,403398,mixed,0.239262,3298889
friendster,8,dense,48,0.0914662,1.05613,0.396812,1.52254,290120,mixed,0.0540632,293467
friendster,8,dense,49,0.0950541,1.04058,0.357999,1.53398,2287132,mixed,0.0552744,265012
friendster,8,dense,50,0.176006,1.13646,0.530927,4.0273,106245,mixed,0.122595,660016
friendster,8,dense,51,0.0928023,1.08912,0.442951,1.4891,1752169,mixed,0.0516521,278902
friendster,8,dense,52,0.0850248,1.12199,0.560086,1.42353,185575,mixed,0.0498082,261929
friendster,8,dense,53,0.0988353,1.00704,0.46372,1.6514,1151603,mixed,0.0584406,295384
friendster,8,dense,54,0.320314,1.11411,0.599474,6.2278,26606,mixed,0.203512,1094942
friendster,8,dense,55,0.0894867,1.0717,0.442119,1.53352,331782,mixed,0.0481271,283483
friendster,8,dense,56,0.121516,1.1222,0.589152,1.99827,152054,mixed,0.0690768,439698
friendster,8,dense,57,0.0905531,1.09732,0.442278,1.58224,351401,mixed,0.056551,284292
friendster,8,dense,58,0.146086,1.07696,0.67766,3.15525,82161,mixed,0.0948119,737456
friendster,8,dense,59,0.180197,1.16549,0.594047,4.63487,49526,mixed,0.126526,828239
friendster,8,dense,60,0.0861496,1.08148,0.469642,1.49854,290072,mixed,0.0552196,275049
friendster,8,dense,61,0.147111,1.11918,0.4685,2.39993,8652,mixed,0.12902,507318
friendster,8,dense,62,0.0851883,1.09033,0.579834,1.35201,38856,mixed,0.0436617,249828
friendster,8,dense,63,0.10311,1.09189,0.468843,1.67294,307528,mixed,0.0552149,337508
friendster,8,dense,64,0.310763,1.15579,0.787708,5.98201,8902,mixed,0.204001,1602232
friendster,8,dense,65,0.0815124,1.0858,0.510963,1.39634,78781,mixed,0.0501576,268672
friendster,8,dense,66,0.245891,0.994855,0.575204,6.18724,374813,mixed,0.148203,1113607
friendster,8,dense,67,0.16598,1.01428,0.741629,3.43163,18646,mixed,0.13403,1015367
friendster,8,dense,68,0.0873859,1.04429,0.408365,1.51626,743362,mixed,0.056788,290020
friendster,8,dense,69,0.0921261,1.02333,0.431537,1.45166,959877,mixed,0.0592621,291782
friendster,8,dense,70,0.0883427,1.03334,0.446907,1.36094,92345,mixed,0.0415334,268411
friendster,8,dense,71,0.0924246,1.06573,0.434826,1.56614,345032,mixed,0.0488397,279340
friendster,8,dense,72,0.177473,1.09267,0.536224,3.67268,714325,mixed,0.10502,433957
friendster,8,dense,73,0.218195,1.13949,0.563231,4.54321,270675,mixed,0.130007,914112
friendster,8,dense,74,0.210856,1.15195,0.437533,5.21893,69500,mixed,0.143984,865947
friendster,8,dense,75,0.179876,1.09345,0.494159,3.89147,415280,mixed,0.108366,433919
friendster,8,dense,76,0.122243,1.07636,0.522496,1.83245,673049,mixed,0.0652313,380528
friendster,8,dense,77,0.0952579,1.05362,0.440492,1.4866,349246,mixed,0.0523045,288742
friendster,8,dense,78,0.0886704,1.03702,0.409192,1.44821,741278,mixed,0.0560232,270323
friendster,8,dense,79,0.0827215,1.12596,0.37542,1.45742,86893,mixed,0.0567342,287898
friendster,8,dense,80,0.100525,1.07148,0.44576,1.56284,278432,mixed,0.0555271,285976
friendster,8,dense,81,0.351854,1.05155,0.517872,7.87928,220490,mixed,0.213913,1135133
friendster,8,dense,82,0.0999172,1.07652,0.541864,1.6085,413180,mixed,0.049144,291947
friendster,8,dense,83,0.0860037,1.10461,0.459043,1.44525,504928,mixed,0.0541925,291483
friendster,8,dense,84,0.098957,0.933688,0.318211,1.55432,3086807,mixed,0.0555736,276106
friendster,8,dense,85,0.426289,1.10065,0.41952,10.7457,71375,mixed,0.288271,2063199
friendster,8,dense,86,0.0968049,1.10735,0.426977,1.5942,1114967,mixed,0.0535126,298182
friendster,8,dense,87,0.244696,1.07005,0.456842,5.69886,378972,mixed,0.144214,1142080
friendster,8,dense,88,0.215821,1.14093,0.486209,4.66644,254939,mixed,0.128257,905479
friendster,8,dense,89,0.0811666,1.17478,0.496534,1.46427,309939,mixed,0.0523669,278114
friendster,8,dense,90,0.422469,1.05686,0.484774,10.3256,358344,mixed,0.32158,2110883
friendster,8,dense,91,0.39108,1.1143,0.540842,9.23354,9806,mixed,0.302785,2076408
friendster,8,dense,92,0.0947666,1.06319,0.43596,1.64052,1071882,mixed,0.0579382,295326
friendster,8,dense,93,0.393697,1.11086,0.498597,10.2185,325753,mixed,0.306631,2054836
friendster,8,dense,94,0.288013,1.05548,0.410632,6.57406,289111,mixed,0.184209,1199366
friendster,8,dense,95,0.38106,1.08122,0.452127,10.2881,219036,mixed,0.324044,2038834
friendster,8,dense,96,0.0839175,1.05986,0.567841,1.36499,59949,mixed,0.0482824,267355
friendster,8,dense,97,0.0894099,1.09199,0.477119,1.42146,19775,mixed,0.0450428,272064
friendster,8,dense,98,0.0803937,1.12521,0.441946,1.42137,121073,mixed,0.0520351,259118
friendster,8,dense,99,0.173886,1.10538,0.499103,3.90091,131968,mixed,0.106751,419485
friendster,8,dense,100,0.0895152,1.04509,0.459946,1.43131,2211249,mixed,0.0489083,282577
friendster,8,sparse,1,0.364282,0.911322,0.360951,5.59027,8305487305,mixed,0.203145,1538629
friendster,8,sparse,2,0.89938,0.947271,0.559173,22.5219,6297510782,mixed,0.696017,3707820
friendster,8,sparse,3,0.574135,1.0108,0.400519,12.8493,7232393137,mixed,0.435115,3399450
friendster,8,sparse,4,1.30839,1.12889,0.817784,29.4462,10758,mixed,0.630523,9737806
friendster,8,sparse,5,0.956491,0.965354,0.510798,23.7753,4895401545,mixed,0.604614,6238415
friendster,8,sparse,6,1.11335,0.928734,0.483034,27.8448,5920402403,mixed,0.737401,6161523
friendster,8,sparse,7,0.525529,1.03872,0.359263,12.5605,9894027731,mixed,0.324075,2940953
friendster,8,sparse,8,0.109798,1.04472,0.655526,1.76407,172298,mixed,0.0641778,386655
friendster,8,sparse,9,0.471621,0.978655,0.249676,10.2812,20091400655,mixed,0.316098,1959032
friendster,8,sparse,10,0.323427,0.925446,0.326889,4.2459,9679643562,mixed,0.206401,984421
friendster,8,sparse,11,0.898238,0.921132,0.521226,17.047,3567336283,mixed,0.790619,3966531
friendster,8,sparse,12,2.47018,1.11457,0.626024,73.4667,29443,mixed,1.85539,10560549
friendster,8,sparse,13,0.139761,0.915057,0.304693,2.14429,28176847450,mixed,0.0752375,490332
friendster,8,sparse,14,0.108825,1.06006,0.629709,1.84223,158121,mixed,0.0625293,438554
friendster,8,sparse,15,1.36437,0.971902,0.58256,31.7903,2761583193,mixed,0.80172,5904408
friendster,8,sparse,16,7.06126,0.937015,0.63193,208.634,3047156636,mixed,6.61119,33129200
friendster,8,sparse,17,3.1102,0.934962,0.652877,82.9351,2295417796,mixed,2.8438,21431695
friendster,8,sparse,18,0.243121,1.02508,0.385562,3.54282,14590264428,mixed,0.126726,697593
friendster,8,sparse,19,1.16875,0.907611,0.525491,33.0314,3931724398,mixed,0.595139,6372599
friendster,8,sparse,20,0.926865,0.906097,0.524579,20.9478,4578759693,mixed,0.575723,5612870
friendster,8,sparse,21,5.49102,0.938447,0.559319,172.089,3650217124,mixed,3.86175,50585691
friendster,8,sparse,22,0.0945412,1.0695,0.721665,1.56613,189634,mixed,0.0552377,306950
friendster,8,sparse,23,0.567779,0.97288,0.370724,12.9371,19115475317,mixed,0.294113,2243805
friendster,8,sparse,24,0.224255,0.911473,0.394961,3.18057,7023190137,mixed,0.127478,718577
friendster,8,sparse,25,0.291194,1.03005,0.648514,6.98536,79400,mixed,0.166629,1304830
friendster,8,sparse,26,0.429426,0.922521,0.410716,9.32663,9634744509,mixed,0.246971,1386796
friendster,8,sparse,27,0.25068,1.04386,0.368361,3.38258,7817666476,mixed,0.145341,727260
friendster,8,sparse,28,0.326565,0.930275,0.391976,4.12435,9617468563,mixed,0.207491,1030533
friendster,8,sparse,29,1.00544,0.905078,0.505845,22.8803,5035403215,mixed,0.648078,5871675
friendster,8,sparse,30,0.867381,0.931787,0.547856,21.5985,5402895859,mixed,0.641596,3697315
friendster,8,sparse,31,0.537413,0.9508,0.396601,13.423,9017203579,mixed,0.237649,2549041
friendster,8,sparse,32,3.63528,0.942862,0.618392,107.444,3290066466,mixed,2.81497,16791157
friendster,8,sparse,33,0.224772,1.05786,0.380091,2.99881,11498330873,mixed,0.126355,696963
friendster,8,sparse,34,0.135332,0.943153,0.31412,1.98652,38012840306,mixed,0.0796394,484730
friendster,8,sparse,35,0.754478,1.12139,0.677421,20.4705,272995,mixed,0.390661,2892809
friendster,8,sparse,36,0.488032,0.937201,0.246338,10.4631,22324303230,mixed,0.323157,1916961
friendster,8,sparse,37,0.232544,0.933088,0.384141,3.17565,7867418929,mixed,0.131565,731021
friendster,8,sparse,38,6.70942,0.943477,0.598696,211.227,3350828901,mixed,5.36282,53437196
friendster,8,sparse,39,1.11671,0.884107,0.49284,25.0373,8532680630,mixed,0.717076,6284371
friendster,8,sparse,40,0.336481,0.968039,0.350236,4.6339,13175656239,mixed,0.215746,1189016
friendster,8,sparse,41,0.122783,1.07268,0.576742,1.93844,124111,mixed,0.0726065,453359
friendster,8,sparse,42,4.5398,0.88796,0.64343,135.216,3063615122,mixed,3.56129,19613460
friendster,8,sparse,43,0.54268,1.14142,0.62427,12.5207,61209,mixed,0.341032,2778584
friendster,8,sparse,44,0.57551,0.938342,0.486266,14.225,5465557104,mixed,0.322684,3619313
friendster,8,sparse,45,1.04256,0.989688,0.559721,25.4144,4442951602,mixed,0.704377,4775791
friendster,8,sparse,46,0.277601,1.12539,0.639935,5.1905,61428,mixed,0.188172,1670334
friendster,8,sparse,47,3.54779,0.995632,0.623071,101.89,2513276371,mixed,3.18234,20170595
friendster,8,sparse,48,1.18756,0.910063,0.507899,29.3861,4835655228,mixed,0.877765,6320831
friendster,8,sparse,49,0.130453,0.95399,0.312162,2.03747,34491705158,mixed,0.0769196,486181
friendster,8,sparse,50,0.234145,0.988954,0.358386,3.24032,12625212231,mixed,0.138368,677637
friendster,8,sparse,51,1.09707,0.977846,0.448882,24.0029,9516097247,mixed,0.801831,6369359
friendster,8,sparse,52,1.42195,0.996698,0.555288,34.7252,4269618675,mixed,0.799904,7177888
friendster,8,sparse,53,0.660056,0.935418,0.45846,13.508,2637304805,mixed,0.428378,2977868
friendster,8,sparse,54,0.139415,0.950265,0.262373,2.0976,42089707105,mixed,0.0768086,492232
friendster,8,sparse,55,0.431145,0.946505,0.467435,8.77156,7461837490,mixed,0.265967,2829436
friendster,8,sparse,56,1.86,0.985266,0.749668,53.0324,106854899,mixed,1.22799,6484288
friendster,8,sparse,57,6.89664,1.01466,0.623149,211.503,2853984172,mixed,4.84996,69821474
friendster,8,sparse,58,1.55216,0.94411,0.537994,41.3853,4691884784,mixed,0.787935,7125334
friendster,8,sparse,59,0.164366,1.00539,0.587678,2.33158,345003105,mixed,0.0845201,490972
friendster,8,sparse,60,32.9549,1.02453,0.80255,1042.77,1279495258,mixed,24.2509,205890574
friendster,8,sparse,61,0.214891,0.911305,0.368231,3.00428,13573107915,mixed,0.119366,678005
friendster,8,sparse,62,4.68038,0.988651,0.698426,136.755,2729754499,mixed,3.95216,18848020
friendster,8,sparse,63,1.3754,1.12453,0.666436,36.6389,4106,mixed,1.08798,6797844
friendster,8,sparse,64,0.346877,1.11901,0.625413,7.86991,84508,mixed,0.289286,3329349
friendster,8,sparse,65,0.129048,0.869121,0.283535,1.94107,102326308517,mixed,0.0666773,512973
friendster,8,sparse,66,0.318376,0.957922,0.381172,4.03194,8226417643,mixed,0.204674,998225
friendster,8,sparse,67,0.222015,0.923337,0.366876,2.90568,15740878868,mixed,0.11732,680743
friendster,8,sparse,68,1.70369,0.950907,0.50254,28.5756,3088668564,mixed,1.19962,6342795
friendster,8,sparse,69,0.209874,0.978892,0.369077,3.28438,13344378963,mixed,0.118889,667115
friendster,8,sparse,70,3.12628,0.886738,0.659544,85.3107,2385104873,mixed,2.66341,20894026
friendster,8,sparse,71,0.305508,0.981347,0.372338,3.82382,10175634633,mixed,0.205323,1018428
friendster,8,sparse,72,0.518751,1.00055,0.700355,12.3029,116988793,mixed,0.339591,2505054
friendster,8,sparse,73,0.501346,0.947316,0.501928,11.3291,4543529644,mixed,0.31708,2746799
friendster,8,sparse,74,1.18901,0.941924,0.500427,30.3983,5152885987,mixed,0.736509,6333531
friendster,8,sparse,75,0.675479,0.995991,0.517062,17.7541,3705321004,mixed,0.456746,4081355
friendster,8,sparse,76,0.22656,0.936816,0.356865,2.96197,26917502049,mixed,0.13049,696065
friendster,8,sparse,77,0.926575,1.0482,0.511787,21.4752,5582987401,mixed,0.53869,3653525
friendster,8,sparse,78,0.26919,0.953989,0.35383,4.18442,10934202388,mixed,0.188225,755301
friendster,8,sparse,79,1.49863,0.940898,0.488215,40.883,5839504920,mixed,0.877054,7483948
friendster,8,sparse,80,0.131618,0.980739,0.307157,2.03336,47373798340,mixed,0.0777527,490600
friendster,8,sparse,81,3.18131,1.01363,0.703912,90.9563,1901870853,mixed,1.95403,21755473
friendster,8,sparse,82,0.225273,0.956773,0.400406,3.18592,9104751287,mixed,0.136606,738769
friendster,8,sparse,83,1.17076,0.981629,0.458896,26.6713,5351567460,mixed,0.823938,5892444
friendster,8,sparse,84,0.346977,1.0792,0.636234,7.49183,120916,mixed,0.197107,1660329
friendster,8,sparse,85,1.60226,1.03336,0.587399,36.7795,23636,mixed,0.917081,6507561
friendster,8,sparse,86,1.02816,0.973335,0.548392,24.31,4189923659,mixed,0.555674,4855234
friendster,8,sparse,87,0.41194,0.895661,0.437946,8.72264,9040534307,mixed,0.253626,1369443
friendster,8,sparse,88,0.997394,0.937771,0.498577,25.1961,5587252534,mixed,0.716125,6590576
friendster,8,sparse,89,1.18815,1.0697,0.833484,26.3931,32358,mixed,0.898258,12693612
friendster,8,sparse,90,7.48117,0.979651,0.619598,220.785,3079531251,mixed,4.00044,70317249
friendster,8,sparse,91,0.117269,0.892384,0.295592,1.92311,49298072241,mixed,0.0681834,468054
friendster,8,sparse,92,5.76375,0.975051,0.6612,171.398,2579431110,mixed,5.19715,40609249
friendster,8,sparse,93,1.34324,1.01334,0.474047,37.9501,3273856106,mixed,0.758506,6065953
friendster,8,sparse,94,0.776635,0.928188,0.463583,20.0031,3419998033,mixed,0.401195,4755101
friendster,8,sparse,95,0.628422,0.989391,0.439971,14.5039,10165745945,mixed,0.490266,3711089
friendster,8,sparse,96,1.16642,0.953653,0.500745,27.1512,4014895041,mixed,0.662203,5982680
friendster,8,sparse,97,0.523932,0.889296,0.358614,12.7986,19630885352,mixed,0.351295,3006196
friendster,8,sparse,98,0.21359,0.868878,0.360819,2.93745,26975529015,mixed,0.125354,700896
friendster,8,sparse,99,3.67556,1.01177,0.672483,95.1549,1363293488,mixed,2.29384,15178258
friendster,8,sparse,100,0.457119,0.931657,0.24013,9.62997,16997377720,mixed,0.287777,1792917
