dataset,query_size,query_mode,query_index,elapsed_execution_time,filter_time,plan_time,enumerate_time,n_embeddings,order,max_task_time,n_intersections
human,12,dense,1,0.0127211,0.00120843,0.0011378,0.0125678,4151727,1 0 4 3 8 6 7 5 2 9 10 11 ,0.0125678,17077
human,12,dense,2,0.0361743,0.00119475,0.000852416,0.0359037,1013850,3 7 4 11 10 9 5 6 8 2 0 1 ,0.0359037,22493
human,12,dense,4,1.57764,0.00134702,0.000992924,1.5775,896269400,3 9 7 11 4 1 8 0 5 6 2 10 ,1.5775,1902640
human,12,dense,6,0.299072,0.00130497,0.00106372,0.298924,8365405440,2 0 1 5 10 3 4 6 7 8 9 11 ,0.298924,108523
human,12,dense,7,225.642,0.00147986,0.00150434,225.642,73627387646400,4 0 7 1 2 3 5 6 10 11 8 9 ,225.642,136454618
human,12,dense,9,258.705,0.00112613,0.00139361,258.705,900983387220,3 5 9 8 10 0 1 2 4 6 7 11 ,258.705,206527178
human,12,dense,11,0.0631892,0.00125273,0.000926063,0.0629755,246673570,3 6 5 10 11 7 4 0 2 9 8 1 ,0.0629755,95185
human,12,dense,13,567.576,0.00153858,0.00152488,567.576,478378306532896,3 11 1 0 2 4 9 10 8 5 6 7 ,567.576,219509630
human,12,dense,17,0.457474,0.00123335,0.00105701,0.457298,8682303144,1 5 10 9 8 0 6 7 2 3 4 11 ,0.457298,305805
human,12,dense,19,108.799,0.00133197,0.00118665,108.798,11780450160,1 9 10 5 0 3 4 8 6 7 2 11 ,108.798,121722903
human,12,dense,21,0.00156491,0.00128913,0.000948859,0.00255429,4081128786,2 5 1 3 9 8 0 4 7 11 6 10 ,0.00143514,693
human,12,dense,22,0.00144423,0.00117394,0.000830579,0.00135141,1202652,3 4 9 0 6 5 7 1 2 8 11 10 ,0.00135141,642
human,12,dense,24,0.0209021,0.00151041,0.00136389,0.0288802,4485288,0 2 1 7 6 4 5 8 3 11 10 9 ,0.0206884,23421
human,12,dense,27,159.065,0.00231387,0.00352456,292.203,71470593,mixed,159.064,782980309
human,12,dense,31,0.00434501,0.00140333,0.000970048,0.00422953,99468,2 5 3 6 0 4 10 11 1 8 7 9 ,0.00422953,3795
human,12,dense,32,472.329,0.0014486,0.0015457,472.329,64173315407040,11 10 6 7 8 9 5 1 3 4 0 2 ,472.329,120282
human,12,dense,33,0.00293505,0.00111226,0.000957566,0.00283241,2908,0 7 10 1 2 3 4 5 6 8 9 11 ,0.00283241,5094
human,12,dense,35,11.1152,0.00151986,0.00129183,11.1149,3428970834,5 2 3 0 8 4 1 9 6 7 10 11 ,11.1149,9965234
human,12,dense,36,71.3352,0.000870127,0.00102904,71.3349,11149580442,1 0 2 3 4 5 6 7 8 9 10 11 ,71.3349,2728
human,12,dense,39,54.1276,0.00126465,0.00105702,54.1273,7677623825,6 11 9 10 0 2 3 4 5 7 8 1 ,54.1273,99009457
human,12,dense,40,408.693,0.00135324,0.00106222,408.692,352082999268,10 11 6 7 8 3 4 5 9 2 0 1 ,408.692,281574738
human,12,dense,41,0.031126,0.00106549,0.00111262,0.0309792,225680,3 5 0 6 4 8 10 1 2 7 9 11 ,0.0309792,38264
human,12,dense,46,262.15,0.00122491,0.000973034,262.15,48304154112,2 5 11 0 1 3 4 6 7 8 9 10 ,262.15,361974
human,12,dense,48,521.835,0.00115466,0.0021214,521.835,24104050963060,mixed,521.834,361152197
human,12,dense,50,0.00711331,0.00123448,0.00115933,0.00694344,93150,1 7 4 11 0 3 6 5 9 10 2 8 ,0.00694344,7368
human,12,dense,51,52.4883,0.0011945,0.00140849,52.4881,238188951000,0 9 3 5 7 4 6 1 8 2 10 11 ,52.4881,55868374
human,12,dense,52,355.906,0.0012519,0.0013912,355.906,430253441087,9 2 3 4 0 6 10 11 1 5 7 8 ,355.906,8582360
human,12,dense,53,265.197,0.00137716,0.00119014,265.196,106807296960,3 1 0 2 6 7 9 10 4 5 8 11 ,265.196,236488125
human,12,dense,54,5.99394,0.00125923,0.00125602,5.99371,49489667460,1 8 2 11 0 3 4 5 6 7 9 10 ,5.99371,5978051
human,12,dense,56,0.107509,0.00123532,0.000842617,0.107355,7514100,3 11 10 7 9 6 2 4 5 8 1 0 ,0.107355,68501
human,12,dense,59,493.079,0.00113415,0.00107421,493.079,517538032000,2 1 0 3 4 5 11 6 7 8 9 10 ,493.079,59460
human,12,dense,63,0.0235412,0.00132613,0.000863439,0.0234128,158752,0 7 6 1 2 3 4 5 8 9 10 11 ,0.0234128,35580
human,12,dense,68,71.7423,0.00131,0.00233039,71.7426,172160568270,mixed,71.742,74310936
human,12,dense,69,24.3425,0.00123281,0.00111852,24.3423,268442718138,1 2 8 9 10 11 3 4 0 5 6 7 ,24.3423,14604139
human,12,dense,70,0.19857,0.00104767,0.0011496,0.198363,15993180,1 8 7 9 0 6 3 4 5 2 10 11 ,0.198363,292087
human,12,dense,73,1.36452,0.00119104,0.00176106,1.36434,302002666781760,10 9 7 11 6 8 5 3 4 2 0 1 ,1.36434,751410
human,12,dense,74,268.33,0.00143227,0.000948019,268.33,2144897931714,1 4 7 8 10 0 9 2 6 3 5 11 ,268.33,152663917
human,12,dense,77,3.64859,0.00124903,0.00111608,3.64838,96233808620,3 5 10 1 2 6 8 7 0 4 9 11 ,3.64838,2232072
human,12,dense,79,72.1215,0.00141448,0.00201954,72.1758,21189216395,mixed,72.1212,27916127
human,12,dense,80,248.405,0.00170175,0.00157364,248.405,344935386312,8 3 4 5 6 7 10 9 2 0 1 11 ,248.405,209312124
human,12,dense,81,70.7527,0.00131798,0.0015178,70.7524,179295418387206,3 0 1 2 5 7 4 11 6 8 9 10 ,70.7524,38034276
human,12,dense,85,413.813,0.00130228,0.00113084,413.813,107465358000,0 1 2 6 8 9 4 7 10 11 3 5 ,413.813,504246182
human,12,dense,88,26.1835,0.00144644,0.00119638,26.1832,15764659082,8 5 1 9 6 7 0 3 10 4 2 11 ,26.1832,22709195
human,12,dense,90,411.419,0.00134664,0.00115915,411.419,36407500012800,3 1 5 8 0 4 6 7 2 10 9 11 ,411.419,109067101
human,12,dense,92,2.93957,0.000939188,0.0010114,2.93925,2896707528,1 0 6 2 3 4 5 7 8 9 10 11 ,2.93925,3610
human,12,dense,94,1.07615,0.00121045,0.00093897,1.07595,693650100,1 9 10 11 0 4 5 6 7 8 2 3 ,1.07595,1320210
human,12,dense,95,177.666,0.00122951,0.00145714,177.666,1329180209280,0 2 3 4 10 11 5 1 6 8 7 9 ,177.666,230940
human,12,dense,98,82.3753,0.00119675,0.000927094,82.375,32262536664,1 8 0 2 6 7 3 5 9 10 11 4 ,82.375,95527472
human,12,dense,99,60.3327,0.00132658,0.00109998,60.3324,16020956112,0 2 6 7 3 4 1 8 9 5 10 11 ,60.3324,42664381
human,12,sparse,1,0.0376716,0.00118363,0.00152413,0.0375042,220448604,0 6 7 1 5 2 3 4 10 8 11 9 ,0.0375042,24910
human,12,sparse,2,0.0151177,0.00148149,0.00126194,0.0149205,43740204,7 8 4 5 9 6 10 3 2 0 11 1 ,0.0149205,9087
human,12,sparse,4,0.0195574,0.00124326,0.00107745,0.0194071,353178285960,9 7 6 1 4 8 3 0 2 11 10 5 ,0.0194071,12834
human,12,sparse,6,21.3378,0.0011738,0.00100982,21.3375,148836293312,0 1 5 2 3 4 8 7 10 9 6 11 ,21.3375,378346
human,12,sparse,7,3.93341,0.00141148,0.00135938,3.93316,882290723750400,4 0 1 2 3 5 7 6 8 11 10 9 ,3.93316,3182499
human,12,sparse,8,19.8347,0.00115768,0.00164452,19.8345,98170110933990,5 7 1 6 3 0 2 4 8 9 10 11 ,19.8345,11415554
human,12,sparse,9,0.883376,0.00119597,0.000983476,0.883085,625119238161240,9 3 5 8 2 7 4 1 11 0 6 10 ,0.883085,530082
human,12,sparse,10,83.9717,0.00118739,0.00192495,83.9715,962142439854336,0 3 5 2 10 4 9 8 7 6 1 11 ,83.9715,41899813
human,12,sparse,11,0.0718689,0.001034,0.00091662,0.0716067,22259835000,7 11 5 3 10 6 9 2 0 4 8 1 ,0.0716067,56201
human,12,sparse,17,1.06561,0.00119663,0.000885175,1.06538,316108335272,1 7 6 5 3 4 2 0 10 9 11 8 ,1.06538,835495
human,12,sparse,18,364.365,0.00157299,0.00160783,364.365,19790473174252054,0 3 5 1 11 6 7 2 4 9 8 10 ,364.365,119550695
human,12,sparse,19,233.597,0.00122128,0.00331015,233.678,10018238666410,mixed,233.597,122337077
human,12,sparse,21,0.0173272,0.00127553,0.00164746,0.0171633,60651780840,2 5 1 3 8 7 11 0 6 9 4 10 ,0.0171633,9817
human,12,sparse,22,0.0346124,0.00120467,0.00107665,0.0343599,1574769660,3 0 6 1 2 5 7 8 9 11 10 4 ,0.0343599,1537
human,12,sparse,24,0.0309192,0.00152303,0.00139027,0.0601887,159160976,7 8 6 5 4 2 1 0 3 11 10 9 ,0.0306963,57733
human,12,sparse,31,0.00391143,0.00124103,0.0010086,0.00371239,0,5 4 10 11 2 0 3 6 1 8 7 9 ,0.00371239,4564
human,12,sparse,33,0.173776,0.00136305,0.00141644,0.173619,229378464,0 7 4 6 8 9 2 3 5 10 1 11 ,0.173619,37057
human,12,sparse,35,0.0402732,0.00134916,0.00132737,0.0400163,737935099404,2 0 3 1 5 6 7 4 9 10 8 11 ,0.0400163,26693
human,12,sparse,39,334.259,0.00134435,0.00113212,334.259,1875723387144,6 9 10 0 7 2 1 8 5 4 3 11 ,334.259,6858152
human,12,sparse,40,3.46538,0.00118247,0.00103308,3.4651,75352337745594,11 7 10 8 9 6 5 3 0 1 2 4 ,3.4651,1787249
human,12,sparse,41,0.527595,0.00120416,0.00238979,0.530361,590923198,mixed,0.527397,391408
human,12,sparse,42,364.98,0.00127012,0.00366157,564.658,3882650056883170,mixed,364.98,262619764
human,12,sparse,48,13.1604,0.00128904,0.00293556,13.171,11567352955774464,mixed,13.1602,6790980
human,12,sparse,50,0.0793234,0.00116931,0.000973862,0.0792202,129595584,2 6 1 4 8 3 0 5 9 7 11 10 ,0.0792202,55215
human,12,sparse,51,70.6166,0.00114127,0.00151108,70.6164,28576801266048,4 10 7 5 6 2 1 3 8 11 9 0 ,70.6164,38723438
human,12,sparse,54,149.761,0.00139714,0.00171519,149.761,98727369862756,1 10 9 2 8 0 7 4 6 3 5 11 ,149.761,75094810
human,12,sparse,56,0.521947,0.00121787,0.00120688,0.521661,9179127540,7 6 2 8 5 4 3 11 1 10 9 0 ,0.521661,393176
human,12,sparse,57,104.609,0.00100849,0.00232947,104.609,4870724971510770,5 10 1 7 4 8 9 2 0 6 11 3 ,104.609,55897287
human,12,sparse,61,18.3559,0.00102147,0.00159879,18.3556,479189458944000,3 2 8 10 11 1 6 0 4 7 9 5 ,18.3556,10293334
human,12,sparse,63,0.0762003,0.00127201,0.00102808,0.0760887,37758636,0 8 9 1 5 4 2 10 7 11 6 3 ,0.0760887,41707
human,12,sparse,65,368.012,0.00144959,0.00228447,368.012,16925683511962576,0 2 9 1 10 11 3 6 7 4 5 8 ,368.012,117145892
human,12,sparse,68,169.111,0.00120602,0.00243304,169.112,17158137433864,mixed,169.111,4170179
human,12,sparse,69,42.1405,0.00114834,0.00137317,42.1403,22683704599296,4 3 0 1 11 10 9 8 6 5 2 7 ,42.1403,21927665
human,12,sparse,70,11.9325,0.00107787,0.00105419,11.9323,53153278080,0 4 3 6 10 2 11 5 1 9 8 7 ,11.9323,166425
human,12,sparse,73,0.296017,0.0011423,0.00167647,0.295789,8088324639212160,9 11 4 7 5 2 8 3 0 1 10 6 ,0.295789,68968
human,12,sparse,74,10.9753,0.00133179,0.00111768,10.975,90639975904620,1 6 0 9 7 8 2 4 5 3 10 11 ,10.975,4453320
human,12,sparse,75,5.66836,0.00106823,0.00160544,5.66812,9702395909902080,5 9 10 8 7 3 6 0 2 1 4 11 ,5.66812,3307929
human,12,sparse,77,1.66081,0.00115569,0.00167212,1.6606,14549945147466,3 2 0 9 7 4 1 5 10 8 11 6 ,1.6606,1003120
human,12,sparse,78,331.007,0.00152354,0.00542966,331.035,12891789695930314,mixed,331.007,153178038
human,12,sparse,81,292.018,0.00124978,0.00178896,292.018,101570040074940696,2 5 1 4 11 10 0 3 7 8 9 6 ,292.018,87944346
human,12,sparse,83,54.3989,0.00135713,0.00180276,54.3987,268209330120288,5 1 10 2 3 9 4 6 0 8 7 11 ,54.3987,31279057
human,12,sparse,84,154.909,0.00130519,0.0016424,154.908,4927068503093816,5 1 9 7 6 10 4 3 8 0 11 2 ,154.908,75621886
human,12,sparse,85,86.8617,0.0012482,0.00192636,86.8615,699658777995750,2 9 8 3 1 7 6 0 4 10 11 5 ,86.8615,63705392
human,12,sparse,88,0.380603,0.00145983,0.00165151,0.38051,2203143214516,3 1 0 8 5 9 6 2 10 7 11 4 ,0.38051,273728
human,12,sparse,90,7.8438,0.00129062,0.00117308,7.84357,11823800008149504,5 1 8 4 6 2 0 7 9 11 3 10 ,7.84357,2001791
human,12,sparse,94,0.666595,0.00121535,0.00132925,0.666391,46606181245920,1 0 10 9 3 5 4 8 7 11 6 2 ,0.666391,308107
human,12,sparse,98,13.7568,0.00126871,0.00307679,14.4254,31927292400808,mixed,13.7566,8770959
human,12,sparse,99,62.6302,0.00121293,0.00112861,62.6299,4971832124256,1 4 5 3 6 7 10 8 2 0 11 9 ,62.6299,2506673
