dataset,query_size,query_mode,query_index,elapsed_execution_time,filter_time,plan_time,enumerate_time,n_embeddings,order,max_task_time,n_intersections
orkut,8,dense,1,0.0521761,0.20953,0.10026,0.508601,718319,mixed,0.0491079,233515
orkut,8,dense,2,0.0502163,0.221123,0.101288,0.419483,2122314,mixed,0.043516,356965
orkut,8,dense,3,0.0394507,0.221912,0.090125,0.278663,4243645,mixed,0.0310558,209576
orkut,8,dense,4,0.234995,0.210117,0.110411,0.611093,447770,mixed,0.0592284,542811
orkut,8,dense,5,0.0487505,0.207775,0.0978383,0.355322,1867295,mixed,0.0450782,275979
orkut,8,dense,6,0.0915169,0.240767,0.113193,0.448533,1517097,mixed,0.0881724,359720
orkut,8,dense,7,0.0651997,0.166374,0.0958902,0.449598,86953,mixed,0.0559954,388685
orkut,8,dense,8,0.036673,0.188644,0.0888637,0.324448,832973,mixed,0.0281424,264376
orkut,8,dense,9,0.0377664,0.231543,0.0847983,0.309962,878765,mixed,0.0302687,239085
orkut,8,dense,10,0.207766,0.161152,0.0983677,0.748786,336581,mixed,0.202805,766037
orkut,8,dense,11,0.0644507,0.19029,0.0962377,0.458953,3409886,mixed,0.0607787,326930
orkut,8,dense,12,0.0272419,0.230759,0.0868775,0.332443,41893,mixed,0.0245142,277182
orkut,8,dense,13,0.0854791,0.192991,0.0967684,0.385951,13113350,mixed,0.0775076,261336
orkut,8,dense,14,0.0339001,0.231076,0.105957,0.294167,473717,mixed,0.0307927,223340
orkut,8,dense,15,0.267282,0.213281,0.118572,0.941925,477307,mixed,0.203435,966204
orkut,8,dense,16,0.0311379,0.231365,0.0882534,0.291975,52467,mixed,0.0225763,279282
orkut,8,dense,17,0.0882601,0.257553,0.113389,0.561671,480851,mixed,0.085377,502637
orkut,8,dense,18,0.106909,0.202948,0.0986078,0.387373,101888,mixed,0.0994179,349052
orkut,8,dense,19,0.25672,0.221173,0.107818,0.918998,664630,mixed,0.203606,890631
orkut,8,dense,20,0.0477929,0.176159,0.0884345,0.306286,29231796,mixed,0.0409886,253658
orkut,8,dense,21,0.10284,0.206041,0.104722,0.504286,80712,mixed,0.0981492,375098
orkut,8,dense,22,0.0409764,0.223091,0.110599,0.32055,283362,mixed,0.0340474,258310
orkut,8,dense,23,0.0378142,0.224718,0.101673,0.299805,3446020,mixed,0.0310247,223572
orkut,8,dense,24,0.0609916,0.192296,0.0960843,0.339681,2129524,mixed,0.0530127,283565
orkut,8,dense,25,0.0731997,0.246281,0.109675,0.408064,3545761,mixed,0.0655337,322433
orkut,8,dense,26,0.196316,0.254758,0.115855,0.767432,244040,mixed,0.193384,799865
orkut,8,dense,27,0.0321955,0.22382,0.100428,0.318169,48329,mixed,0.0300255,272505
orkut,8,dense,28,0.160128,0.188312,0.0892797,0.575399,19729269,mixed,0.156373,470746
orkut,8,dense,29,0.0483868,0.235982,0.0887552,0.29474,549592,mixed,0.0388733,234152
orkut,8,dense,30,0.0378692,0.248078,0.0793311,0.310223,1993620,mixed,0.0271494,207796
orkut,8,dense,31,0.0639089,0.194333,0.0925224,0.351943,797987,mixed,0.0582132,298891
orkut,8,dense,32,0.0248845,0.236769,0.0910636,0.328668,71261,mixed,0.022249,257061
orkut,8,dense,33,0.0238709,0.156357,0.0877221,0.289995,2052619,mixed,0.0203772,215839
orkut,8,dense,34,0.0384159,0.24684,0.0933874,0.29566,784928,mixed,0.0275606,225091
orkut,8,dense,35,0.0552308,0.15158,0.0884385,0.338079,4389398,mixed,0.0503462,273469
orkut,8,dense,36,0.0855123,0.208385,0.0903249,0.414271,1200655,mixed,0.0774017,361866
orkut,8,dense,37,0.105562,0.212035,0.123589,0.549755,187779,mixed,0.0992736,542829
orkut,8,dense,38,0.0493299,0.182331,0.0922523,0.456233,755522,mixed,0.045787,334925
orkut,8,dense,39,0.16347,0.246633,0.106178,0.638381,166599,mixed,0.160876,679314
orkut,8,dense,40,0.0453466,0.134534,0.0884552,0.319999,5899798,mixed,0.0369834,231222
orkut,8,dense,41,0.0327355,0.280878,0.0995338,0.324175,230916,mixed,0.0249271,222876
orkut,8,dense,42,0.0336725,0.171992,0.0988126,0.273363,829116,mixed,0.0230172,215203
orkut,8,dense,43,0.0621193,0.272461,0.0991277,0.427409,106850,mixed,0.0546334,298266
orkut,8,dense,44,0.0534236,0.190152,0.0868517,0.357581,2426282,mixed,0.0480344,275532
orkut,8,dense,45,0.054017,0.232921,0.0833979,0.32599,6229287,mixed,0.050316,236449
orkut,8,dense,46,0.106162,0.233136,0.100136,0.571749,62796,mixed,0.103918,505059
orkut,8,dense,47,0.0907105,0.219461,0.112842,0.512541,60414,mixed,0.0837379,598672
orkut,8,dense,48,0.0265836,0.206882,0.0896868,0.22761,122226,mixed,0.0207874,198195
orkut,8,dense,49,0.0541969,0.211209,0.102271,0.346631,1109043,mixed,0.0419264,260525
orkut,8,dense,50,0.421969,0.187495,0.120413,2.47589,432792,mixed,0.246722,2487685
orkut,8,dense,51,0.0390046,0.25355,0.0966462,0.321401,2917114,mixed,0.0361589,232550
orkut,8,dense,52,0.147838,0.197855,0.111861,0.654717,2651687,mixed,0.144735,730784
orkut,8,dense,53,0.0381608,0.186534,0.0865285,0.257222,7400846,mixed,0.0351109,226423
orkut,8,dense,54,0.0804127,0.253797,0.107384,0.486005,86643,mixed,0.0715806,407430
orkut,8,dense,55,0.0564733,0.210864,0.0990181,0.306996,466090,mixed,0.0522237,228437
orkut,8,dense,56,0.0911648,0.216358,0.0964598,0.458985,2180718,mixed,0.0871415,398308
orkut,8,dense,57,0.0918057,0.187043,0.104737,0.41656,242474,mixed,0.0887464,347614
orkut,8,dense,58,0.0406517,0.212271,0.0893948,0.275241,1704610,mixed,0.0312727,212907
orkut,8,dense,59,0.0585317,0.165375,0.0874906,0.322912,496773,mixed,0.05414,284796
orkut,8,dense,60,0.0292113,0.189411,0.0904923,0.265955,44102,mixed,0.0235163,205713
orkut,8,dense,61,0.0258725,0.172755,0.0813965,0.300568,26973759,mixed,0.0224176,221924
orkut,8,dense,62,0.242916,0.238155,0.134022,0.902872,1344853,mixed,0.206698,1005003
orkut,8,dense,63,0.0332737,0.243559,0.0860503,0.26271,2370397,mixed,0.0208301,208066
orkut,8,dense,64,0.0277743,0.202938,0.0896903,0.304649,3439603,mixed,0.0241941,234686
orkut,8,dense,65,0.0457437,0.217404,0.10946,0.401031,276528,mixed,0.0344607,282077
orkut,8,dense,66,0.210972,0.254471,0.11522,0.903355,98319,mixed,0.198058,1044326
orkut,8,dense,67,0.0293377,0.2152,0.0871998,0.289312,3174636,mixed,0.0225027,224473
orkut,8,dense,68,0.0237984,0.265509,0.0916161,0.269408,470383,mixed,0.0170925,213198
orkut,8,dense,69,0.0779325,0.235559,0.093558,0.425515,39866,mixed,0.0731978,533722
orkut,8,dense,70,0.0284656,0.226421,0.0991597,0.282543,445564,mixed,0.0260181,213317
orkut,8,dense,71,0.0322355,0.198606,0.0763724,0.252582,1801527,mixed,0.0293939,220071
orkut,8,dense,72,0.0311459,0.145582,0.09328,0.276542,4322214,mixed,0.0256489,217890
orkut,8,dense,73,0.0541273,0.181951,0.117405,0.35478,234693,mixed,0.0437658,274139
orkut,8,dense,74,0.0278387,0.23501,0.111467,0.314524,105581,mixed,0.0251522,283424
orkut,8,dense,75,0.0400321,0.189065,0.0908611,0.275124,504633,mixed,0.032646,241107
orkut,8,dense,76,0.0232606,0.229242,0.0868696,0.20807,777684,mixed,0.020004,156339
orkut,8,dense,77,0.0542328,0.248295,0.0891821,0.327082,310132,mixed,0.0451261,246521
orkut,8,dense,78,0.0353272,0.180411,0.112321,0.30437,857836,mixed,0.0306361,227173
orkut,8,dense,79,0.141918,0.235765,0.0961681,0.563234,3641191,mixed,0.138512,605850
orkut,8,dense,80,0.0176645,0.200647,0.094275,0.238672,20931,mixed,0.0152748,196664
orkut,8,dense,81,0.0221854,0.215641,0.0929265,0.28981,35958,mixed,0.0188335,237875
orkut,8,dense,82,0.11542,0.257968,0.108563,0.638072,82485,mixed,0.105359,720909
orkut,8,dense,83,0.0258366,0.212545,0.0885909,0.279099,1745618,mixed,0.0203054,223881
orkut,8,dense,84,0.0908105,0.253192,0.0947069,0.407884,36608,mixed,0.08863,563844
orkut,8,dense,85,0.0316518,0.187771,0.0908506,0.250713,11578532,mixed,0.023457,208334
orkut,8,dense,86,0.0284504,0.204225,0.0740305,0.245332,39979716,mixed,0.0254723,189795
orkut,8,dense,87,0.0283313,0.255625,0.0999653,0.262668,222379,mixed,0.0257707,207367
orkut,8,dense,88,0.0949391,0.250716,0.0942277,0.435559,169083,mixed,0.0926869,592215
orkut,8,dense,89,0.123871,0.206895,0.103,0.510746,1573170,mixed,0.121262,693107
orkut,8,dense,90,0.0308303,0.247403,0.0941375,0.263604,79559,mixed,0.0284615,231232
orkut,8,dense,91,0.0306489,0.202895,0.0889537,0.296662,1874277,mixed,0.0266551,224020
orkut,8,dense,92,0.0938927,0.210409,0.088609,0.420006,2154545,mixed,0.0860396,321164
orkut,8,dense,93,0.0458362,0.226771,0.10489,0.407113,86190,mixed,0.0390147,343988
orkut,8,dense,94,0.0317361,0.161011,0.0921578,0.268097,217955,mixed,0.0282842,223414
orkut,8,dense,95,0.155453,0.214557,0.0892084,0.81064,129107,mixed,0.150263,889982
orkut,8,dense,96,0.0370119,0.205169,0.0832913,0.285114,49136,mixed,0.0329716,238404
orkut,8,dense,97,0.0460536,0.215258,0.103879,0.309662,169275,mixed,0.0436107,269597
orkut,8,dense,98,0.0596874,0.212029,0.0971711,0.378168,6559768,mixed,0.057105,289107
orkut,8,dense,99,0.0420774,0.265903,0.0899157,0.356105,10965512,mixed,0.0383828,255815
orkut,8,dense,100,0.0481919,0.188403,0.098355,0.31095,19363130,mixed,0.040715,247000
orkut,8,sparse,1,0.354757,0.21236,0.093114,4.39344,155913823,mixed,0.304957,1540385
orkut,8,sparse,2,0.375528,0.174557,0.0985766,2.18234,33553669,mixed,0.213951,1981207
orkut,8,sparse,3,0.213186,0.214186,0.0883368,1.01437,1467948,mixed,0.19977,988567
orkut,8,sparse,4,0.0659842,0.206978,0.0704015,0.461975,23526117,mixed,0.0615304,494081
orkut,8,sparse,5,0.0284385,0.223674,0.0919589,0.262218,3042220,mixed,0.0224644,214494
orkut,8,sparse,6,0.249591,0.220578,0.0965347,1.04438,1013013448,mixed,0.203844,791230
orkut,8,sparse,7,0.337765,0.21905,0.115203,1.52763,4026379,mixed,0.211949,1578151
orkut,8,sparse,8,0.0486127,0.202909,0.0891548,0.442183,651677125,mixed,0.0444102,288953
orkut,8,sparse,9,0.375112,0.199048,0.0932657,1.84425,27276848,mixed,0.205951,1267877
orkut,8,sparse,10,0.0563551,0.209368,0.0713167,0.390232,70935632,mixed,0.0503821,278203
orkut,8,sparse,11,0.222179,0.21092,0.0922565,0.795408,41016725,mixed,0.203971,468542
orkut,8,sparse,12,0.0266,0.191699,0.0895123,0.289909,36613295,mixed,0.0229118,202385
orkut,8,sparse,13,1.58022,0.170589,0.12092,30.0349,210204263,mixed,1.20207,11583113
orkut,8,sparse,14,0.370948,0.178356,0.12822,2.49103,16368879,mixed,0.226852,1359562
orkut,8,sparse,15,0.206522,0.208326,0.0928261,0.927006,129324939,mixed,0.193151,777656
orkut,8,sparse,16,0.0339761,0.179562,0.0976924,0.266279,3491358,mixed,0.0262008,208935
orkut,8,sparse,17,0.0484957,0.181241,0.0962693,0.326953,7174466252,mixed,0.0395494,242789
orkut,8,sparse,18,0.167881,0.185695,0.0775665,0.717562,235463640,mixed,0.156375,518514
orkut,8,sparse,19,0.0981881,0.219937,0.0955267,0.680291,7035951,mixed,0.0943528,505103
orkut,8,sparse,20,0.129377,0.172022,0.0989555,0.83818,68766188,mixed,0.124127,634201
orkut,8,sparse,21,0.0703981,0.233618,0.10682,0.492137,8157848,mixed,0.0669164,339686
orkut,8,sparse,22,0.304496,0.18691,0.0949088,1.55707,35838711,mixed,0.230694,729522
orkut,8,sparse,23,0.0872147,0.170122,0.088724,0.435718,757901461,mixed,0.0793343,251681
orkut,8,sparse,24,0.0513565,0.200019,0.11299,0.339475,99195520,mixed,0.0453572,227299
orkut,8,sparse,25,0.438476,0.177223,0.11266,2.17276,8203658,mixed,0.278721,1774182
orkut,8,sparse,26,0.869991,0.205984,0.124837,17.4572,90808455,mixed,0.528707,9072577
orkut,8,sparse,27,0.214822,0.17488,0.0951874,0.73394,34188630,mixed,0.206756,386812
orkut,8,sparse,28,0.712862,0.168624,0.0990134,3.49538,92861945,mixed,0.337831,1201041
orkut,8,sparse,29,0.17455,0.136375,0.117825,0.3568,159265345,mixed,0.169493,158090
orkut,8,sparse,30,0.0512323,0.18596,0.08958,0.37241,6936870135,mixed,0.047048,240896
orkut,8,sparse,31,0.0367744,0.139031,0.0705979,0.263697,176310970,mixed,0.0280374,216813
orkut,8,sparse,32,0.243379,0.197876,0.0995012,1.03073,184990017,mixed,0.206292,881146
orkut,8,sparse,33,0.247662,0.221347,0.0860849,0.864668,31596444,mixed,0.209976,465072
orkut,8,sparse,34,0.105868,0.238347,0.0682669,0.427157,417744825,mixed,0.0952852,298354
orkut,8,sparse,35,0.252391,0.183474,0.112066,1.23659,2169441,mixed,0.21868,1149600
orkut,8,sparse,36,0.0313625,0.190531,0.104485,0.330921,4689733,mixed,0.0274826,238336
orkut,8,sparse,37,1.28787,0.215306,0.124805,33.228,12514511,mixed,0.841226,21531322
orkut,8,sparse,38,0.040882,0.192929,0.0705009,0.357187,85193202,mixed,0.0367104,281786
orkut,8,sparse,39,0.0664275,0.206338,0.0911866,0.354311,231061233,mixed,0.0629401,248866
orkut,8,sparse,40,0.0640595,0.18927,0.089315,0.395232,152094953,mixed,0.0573055,292330
orkut,8,sparse,41,0.134918,0.204904,0.101865,0.612293,37304323,mixed,0.126255,532959
orkut,8,sparse,42,0.265727,0.189386,0.0948833,0.888342,52987143,mixed,0.202226,664453
orkut,8,sparse,43,0.156273,0.189502,0.0951129,0.576353,18661953,mixed,0.15152,328952
orkut,8,sparse,44,0.0386478,0.223686,0.0780509,0.351063,303782321,mixed,0.0304149,253666
orkut,8,sparse,45,0.0293408,0.165371,0.0724332,0.282923,358218952,mixed,0.025099,208642
orkut,8,sparse,46,0.288134,0.217775,0.0937897,0.98421,60490894,mixed,0.11594,915606
orkut,8,sparse,47,0.214507,0.227244,0.0976294,0.713978,81804683,mixed,0.20364,672820
orkut,8,sparse,48,0.054863,0.224402,0.093959,0.343729,20609844401,mixed,0.0501585,236557
orkut,8,sparse,49,0.234924,0.180541,0.0933662,0.801054,95526817,mixed,0.20135,745575
orkut,8,sparse,50,0.132739,0.173209,0.0891862,0.408204,1133493399,mixed,0.125151,258703
orkut,8,sparse,51,0.0359258,0.23775,0.0970679,0.317416,84301806,mixed,0.029923,218746
orkut,8,sparse,52,0.0768547,0.209101,0.0888913,0.389365,1417027903,mixed,0.0732242,235702
orkut,8,sparse,53,0.246101,0.239516,0.100492,0.723468,9160327,mixed,0.202087,714785
orkut,8,sparse,54,0.233201,0.210929,0.121944,1.13297,3746747,mixed,0.208154,890984
orkut,8,sparse,55,0.106618,0.218563,0.0785958,0.544585,167478013,mixed,0.0958724,431286
orkut,8,sparse,56,0.249899,0.164748,0.105178,0.929248,15869848,mixed,0.20522,783984
orkut,8,sparse,57,0.141266,0.211267,0.0875346,0.597058,52061678,mixed,0.136003,558880
orkut,8,sparse,58,0.582658,0.193017,0.104635,1.80161,129528378,mixed,0.347037,888893
orkut,8,sparse,59,0.337491,0.142593,0.0937636,2.24716,110852721,mixed,0.265479,1034534
orkut,8,sparse,60,0.180669,0.189438,0.0839934,0.641558,73035248,mixed,0.176829,500022
orkut,8,sparse,61,0.041679,0.169893,0.0760732,0.303984,163093189278,mixed,0.0375949,219871
orkut,8,sparse,62,0.0360505,0.184113,0.0912375,0.315741,6689138,mixed,0.0325827,221244
orkut,8,sparse,63,0.0378703,0.1322,0.0953148,0.36958,64843996,mixed,0.0299114,246724
orkut,8,sparse,64,0.37424,0.206314,0.105492,2.32932,99466641,mixed,0.229752,2168186
orkut,8,sparse,65,0.42503,0.17369,0.0908948,2.23017,3923620406,mixed,0.369892,1146473
orkut,8,sparse,66,0.025088,0.235374,0.0748493,0.296154,2267258441,mixed,0.0198698,211315
orkut,8,sparse,67,0.458701,0.196863,0.101301,1.58087,344039194,mixed,0.235215,867132
orkut,8,sparse,68,1.11638,0.140921,0.0901651,9.95822,273966630,mixed,0.788213,3504322
orkut,8,sparse,69,0.396505,0.200853,0.0875372,1.60856,31456870,mixed,0.204756,890410
orkut,8,sparse,70,0.119432,0.184518,0.124782,0.597412,893084,mixed,0.112293,416506
orkut,8,sparse,71,0.0442688,0.159576,0.0846598,0.340577,23907520,mixed,0.0373759,266117
orkut,8,sparse,72,0.489438,0.197975,0.101425,3.6574,18048580,mixed,0.448464,1906485
orkut,8,sparse,73,0.0758412,0.174365,0.0859323,0.372209,10517516884,mixed,0.0659718,243537
orkut,8,sparse,74,0.383375,0.154799,0.0903646,1.27603,766258107,mixed,0.202301,1162237
orkut,8,sparse,75,0.305312,0.154822,0.0949908,0.968028,332022566,mixed,0.202042,737176
orkut,8,sparse,76,0.105519,0.195542,0.0936182,0.528669,232763274,mixed,0.0922854,323243
orkut,8,sparse,77,0.0695716,0.183114,0.0722161,0.399449,250132390,mixed,0.0629894,290527
orkut,8,sparse,78,0.068878,0.206603,0.0860704,0.448974,465241707,mixed,0.06232,303544
orkut,8,sparse,79,0.252941,0.212382,0.121923,1.46983,7008744,mixed,0.227482,1012927
orkut,8,sparse,80,0.0935631,0.216686,0.111383,0.401098,21521647,mixed,0.0874978,313249
orkut,8,sparse,81,0.113764,0.207935,0.0763544,0.71187,292122423,mixed,0.104621,618653
orkut,8,sparse,82,0.127358,0.217113,0.108306,0.565351,41304099,mixed,0.1242,378417
orkut,8,sparse,83,0.239286,0.227631,0.0945259,0.803737,58158904,mixed,0.207069,540072
orkut,8,sparse,84,0.07595,0.19243,0.098033,0.39129,279170972,mixed,0.0677159,271184
orkut,8,sparse,85,0.231164,0.232975,0.110112,0.901005,4682498,mixed,0.201917,767693
orkut,8,sparse,86,0.188614,0.201502,0.0958598,1.51104,50730079,mixed,0.176988,1263828
orkut,8,sparse,87,0.219996,0.225699,0.105175,0.85667,7123295,mixed,0.2062,939011
orkut,8,sparse,88,0.259827,0.209437,0.0790762,0.947577,690115599,mixed,0.204302,847717
orkut,8,sparse,89,0.305253,0.214301,0.0977793,1.46749,52596401,mixed,0.211444,1112057
orkut,8,sparse,90,0.0344727,0.153543,0.0916474,0.314382,56605573,mixed,0.0311261,227955
orkut,8,sparse,91,0.0772055,0.207488,0.0702913,0.492777,228034967,mixed,0.0726106,282813
orkut,8,sparse,92,0.0626486,0.21371,0.0787329,0.406541,6163576359,mixed,0.0544482,235404
orkut,8,sparse,93,0.427804,0.188247,0.107212,2.24682,20232444,mixed,0.278105,1119720
orkut,8,sparse,94,0.0457858,0.201906,0.0721789,0.307876,3797103790,mixed,0.0405974,226118
orkut,8,sparse,95,0.0435096,0.165755,0.100447,0.298927,98833927,mixed,0.0401917,211999
orkut,8,sparse,96,0.0871649,0.207927,0.107183,0.406353,6030354,mixed,0.0799213,259970
orkut,8,sparse,97,0.335017,0.217205,0.116558,1.17637,41239012,mixed,0.212191,1091843
orkut,8,sparse,98,0.214172,0.190452,0.0757438,0.539471,6511009833,mixed,0.202872,297588
orkut,8,sparse,99,0.0746375,0.2018,0.0744712,0.403541,4673748521,mixed,0.067007,231685
orkut,8,sparse,100,0.0475595,0.213256,0.111152,0.44669,43231350,mixed,0.0293919,274996
