dataset,query_size,query_mode,query_index,elapsed_execution_time,filter_time,plan_time,enumerate_time,n_embeddings,order,max_task_time,n_intersections
human,8,dense,1,24.4271,0.00113827,0.000607993,24.427,4104560319,0 1 6 2 3 7 4 5 ,24.427,17696696
human,8,dense,2,84.7626,0.00135529,0.00148105,91.8764,135118306,mixed,84.7624,174901420
human,8,dense,3,0.595276,0.00103616,0.000555298,0.595127,6306706800,2 0 1 3 5 7 4 6 ,0.595127,359834
human,8,dense,4,3.60526,0.00103459,0.000588857,3.60504,91743660,1 0 2 3 4 5 7 6 ,3.60504,1811208
human,8,dense,6,0.00429768,0.000767506,0.000930158,0.00411271,330225,7 2 1 0 3 4 5 6 ,0.00411271,431
human,8,dense,7,0.00136902,0.000831778,0.000742605,0.00121113,68531400,2 5 6 4 0 1 3 7 ,0.00121113,546
human,8,dense,9,110.366,0.00119128,0.0010277,110.366,30888680733,1 4 6 0 2 3 5 7 ,110.366,61407045
human,8,dense,11,15.4425,0.00122721,0.00107312,16.6134,5273250577,mixed,15.4423,5702711
human,8,dense,12,1.90333,0.000821484,0.000877712,1.9031,344150688,2 0 1 4 5 6 3 7 ,1.9031,1882
human,8,dense,14,20.5353,0.000892714,0.00103804,36.4569,1899003419,mixed,20.535,45248073
human,8,dense,15,55.0715,0.000904737,0.000625742,55.0713,154757235,4 6 0 2 7 1 3 5 ,55.0713,80356794
human,8,dense,16,0.000497256,0.000989831,0.000538711,0.00040504,1080,5 2 7 1 0 3 4 6 ,0.00040504,92
human,8,dense,17,174.845,0.00215995,0.00234005,200.667,324152494091,mixed,174.844,169642851
human,8,dense,21,1.90525,0.000734687,0.000827548,1.90501,344150688,2 0 1 4 5 6 3 7 ,1.90501,1882
human,8,dense,23,0.269313,0.000864988,0.000683378,0.269096,164388000,3 5 7 0 4 6 1 2 ,0.269096,253756
human,8,dense,26,53.2409,0.00137815,0.00133771,53.2465,22147186974,mixed,53.2406,35058407
human,8,dense,27,4.18748,0.00100641,0.000877015,4.18721,552624748,1 0 5 3 4 2 6 7 ,4.18721,2805673
human,8,dense,28,24.8952,0.000812505,0.000694977,24.895,4711983160,2 0 1 3 4 5 6 7 ,24.895,6322
human,8,dense,29,6.51957,0.0011212,0.00128219,6.51969,220264654170,mixed,6.51927,2423086
human,8,dense,30,288.533,0.000904403,0.000705775,288.533,955510248,1 7 0 5 2 3 4 6 ,288.533,383420432
human,8,dense,31,70.7571,0.000993663,0.00155194,70.7575,185098300171,mixed,70.7569,43771113
human,8,dense,34,41.0801,0.000973004,0.000593026,41.0799,301180362,1 0 7 2 3 4 5 6 ,41.0799,60553351
human,8,dense,35,254.137,0.0016218,0.00248686,367.147,31792371302,mixed,254.136,5485130
human,8,dense,36,183.945,0.000975976,0.00100863,183.945,31114478472,7 4 5 6 3 0 1 2 ,183.945,37835
human,8,dense,37,0.04316,0.000874887,0.000693858,0.0429903,1884636600,6 4 5 3 0 1 2 7 ,0.0429903,22218
human,8,dense,38,168.767,0.00109032,0.00115878,168.767,18966340275,3 0 6 1 2 4 5 7 ,168.767,110696189
human,8,dense,39,1.04833,0.000938278,0.000628958,1.04807,872355969,3 1 6 7 4 5 0 2 ,1.04807,1019098
human,8,dense,40,0.00760523,0.000999357,0.00060966,0.00749551,36326400,2 0 4 1 3 6 5 7 ,0.00749551,3626
human,8,dense,41,0.124743,0.00104158,0.000959263,0.124519,33420889040,7 1 2 3 0 4 5 6 ,0.124519,42861
human,8,dense,42,0.528719,0.00128465,0.000962573,0.528488,51921828,2 5 6 7 1 0 3 4 ,0.528488,418602
human,8,dense,43,8.34009,0.00100425,0.00120769,10.737,7688049363,mixed,8.33988,8283493
human,8,dense,44,16.7775,0.00121688,0.00138948,17.5467,744152203,mixed,16.7773,22158300
human,8,dense,45,0.00118964,0.000921749,0.000605959,0.00107843,13500,1 5 6 0 2 3 4 7 ,0.00107843,694
human,8,dense,46,2.8946,0.000887282,0.000909776,2.89439,241741500,6 5 7 1 0 2 3 4 ,2.89439,26782
human,8,dense,47,61.4865,0.00238054,0.00207389,104.237,2496355726,mixed,61.4862,128379404
human,8,dense,48,0.1425,0.00110813,0.000658625,0.142396,454256,0 2 7 1 3 4 5 6 ,0.142396,232093
human,8,dense,49,0.0935213,0.000896467,0.000581432,0.0933733,268903008,0 1 2 3 6 7 4 5 ,0.0933733,77346
human,8,dense,50,193.524,0.00115465,0.00110414,193.525,39301202230,mixed,193.523,126870794
human,8,dense,51,0.662685,0.00154101,0.000798795,0.662571,7037852577,1 0 6 2 4 7 3 5 ,0.662571,442519
human,8,dense,52,434.805,0.00107269,0.000755615,434.805,136545915289,0 5 6 2 3 4 1 7 ,434.805,224581411
human,8,dense,53,433.19,0.00124281,0.0015274,436.805,965521519,mixed,433.19,674194222
human,8,dense,54,21.8121,0.00138715,0.000595553,21.8119,10730691346,1 5 2 3 6 0 4 7 ,21.8119,8795127
human,8,dense,55,1.90631,0.000752214,0.00083272,1.90609,344150688,2 0 1 4 5 6 3 7 ,1.90609,1882
human,8,dense,56,136.411,0.000894623,0.00109764,136.411,21500964608,1 0 2 3 4 5 6 7 ,136.411,79861857
human,8,dense,58,106.74,0.00103332,0.000544747,106.74,24163956664,3 1 2 6 4 5 7 0 ,106.74,89557290
human,8,dense,60,0.00149283,0.000696687,0.0006672,0.00137666,16,1 0 2 3 4 5 6 7 ,0.00137666,1190
human,8,dense,61,0.00171228,0.00110416,0.0005871,0.00162691,133640,3 2 0 1 5 6 7 4 ,0.00162691,1491
human,8,dense,63,27.6874,0.00112575,0.00106523,27.688,40779579,mixed,27.6872,63117990
human,8,dense,64,14.6822,0.00106577,0.000936132,14.6819,28447253841,0 4 3 5 6 2 1 7 ,14.6819,14300452
human,8,dense,67,0.0181337,0.00115806,0.00065246,0.0179081,55262400,3 4 5 1 2 0 6 7 ,0.0179081,9520
human,8,dense,68,295.433,0.000969712,0.00210748,394.333,658931286,mixed,295.433,692144329
human,8,dense,69,0.00143644,0.00100676,0.000571645,0.00126668,97683360,2 0 3 4 5 6 7 1 ,0.00126668,474
human,8,dense,71,594.999,0.00136352,0.000784291,594.999,152636570134,4 7 0 3 1 2 5 6 ,594.999,288112620
human,8,dense,72,0.00340843,0.000854173,0.000566355,0.0033245,28160,4 2 3 6 5 7 1 0 ,0.0033245,6120
human,8,dense,73,3.38089,0.000954549,0.000541989,3.38062,1888563124,2 4 0 1 3 5 6 7 ,3.38062,3630333
human,8,dense,74,0.337222,0.000886151,0.00106188,0.525232,8221976,mixed,0.336946,797752
human,8,dense,75,10.8291,0.000876311,0.000546188,10.8288,90565683,2 0 1 3 4 5 6 7 ,10.8288,18069864
human,8,dense,76,1.97252,0.000795164,0.000840441,1.9723,344150688,2 0 1 4 5 6 3 7 ,1.9723,1882
human,8,dense,77,369.515,0.00104707,0.000676653,369.515,1491296268,1 0 3 4 6 7 2 5 ,369.515,346353492
human,8,dense,78,480.913,0.00134416,0.0015026,480.915,1262670590871,mixed,480.913,292949902
human,8,dense,79,299.643,0.00106595,0.00082696,299.642,18576759384,0 6 2 1 3 4 5 7 ,299.642,269457705
human,8,dense,81,582.173,0.00109473,0.000754387,582.173,123536200610,1 7 5 6 0 2 3 4 ,582.173,589690530
human,8,dense,82,5.60011,0.000913785,0.00106463,5.59982,6071234974,2 4 0 1 3 6 7 5 ,5.59982,3557915
human,8,dense,83,304.878,0.00112861,0.00099696,304.878,4399359599216,6 4 1 0 5 3 2 7 ,304.878,140539431
human,8,dense,84,166.14,0.00103102,0.00118345,166.14,193080825348,2 6 7 5 1 3 0 4 ,166.14,99341444
human,8,dense,87,1.90691,0.000916166,0.000881575,1.90667,344150688,2 0 1 4 5 6 3 7 ,1.90667,1882
human,8,dense,88,0.0293337,0.000784202,0.000539587,0.0292249,505341,3 1 5 6 2 4 7 0 ,0.0292249,58785
human,8,dense,89,574.05,0.000907864,0.000973606,574.05,97218668988,7 3 4 5 2 0 1 6 ,574.05,80163
human,8,dense,90,89.4227,0.000847951,0.0010676,89.4317,4898475720,mixed,89.4225,85180571
human,8,dense,92,0.0708841,0.00100362,0.000618031,0.0706606,78624,2 7 1 3 4 0 5 6 ,0.0706606,161766
human,8,dense,93,0.259214,0.000999163,0.000643933,0.259065,1142121672,3 4 5 6 0 1 2 7 ,0.259065,140662
human,8,dense,94,5.37252,0.00101954,0.00101566,5.37271,2429050893,mixed,5.37235,4060287
human,8,dense,95,0.00873002,0.0010688,0.000556899,0.00855498,2071842,5 4 1 0 6 7 2 3 ,0.00855498,5153
human,8,dense,99,336.871,0.00116126,0.000761761,336.871,14702411076,1 2 6 0 3 4 5 7 ,336.871,343807689
human,8,dense,100,86.3142,0.00102516,0.000544425,86.3139,5042060446,1 0 3 6 4 5 7 2 ,86.3139,94541688
human,8,sparse,1,2.70134,0.00109492,0.000956661,2.70115,96433430217,0 2 7 3 5 1 4 6 ,2.70115,1929241
human,8,sparse,3,0.0770139,0.00106177,0.000698394,0.076902,43585007400,2 7 5 6 1 0 3 4 ,0.076902,49024
human,8,sparse,4,0.114776,0.0011183,0.000661568,0.114674,1370571264,0 3 1 6 7 4 2 5 ,0.114674,99480
human,8,sparse,5,279.386,0.000942455,0.00180443,279.386,48596251770417,0 4 2 3 5 1 6 7 ,279.386,132050355
human,8,sparse,6,1.44786,0.00069211,0.000672626,1.44768,242424000,5 6 7 1 3 0 2 4 ,1.44768,6530
human,8,sparse,7,0.00148429,0.000754116,0.000463301,0.0013755,460139400,5 6 4 1 2 3 0 7 ,0.0013755,309
human,8,sparse,8,9.25871,0.00111265,0.00106969,9.25854,7035981381852,4 3 7 1 0 2 5 6 ,9.25854,2480110
human,8,sparse,9,22.2117,0.00111471,0.000759974,22.2114,931926099006,4 3 6 5 1 2 7 0 ,22.2114,10416341
human,8,sparse,11,27.2889,0.00109073,0.00135912,29.6914,373472838376,mixed,27.2886,11949931
human,8,sparse,12,140.054,0.000793992,0.000800296,140.054,29406390612,2 1 4 3 6 0 5 7 ,140.054,13436
human,8,sparse,14,2.48481,0.00101965,0.00069312,2.48459,59542474371,4 3 6 1 0 5 7 2 ,2.48459,1605317
human,8,sparse,15,0.774073,0.000947399,0.000702716,0.773924,3919024200,4 6 1 5 7 3 0 2 ,0.773924,588634
human,8,sparse,16,0.00068574,0.000923297,0.000485076,0.000595047,246240,1 2 5 0 4 3 7 6 ,0.000595047,190
human,8,sparse,20,13.6063,0.00132524,0.00158391,13.606,16564338974479,0 7 6 3 5 4 2 1 ,13.606,6648440
human,8,sparse,21,124.843,0.000772272,0.000917222,124.843,28558234344,7 6 5 2 3 1 0 4 ,124.843,1746
human,8,sparse,22,75.3474,0.00104583,0.00153912,75.3471,4027687084037,5 6 3 4 7 2 1 0 ,75.3471,38737297
human,8,sparse,23,0.0666998,0.000978572,0.000830795,0.0664766,4880538000,3 2 4 7 5 0 6 1 ,0.0664766,35732
human,8,sparse,24,8.82979,0.00122994,0.00261716,8.83017,6983275160382,mixed,8.8296,5292008
human,8,sparse,26,1.74013,0.00116388,0.00202788,1.74852,44730576260,mixed,1.73985,729763
human,8,sparse,27,0.402276,0.00108237,0.0014428,0.402543,2459334751,mixed,0.402062,237946
human,8,sparse,29,34.4869,0.0010506,0.00161848,34.4931,390134375499,mixed,34.4866,16335592
human,8,sparse,30,79.4184,0.00108921,0.00121267,79.4182,46866169392,1 6 0 2 4 5 3 7 ,79.4182,60178592
human,8,sparse,32,23.1381,0.00148452,0.00118662,23.1378,10168236660597,5 1 3 6 2 0 4 7 ,23.1378,13026274
human,8,sparse,34,113.841,0.00107858,0.00113536,113.845,22142048608,mixed,113.841,666326
human,8,sparse,37,0.0086261,0.00107393,0.0007366,0.00850756,16521165000,6 4 5 3 1 0 2 7 ,0.00850756,5817
human,8,sparse,38,27.7168,0.000922227,0.00135812,27.7166,6740868688860,4 6 3 5 0 7 2 1 ,27.7166,7199842
human,8,sparse,39,0.125128,0.0010878,0.000625427,0.124985,3597596128,3 1 0 5 4 2 7 6 ,0.124985,86927
human,8,sparse,40,0.0136804,0.000870398,0.000703078,0.0135674,231666000,2 3 1 6 5 4 0 7 ,0.0135674,7262
human,8,sparse,41,0.497334,0.00090163,0.000641855,0.497186,5208853121472,0 1 2 3 4 5 7 6 ,0.497186,233312
human,8,sparse,42,0.542913,0.0011144,0.000859362,0.542753,1753929210,2 5 4 3 6 1 0 7 ,0.542753,465927
human,8,sparse,43,2.47263,0.00098086,0.00114727,3.78625,120313092044,mixed,2.47237,2826414
human,8,sparse,44,17.4788,0.00162056,0.00200751,18.735,316132611893,mixed,17.4785,9147308
human,8,sparse,45,0.0182163,0.000805418,0.000579265,0.017975,235800,1 5 0 3 4 2 6 7 ,0.017975,5100
human,8,sparse,46,174.596,0.000860034,0.00075288,174.596,23207184000,3 5 1 7 2 0 6 4 ,174.596,398413
human,8,sparse,48,2.93165,0.00115202,0.000970038,2.93142,285078962,0 1 2 7 6 4 5 3 ,2.93142,2601865
human,8,sparse,49,0.11579,0.000860184,0.000706605,0.115527,1087834896,0 7 6 2 1 5 4 3 ,0.115527,57820
human,8,sparse,51,0.458737,0.00127476,0.000823849,0.45851,11773023074,1 0 2 4 7 3 6 5 ,0.45851,260606
human,8,sparse,52,13.31,0.00105749,0.000895246,13.3098,1663708413966,6 5 3 2 4 0 1 7 ,13.3098,8005848
human,8,sparse,53,17.2354,0.00142,0.00138372,19.2763,1013224592038,mixed,17.2351,9606786
human,8,sparse,54,0.0621556,0.00119875,0.000719673,0.0620324,22691566430,5 2 6 3 1 0 4 7 ,0.0620324,28400
human,8,sparse,55,249.325,0.000786836,0.00071118,249.325,56672424464,0 1 2 6 3 5 7 4 ,249.325,10270
human,8,sparse,58,2.26692,0.00103189,0.000893506,2.26679,1336301399640,2 5 7 3 1 4 6 0 ,2.26679,1129219
human,8,sparse,59,0.781652,0.00113711,0.00162116,0.781419,1400719451782,7 0 6 4 1 2 3 5 ,0.781419,355462
human,8,sparse,60,0.0605197,0.000696441,0.000694468,0.0604169,1333440,3 1 4 5 0 2 6 7 ,0.0604169,17901
human,8,sparse,61,0.00140766,0.00108412,0.000631142,0.00130694,318435,3 2 7 0 1 6 5 4 ,0.00130694,445
human,8,sparse,63,419.23,0.00117087,0.000908287,419.248,63349066776,mixed,419.229,288518
human,8,sparse,64,2.80774,0.000874941,0.00102211,2.8075,196871019231,0 3 1 5 6 2 4 7 ,2.8075,2314327
human,8,sparse,66,1.37762,0.00107883,0.00143603,1.37878,6508207271963,mixed,1.3774,762411
human,8,sparse,67,0.0226343,0.000960617,0.000589352,0.0224842,2463834624,3 5 2 0 1 6 4 7 ,0.0224842,9652
human,8,sparse,68,88.5079,0.000831421,0.00125178,88.5077,4640207560076,1 7 4 0 3 2 5 6 ,88.5077,38237938
human,8,sparse,69,0.00107349,0.000957616,0.000513687,0.000912605,681995520,0 3 4 2 7 1 5 6 ,0.000912605,280
human,8,sparse,70,52.1015,0.00116344,0.00223807,52.1021,11299598975920,mixed,52.1012,26049025
human,8,sparse,71,2.69334,0.0012544,0.00262433,2.69418,3266813584887,mixed,2.69314,987756
human,8,sparse,72,0.00206592,0.00107176,0.000601938,0.00197627,341760,5 3 2 6 4 7 1 0 ,0.00197627,2184
human,8,sparse,73,0.0797521,0.000999905,0.000516356,0.0795928,24356919012,2 6 3 5 4 1 7 0 ,0.0795928,36573
human,8,sparse,74,0.273279,0.00100783,0.00126728,0.323422,1989878990,mixed,0.273011,200870
human,8,sparse,75,2.66904,0.000901322,0.000697591,2.66887,133365084612,2 6 0 1 3 4 7 5 ,2.66887,1513527
human,8,sparse,76,227.597,0.000876242,0.000820003,227.597,51896345808,0 2 1 3 5 6 4 7 ,227.597,8020
human,8,sparse,77,0.733343,0.000938265,0.000706602,0.733172,182534345520,1 4 2 6 0 7 3 5 ,0.733172,452865
human,8,sparse,78,54.6754,0.00102334,0.00163596,54.711,32212075544266,mixed,54.6751,25204113
human,8,sparse,82,1.76906,0.000991844,0.0011373,1.76895,778979802850,2 4 1 6 3 5 0 7 ,1.76895,803426
human,8,sparse,85,241.491,0.00103365,0.00156665,241.49,406567787136571,0 6 3 7 2 4 1 5 ,241.49,92270428
human,8,sparse,86,216.439,0.00125242,0.00168208,216.438,126623344145783,3 6 1 2 4 7 5 0 ,216.438,59695139
human,8,sparse,87,27.1963,0.000814978,0.000929736,27.1961,49795092672,7 4 6 3 2 1 0 5 ,27.1961,879
human,8,sparse,88,0.0149416,0.00082125,0.000564058,0.0147783,7167186,3 6 5 1 7 2 4 0 ,0.0147783,10120
human,8,sparse,90,11.6361,0.000908906,0.00120445,11.6462,59364565344,mixed,11.6359,5783351
human,8,sparse,91,511.651,0.00142914,0.00184706,511.651,264386553043738,4 2 7 1 3 6 0 5 ,511.651,170738102
human,8,sparse,92,0.0782699,0.000807964,0.000708382,0.0781347,3902580,0 6 2 3 5 1 4 7 ,0.0781347,6314
human,8,sparse,93,0.0865686,0.000879642,0.000754126,0.0864106,15114669918,4 3 6 7 0 5 1 2 ,0.0864106,33730
human,8,sparse,94,87.3036,0.000886185,0.00142556,87.3332,12305634416,mixed,87.3031,202320
human,8,sparse,95,0.0126956,0.00121705,0.000672243,0.0124569,33295704,5 4 2 1 3 0 6 7 ,0.0124569,5340
human,8,sparse,98,42.5087,0.00119603,0.00125517,42.5085,3159443147572,1 7 4 5 0 6 2 3 ,42.5085,20851261
human,8,sparse,99,41.159,0.00129235,0.00161244,41.1588,920729454195,2 1 3 0 4 5 6 7 ,41.1588,16705123
human,8,sparse,100,0.241539,0.000972785,0.00106666,0.241327,64575102320,1 7 4 6 5 3 0 2 ,0.241327,133610
