dataset,query_size,query_mode,query_index,elapsed_execution_time,filter_time,plan_time,enumerate_time,n_embeddings,order,max_task_time,n_intersections
friendster,8,dense,1,0.323458,2.36194,0.000450625,1.69318,1594165.0,mixed,0.199991,442171
friendster,8,dense,2,0.415484,2.29289,0.000287464,5.7173,286105.0,mixed,0.0404059,1307526
friendster,8,dense,3,0.407503,2.4969,0.000246217,1.72799,32461.0,mixed,0.163803,498137
friendster,8,dense,4,0.255435,2.28783,0.000238248,1.44481,1749560.0,mixed,0.201966,307065
friendster,8,dense,5,0.36294,2.32243,0.000264314,1.62221,462068.0,mixed,0.200774,346311
friendster,8,dense,6,0.427214,2.38766,0.000377524,4.77902,1365246.0,mixed,0.0763399,869516
friendster,8,dense,7,0.268518,2.35997,0.000216128,1.76008,171972.0,mixed,0.200427,432085
friendster,8,dense,8,0.389131,2.55051,0.000236337,1.6828,5694.0,mixed,0.200605,724506
friendster,8,dense,9,0.34967,2.38079,0.000324446,2.1054,1207804.0,mixed,0.200706,701036
friendster,8,dense,10,0.486104,2.36858,0.000315503,6.40689,370374.0,mixed,0.201226,1122519
friendster,8,dense,11,0.194752,2.30845,0.000218066,0.861812,273913.0,mixed,0.176856,287312
friendster,8,dense,12,0.224521,2.24367,0.000243941,1.06989,3430026.0,mixed,0.200813,444723
friendster,8,dense,13,0.162988,2.37503,0.000226415,0.795211,368405.0,mixed,0.146233,292355
friendster,8,dense,14,0.403252,2.45068,0.000318373,5.79499,49677.0,mixed,0.130034,1531878
friendster,8,dense,15,0.379382,2.22358,0.000336498,4.6144,971412.0,mixed,0.170945,1806401
friendster,8,dense,16,0.35423,2.29261,0.00026604,2.53702,1659526.0,mixed,0.1753,522018
friendster,8,dense,17,0.316198,2.4203,0.000242455,1.50994,108009.0,mixed,0.201235,279467
friendster,8,dense,18,0.880927,2.33766,0.000259401,2.74714,28082863.0,mixed,0.212179,1148961
friendster,8,dense,19,0.154905,2.50549,0.00023957,0.801988,15638.0,mixed,0.141842,291138
friendster,8,dense,20,0.417771,2.37596,0.000258524,3.20252,247940.0,mixed,0.185697,791743
friendster,8,dense,21,0.186563,2.39745,0.000280297,0.819217,285552.0,mixed,0.164104,307942
friendster,8,dense,22,0.37808,2.42969,0.00043349,4.76864,91967.0,mixed,0.0261033,783323
friendster,8,dense,23,0.162243,2.46263,0.00024358,0.731783,228502.0,mixed,0.14489,257274
friendster,8,dense,24,0.355984,2.4517,0.000362619,1.37977,139149.0,mixed,0.183973,283472
friendster,8,dense,25,0.329855,2.3699,0.000209023,1.54521,300793.0,mixed,0.195574,331741
friendster,8,dense,26,0.191232,2.33649,0.000263104,0.760281,282658.0,mixed,0.176197,249194
friendster,8,dense,27,0.305373,2.40431,0.00023383,1.59522,103681.0,mixed,0.0956462,402587
friendster,8,dense,28,0.196938,2.30128,0.000254074,0.886342,1023576.0,mixed,0.170793,372632
friendster,8,dense,29,0.588282,2.38917,0.000455567,8.97136,49159.0,mixed,0.200591,1838242
friendster,8,dense,30,0.179754,2.32801,0.000235298,0.817018,259296.0,mixed,0.159359,296086
friendster,8,dense,31,0.380523,2.37691,0.000215165,3.25344,1027133.0,mixed,0.201658,686381
friendster,8,dense,32,0.1923,2.35338,0.000295856,0.822476,275009.0,mixed,0.169151,289254
friendster,8,dense,33,0.381966,2.32391,0.000319453,1.61301,416496.0,mixed,0.192922,388950
friendster,8,dense,34,0.278731,2.46927,0.000205476,1.07851,21142.0,mixed,0.182593,341583
friendster,8,dense,35,0.386829,2.47703,0.000239681,2.58374,147533.0,mixed,0.16675,653280
friendster,8,dense,36,0.19608,2.39365,0.000259278,0.877007,202011.0,mixed,0.175702,297539
friendster,8,dense,37,0.233323,2.33323,0.000228978,1.05503,870623.0,mixed,0.201557,617242
friendster,8,dense,38,0.314107,2.45705,0.000452239,1.3114,30002.0,mixed,0.200851,228500
friendster,8,dense,39,0.792116,2.34043,0.000387923,1.95606,11951630.0,mixed,0.211101,661723
friendster,8,dense,40,0.326069,2.41523,0.00028894,3.20297,185275.0,mixed,0.187751,511240
friendster,8,dense,41,0.199269,2.33116,0.00026403,0.883558,461608.0,mixed,0.1817,291704
friendster,8,dense,42,0.276749,2.32889,0.000360052,1.39856,1230616.0,mixed,0.12406,443090
friendster,8,dense,43,0.402622,2.39134,0.00032601,3.64095,243646.0,mixed,0.18825,703460
friendster,8,dense,44,0.313518,2.45381,0.000280741,1.06532,84836.0,mixed,0.0747821,200895
friendster,8,dense,45,0.347215,2.34626,0.000240822,1.4746,1196527.0,mixed,0.156051,436478
friendster,8,dense,46,0.389117,2.38143,0.00023866,1.88563,1300737.0,mixed,0.211583,595391
friendster,8,dense,47,0.196735,2.28455,0.000444875,0.884341,403398.0,mixed,0.172069,290032
friendster,8,dense,48,0.237255,2.28486,0.000427147,1.01695,290120.0,mixed,0.115343,318024
friendster,8,dense,49,0.301871,2.34992,0.00045445,1.65279,2287132.0,mixed,0.211609,470424
friendster,8,dense,50,0.23819,2.5246,0.000466231,1.22478,106245.0,mixed,0.200328,239408
friendster,8,dense,51,0.238112,2.37258,0.000480704,1.10435,1752169.0,mixed,0.157109,383075
friendster,8,dense,52,0.225876,2.42392,0.000235447,0.905147,185575.0,mixed,0.178299,245494
friendster,8,dense,53,0.188304,2.3623,0.00021644,0.949505,1151603.0,mixed,0.168207,347424
friendster,8,dense,54,0.313882,2.44616,0.000349788,1.90744,26606.0,mixed,0.198096,435796
friendster,8,dense,55,0.208182,2.38547,0.000337659,0.861285,331782.0,mixed,0.192853,296605
friendster,8,dense,56,0.177952,2.37667,0.000235876,0.905861,152054.0,mixed,0.159647,330990
friendster,8,dense,57,0.171196,2.36037,0.000228754,0.770932,351401.0,mixed,0.149983,296381
friendster,8,dense,58,0.315049,2.34974,0.000238103,1.16636,82161.0,mixed,0.200312,438269
friendster,8,dense,59,0.287858,2.46028,0.0002642,1.39076,49526.0,mixed,0.197145,424894
friendster,8,dense,60,0.159029,2.36641,0.000221381,0.813449,290072.0,mixed,0.142467,275049
friendster,8,dense,61,0.15135,2.5445,0.000242131,0.65922,8652.0,mixed,0.134782,225516
friendster,8,dense,62,0.325787,2.48809,0.000311736,0.988365,38856.0,mixed,0.175819,235062
friendster,8,dense,63,0.399209,2.29974,0.000267476,1.82649,307528.0,mixed,0.17903,582918
friendster,8,dense,64,0.334283,2.53358,0.000267767,1.4008,8902.0,mixed,0.192351,721156
friendster,8,dense,65,0.160916,2.52824,0.000291095,0.747174,78781.0,mixed,0.144245,248367
friendster,8,dense,66,0.173446,2.29041,0.000214009,0.788289,374813.0,mixed,0.155498,305471
friendster,8,dense,67,0.175328,2.40632,0.000233208,0.8426,37292.0,mixed,0.159331,320611
friendster,8,dense,68,0.17833,2.3462,0.000246571,0.833231,743362.0,mixed,0.160139,341235
friendster,8,dense,69,0.267619,2.28907,0.000475135,1.10729,959877.0,mixed,0.155946,440319
friendster,8,dense,70,0.154032,2.43329,0.000215383,0.671718,92345.0,mixed,0.131597,245619
friendster,8,dense,71,0.172129,2.30768,0.000201767,0.754535,345032.0,mixed,0.154687,288512
friendster,8,dense,72,0.308445,2.37392,0.000275775,1.41994,714325.0,mixed,0.184121,439077
friendster,8,dense,73,0.19537,2.40556,0.000258888,0.871855,270675.0,mixed,0.174799,310088
friendster,8,dense,74,0.222202,2.52996,0.000347968,0.943403,69500.0,mixed,0.200757,190285
friendster,8,dense,75,0.286645,2.33,0.000221832,1.58567,415280.0,mixed,0.201343,310228
friendster,8,dense,76,0.235087,2.42008,0.000425953,0.782141,673049.0,mixed,0.1416,269507
friendster,8,dense,77,0.17732,2.35987,0.000399845,0.821087,349246.0,mixed,0.157269,286175
friendster,8,dense,78,0.203408,2.34137,0.000213861,0.835316,741278.0,mixed,0.185403,284888
friendster,8,dense,79,0.146784,2.53684,0.000240384,0.784438,86893.0,mixed,0.130565,255666
friendster,8,dense,80,0.170973,2.31827,0.000226301,0.867248,278432.0,mixed,0.14999,290451
friendster,8,dense,81,0.372244,2.35538,0.000230187,1.52384,220490.0,mixed,0.164052,450669
friendster,8,dense,82,0.168019,2.35802,0.00032538,0.861314,413180.0,mixed,0.146774,306722
friendster,8,dense,83,0.204599,2.39206,0.000235286,0.833849,504928.0,mixed,0.183165,290018
friendster,8,dense,84,0.226123,2.26418,0.000227175,1.10814,3086807.0,mixed,0.200524,490801
friendster,8,dense,85,0.412242,2.46575,0.000418386,4.64257,71443.0,mixed,0.1412,730302
friendster,8,dense,86,0.232437,2.34815,0.000339736,1.0042,1114967.0,mixed,0.150848,332154
friendster,8,dense,87,0.315976,2.32545,0.000233704,1.42255,379846.0,mixed,0.175399,365927
friendster,8,dense,88,0.298736,2.46374,0.000229459,1.28068,254939.0,mixed,0.202054,297546
friendster,8,dense,89,0.14033,2.5113,0.000242061,0.694316,309939.0,mixed,0.126298,244351
friendster,8,dense,90,0.3285,2.39688,0.000292325,1.62657,358344.0,mixed,0.161981,356034
friendster,8,dense,91,0.291611,2.57234,0.0002557,1.05192,9806.0,mixed,0.15251,271222
friendster,8,dense,92,0.347423,2.36184,0.000260479,1.27011,1071882.0,mixed,0.0955774,407129
friendster,8,dense,93,0.360831,2.32766,0.000368085,1.54706,325753.0,mixed,0.0976529,349613
friendster,8,dense,94,0.316563,2.3606,0.00023905,2.78123,289111.0,mixed,0.14525,524305
friendster,8,dense,95,0.478871,2.36606,0.00036744,7.29487,219036.0,mixed,0.201238,1346663
friendster,8,dense,96,0.174252,2.40465,0.000343856,0.783841,59949.0,mixed,0.157833,260210
friendster,8,dense,97,0.366441,2.45405,0.000227962,4.8019,19775.0,mixed,0.0812923,1016397
friendster,8,dense,98,0.316029,2.45942,0.000324198,1.20454,121073.0,mixed,0.124523,364697
friendster,8,dense,99,0.326801,2.35133,0.000244563,1.42295,131968.0,mixed,0.200947,244363
friendster,8,dense,100,0.28428,2.27499,0.000262747,1.22496,2211249.0,mixed,0.202518,399726
friendster,8,sparse,1,90.2526,1.90528,0.000386837,2811.17,8305487305.0,mixed,2.34976,815605631
friendster,8,sparse,2,64.6834,2.01696,0.000305535,2033.15,6297510782.0,mixed,3.49016,633696298
friendster,8,sparse,3,77.9189,2.03284,0.000248747,2418.16,7232393137.0,mixed,1.19092,806369371
friendster,8,sparse,4,0.31066,2.41798,0.000513322,1.91078,10758.0,mixed,0.148954,440090
friendster,8,sparse,5,51.5898,1.94127,0.000275605,1608.22,4895401545.0,mixed,0.966374,499122534
friendster,8,sparse,6,60.4572,1.88971,0.00020549,1906.47,5920402403.0,mixed,1.61243,352385036
friendster,8,sparse,7,94.2304,1.94527,0.000465645,2963.69,9894027731.0,mixed,1.31468,600381824
friendster,8,sparse,8,0.198544,2.37277,0.000271945,0.862004,172298.0,mixed,0.182765,316027
friendster,8,sparse,9,204.733,1.90376,0.000356011,6500.2,20091400655.0,mixed,4.46273,1360683633
friendster,8,sparse,10,103.502,1.90076,0.000377036,3273.24,9679643562.0,mixed,1.70072,600178363
friendster,8,sparse,11,36.5213,1.93225,0.00023196,1087.6,3567336283.0,mixed,0.49627,350659889
friendster,8,sparse,12,0.745111,2.40679,0.000505587,9.41143,29443.0,mixed,0.036691,2818109
friendster,8,sparse,13,276.78,1.95448,0.000320014,8799.8,28176847450.0,mixed,10.7334,1177606786
friendster,8,sparse,14,0.317219,2.34487,0.000288568,1.07537,158121.0,mixed,0.200937,414656
friendster,8,sparse,15,32.6715,1.94044,0.000279317,1016.47,2761583193.0,mixed,1.18399,249238138
friendster,8,sparse,16,35.2334,1.95832,0.000243759,1077.65,3047156636.0,mixed,2.99825,200512834
friendster,8,sparse,17,28.7485,1.98232,0.000230138,854.29,2295417796.0,mixed,1.68007,245806450
friendster,8,sparse,18,175.711,1.91538,0.000235453,5532.8,14590264428.0,mixed,9.13531,1428119959
friendster,8,sparse,19,41.9435,1.91397,0.000357776,1281.06,3931724398.0,mixed,2.71414,381207093
friendster,8,sparse,20,50.9833,1.89864,0.000219106,1584.68,4578759693.0,mixed,1.37508,454814002
friendster,8,sparse,21,40.5797,1.93269,0.000251441,1273.79,3650217124.0,mixed,1.78055,372553471
friendster,8,sparse,22,0.273024,2.34078,0.000251202,1.41433,189634.0,mixed,0.200521,847340
friendster,8,sparse,23,182.556,1.93164,0.000416972,5815.45,19115475317.0,mixed,3.33164,745661171
friendster,8,sparse,24,73.3762,1.93823,0.000325046,2298.68,7023190137.0,mixed,1.34084,675577395
friendster,8,sparse,25,0.300003,2.3415,0.000266915,1.25543,79400.0,mixed,0.11814,327082
friendster,8,sparse,26,98.7929,1.96269,0.00038809,3120.4,9634744509.0,mixed,5.71556,581331941
friendster,8,sparse,27,84.2923,1.95658,0.000219809,2657.57,7817666476.0,mixed,1.98865,799964994
friendster,8,sparse,28,108.68,1.91054,0.00041942,3432.87,9617468563.0,mixed,2.98943,621576624
friendster,8,sparse,29,51.2846,1.96422,0.000218467,1610.87,5035403215.0,mixed,1.6689,489126968
friendster,8,sparse,30,58.3475,1.9221,0.000216168,1830.51,5402895859.0,mixed,4.0065,567290639
friendster,8,sparse,31,95.3485,1.88118,0.000206047,3003.84,9017203579.0,mixed,4.003,878820940
friendster,8,sparse,32,36.3302,1.99053,0.000236077,1123.33,3290066466.0,mixed,0.833105,333480473
friendster,8,sparse,33,129.919,1.98904,0.000211778,4119.3,11498330873.0,mixed,3.63355,1160272367
friendster,8,sparse,34,389.174,1.91499,0.000281978,12384.8,38012840306.0,mixed,8.40403,2869551421
friendster,8,sparse,35,0.236276,2.4049,0.000321688,1.11048,272995.0,mixed,0.200911,378622
friendster,8,sparse,36,232.72,1.86758,0.000218246,7389.77,22324303230.0,mixed,5.56605,1492145871
friendster,8,sparse,37,86.1659,1.91313,0.000207496,2722.7,7867418929.0,mixed,1.99054,780925858
friendster,8,sparse,38,38.7213,1.97364,0.000193938,1169.25,3350828901.0,mixed,1.42858,360624287
friendster,8,sparse,39,91.6503,1.93594,0.000218464,2904.39,8532680630.0,mixed,2.74308,879099795
friendster,8,sparse,40,123.197,1.89475,0.000235188,3905.45,13175656239.0,mixed,4.30112,602633543
friendster,8,sparse,41,0.389099,2.32192,0.000253833,2.09523,124111.0,mixed,0.157089,663924
friendster,8,sparse,42,33.5257,1.89365,0.000229554,1030.42,3063615122.0,mixed,2.43596,322622020
friendster,8,sparse,43,0.595406,2.40801,0.000260423,7.07494,61209.0,mixed,0.180653,1869382
friendster,8,sparse,44,59.3661,1.93593,0.00021232,1865.37,5465557104.0,mixed,2.7133,570984130
friendster,8,sparse,45,47.8983,1.94851,0.000241285,1498.92,4442951602.0,mixed,3.0918,433677226
friendster,8,sparse,46,0.29038,2.41568,0.000243193,0.768786,61428.0,mixed,0.160618,320319
friendster,8,sparse,47,27.0372,2.02163,0.000325308,834.881,2513276371.0,mixed,1.25093,251199352
friendster,8,sparse,48,52.7205,1.88346,0.000339211,1646.89,4835655228.0,mixed,2.53265,494076799
friendster,8,sparse,49,345.501,2.00572,0.000195147,11032.2,34491705158.0,mixed,5.75327,1568058852
friendster,8,sparse,50,151.625,1.94753,0.000261649,4818.38,12625212231.0,mixed,3.41476,1348637042
friendster,8,sparse,51,112.948,1.99177,0.000243566,3555.1,9516097247.0,mixed,2.75958,930604390
friendster,8,sparse,52,45.017,2.02579,0.000227797,1403.98,4269618675.0,mixed,1.09083,374963913
friendster,8,sparse,53,52.3916,1.87042,0.000226215,1632.64,5274609610.0,mixed,1.07644,337888844
friendster,8,sparse,54,411.773,1.89526,0.000222467,13130.1,42089707105.0,mixed,7.79496,2969613733
friendster,8,sparse,55,83.6828,1.9648,0.000235925,2635.68,7461837490.0,mixed,2.79513,433962972
friendster,8,sparse,56,2.30925,2.04346,0.000265246,60.608,106854899.0,mixed,0.26319,13733678
friendster,8,sparse,57,31.5298,1.98117,0.000206057,974.061,2853984172.0,mixed,3.03591,300012542
friendster,8,sparse,58,47.1231,2.04157,0.000238392,1465.9,4691884784.0,mixed,5.34038,307675033
friendster,8,sparse,59,4.34061,2.06437,0.000360197,112.703,345003105.0,mixed,0.245703,23529371
friendster,8,sparse,60,24.7913,2.01612,0.000219718,752.853,1279495258.0,mixed,2.24774,154715246
friendster,8,sparse,61,146.654,1.92013,0.00024591,4635.97,13573107915.0,mixed,3.96228,1430210778
friendster,8,sparse,62,30.6687,1.96585,0.000211741,940.558,2729754499.0,mixed,2.96301,303113293
friendster,8,sparse,63,0.544533,2.47228,0.000228552,7.64906,4106.0,mixed,0.0577177,2113656
friendster,8,sparse,64,0.180144,2.35233,0.000267024,0.808587,84508.0,mixed,0.163835,304705
friendster,8,sparse,66,82.9599,1.96802,0.000233679,2614.22,8226417643.0,mixed,1.3736,532688078
friendster,8,sparse,67,162.727,1.94816,0.000216804,5158.8,15740878868.0,mixed,4.10796,1506243214
friendster,8,sparse,68,31.6313,1.93539,0.000235419,989.629,3088668564.0,mixed,2.04538,283723598
friendster,8,sparse,69,156.668,1.95641,0.000223348,4956.71,13344378963.0,mixed,6.41719,1328808898
friendster,8,sparse,70,26.4939,1.92208,0.000213764,821.48,2385104873.0,mixed,1.73582,254686791
friendster,8,sparse,71,106.655,1.96372,0.000224738,3381.26,10175634633.0,mixed,1.85734,614122567
friendster,8,sparse,72,1.62952,2.06481,0.000284648,41.8291,116988793.0,mixed,0.229211,13708869
friendster,8,sparse,73,48.6599,2.00018,0.000243134,1500.04,4543529644.0,mixed,1.17022,457199162
friendster,8,sparse,74,58.0216,1.934,0.000384322,1821.8,5152885987.0,mixed,2.06213,499696885
friendster,8,sparse,75,39.7692,1.97421,0.000236189,1221.83,3705321004.0,mixed,0.85645,356858979
friendster,8,sparse,76,284.801,1.92226,0.000359442,9021.83,26917502049.0,mixed,4.66781,2794842978
friendster,8,sparse,77,60.0144,1.99924,0.000370096,1873.14,5582987401.0,mixed,2.46564,602813860
friendster,8,sparse,78,116.151,1.94789,0.000228063,3671.84,10934202388.0,mixed,2.0421,1065522475
friendster,8,sparse,79,56.3231,1.92141,0.00040348,1748.55,5839504920.0,mixed,2.77963,352861327
friendster,8,sparse,80,493.18,1.94375,0.000402753,15702.5,47373798340.0,mixed,7.92516,3344514516
friendster,8,sparse,81,21.1937,2.01018,0.000249312,637.242,1901870853.0,mixed,0.527194,188924551
friendster,8,sparse,82,95.6777,1.9086,0.000218823,3020.71,9104751287.0,mixed,2.07634,911547019
friendster,8,sparse,83,55.6169,1.98323,0.000248086,1730.32,5351567460.0,mixed,0.935493,352204238
friendster,8,sparse,84,0.39269,2.43678,0.000283965,4.15019,120916.0,mixed,0.152721,830968
friendster,8,sparse,85,0.178837,2.32318,0.000275457,0.766852,23636.0,mixed,0.159928,290073
friendster,8,sparse,86,46.8529,1.96138,0.000236058,1476.88,4189923659.0,mixed,3.73612,423665492
friendster,8,sparse,87,94.3413,1.88424,0.000228109,2986.04,9040534307.0,mixed,3.52757,532062202
friendster,8,sparse,88,62.6972,1.94162,0.000276468,1975.12,5587252534.0,mixed,1.19937,572397021
friendster,8,sparse,89,0.440265,2.38938,0.000263715,1.67734,32358.0,mixed,0.149372,587509
friendster,8,sparse,90,33.4027,1.98362,0.000328921,1015.96,3079531251.0,mixed,2.80929,304476536
friendster,8,sparse,92,29.6012,1.9731,0.000242495,917.366,2579431110.0,mixed,3.86058,279829930
friendster,8,sparse,93,39.4235,2.07704,0.000249135,1220.23,3273856106.0,mixed,3.72792,334343459
friendster,8,sparse,94,36.6198,1.9475,0.000235134,1103.42,3419998033.0,mixed,1.08836,231568174
friendster,8,sparse,95,113.891,1.97075,0.000365558,3581.13,10165745945.0,mixed,2.59302,1037708818
friendster,8,sparse,96,43.3115,1.96373,0.000362224,1368.91,4014895041.0,mixed,1.90085,412403459
friendster,8,sparse,97,213.905,1.85692,0.000211905,6824.33,19630885352.0,mixed,3.49532,675095702
friendster,8,sparse,98,283.304,1.86416,0.000266862,9007.94,26975529015.0,mixed,5.58462,2890505041
friendster,8,sparse,99,15.8774,2.03002,0.000213711,455.85,1363293488.0,mixed,0.575362,144470773
friendster,8,sparse,100,194.6,1.86492,0.000219162,6207.29,16997377720.0,mixed,10.996,1137481022
