dataset,query_size,query_mode,query_index,elapsed_execution_time,filter_time,plan_time,enumerate_time,n_embeddings,order,max_task_time,n_intersections
orkut,16,dense,1,0.41795,0.361261,0.119346,1.84984,7602870.0,mixed,0.392316,2272654
orkut,16,dense,2,1.13058,0.359141,0.149067,8.07364,2968326.0,mixed,0.208927,14547639
orkut,16,dense,3,638.966,0.33539,0.105341,20420.9,77100078326.0,mixed,386.919,356973767
orkut,16,dense,4,1747.05,0.323776,0.11494,55710.4,169942725060.0,mixed,735.473,4530797809
orkut,16,dense,5,1.00932,0.314398,0.103424,5.64248,27764909.0,mixed,0.203935,8328940
orkut,16,dense,6,7.09019,0.334202,0.140928,164.643,746802130.0,mixed,2.14131,7930021
orkut,16,dense,7,0.722479,0.38788,0.120303,1.51421,1354086.0,mixed,0.173479,2240786
orkut,16,dense,8,209.039,0.322842,0.117303,6621.89,20708459378.0,mixed,140.865,1311000695
orkut,16,dense,9,3.77445,0.348733,0.117518,94.9048,384906234.0,mixed,1.17472,3759547
orkut,16,dense,11,1294.04,0.3289,0.105421,41390.7,110883781280.0,mixed,750.546,682583165
orkut,16,dense,12,63.4141,0.345642,0.088151,2002.78,6917432328.0,mixed,38.505,78690249
orkut,16,dense,14,1.52649,0.361918,0.101102,28.6492,138786763.0,mixed,0.697146,5150646
orkut,16,dense,15,1174.9,0.310394,0.114101,37557.7,136557401855.0,mixed,752.342,788951569
orkut,16,dense,16,1.96773,0.356949,0.116596,27.9311,3665905.0,mixed,0.661145,45743272
orkut,16,dense,17,14.2908,0.341194,0.127629,345.6,33792309.0,mixed,3.73278,651573062
orkut,16,dense,18,2.22049,0.345927,0.136329,31.0113,143467995.0,mixed,0.510287,6328543
orkut,16,dense,19,0.470891,0.365293,0.15619,1.95778,1202332.0,mixed,0.20376,3804515
orkut,16,dense,20,0.400485,0.386854,0.104624,1.0974,299714.0,mixed,0.203347,2976494
orkut,16,dense,21,1.70572,0.310052,0.12172,14.4649,95665742.0,mixed,0.207031,13181425
orkut,16,dense,22,150.311,0.313526,0.11357,4776.18,5411824086.0,mixed,92.7412,198963303
orkut,16,dense,23,1.23039,0.352762,0.110242,7.62281,31852713.0,mixed,0.410277,11274239
orkut,16,dense,24,11.4524,0.340725,0.11984,342.892,1234487712.0,mixed,6.51865,62785537
orkut,16,dense,25,1.02896,0.30312,0.163353,10.319,15964698.0,mixed,0.221606,14428342
orkut,16,dense,26,4.29659,0.374075,0.119318,94.5611,337822668.0,mixed,3.00665,47579961
orkut,16,dense,27,0.218431,0.395337,0.127041,0.113004,10216.0,mixed,0.0343264,226549
orkut,16,dense,28,1.49985,0.372764,0.113315,11.8058,62779549.0,mixed,0.20773,13771950
orkut,16,dense,29,1.1484,0.367393,0.125039,9.70126,6708943.0,mixed,0.206069,17442638
orkut,16,dense,30,0.786445,0.32825,0.112433,2.3254,14456010.0,mixed,0.261803,3917706
orkut,16,dense,31,0.214741,0.380601,0.109545,0.465716,434018.0,mixed,0.202137,961392
orkut,16,dense,32,1.32956,0.294047,0.120577,23.6524,83090044.0,mixed,0.296294,18177896
orkut,16,dense,33,69.8328,0.356227,0.153095,1289.96,601606534.0,mixed,22.5483,1178349731
orkut,16,dense,34,1.03429,0.363357,0.124295,5.46587,57278534.0,mixed,0.424089,2735672
orkut,16,dense,35,0.520834,0.296448,0.113502,2.28635,7080935.0,mixed,0.204066,3525936
orkut,16,dense,36,10.6063,0.36292,0.125158,193.192,485290465.0,mixed,2.12994,130571000
orkut,16,dense,37,0.239935,0.38064,0.100373,0.327378,832352.0,mixed,0.176222,510667
orkut,16,dense,38,43.6491,0.350628,0.111893,1258.63,4822065396.0,mixed,33.0815,131453131
orkut,16,dense,39,1459.5,0.324823,0.0954876,46649.7,155950122627.0,mixed,531.692,300325596
orkut,16,dense,40,4.58865,0.32568,0.127808,44.527,311398540.0,mixed,0.405232,13423923
orkut,16,dense,41,5.68738,0.380987,0.143084,70.5243,25808032.0,mixed,1.35274,60877068
orkut,16,dense,42,58.3413,0.376604,0.112538,1797.26,5415906584.0,mixed,18.1196,398310841
orkut,16,dense,43,0.643497,0.354108,0.12837,1.13377,288811.0,mixed,0.238713,2119089
orkut,16,dense,44,2.51944,0.391592,0.122278,31.5843,35142250.0,mixed,0.42148,38862501
orkut,16,dense,45,1.2243,0.387624,0.140924,19.3005,8860679.0,mixed,0.247167,22590320
orkut,16,dense,46,8.11961,0.346723,0.119342,220.445,852896630.0,mixed,5.3568,23840564
orkut,16,dense,49,0.310717,0.333103,0.104502,0.785371,3327057.0,mixed,0.203952,1479433
orkut,16,dense,50,2.28137,0.387835,0.121871,38.7692,14732073.0,mixed,0.273448,71557482
orkut,16,dense,52,0.66461,0.373079,0.131711,1.96159,15037122.0,mixed,0.411251,2187505
orkut,16,dense,53,6.33998,0.320705,0.111993,134.633,112904317.0,mixed,1.054,169689726
orkut,16,dense,54,1.4936,0.395731,0.103432,6.29903,13519204.0,mixed,0.223261,9351019
orkut,16,dense,55,1.13865,0.387754,0.113145,7.50773,24817256.0,mixed,0.204478,11971748
orkut,16,dense,56,4.35089,0.375274,0.144994,77.0319,91336654.0,mixed,0.796739,93511632
orkut,16,dense,57,1.31575,0.352772,0.114089,14.1885,32050942.0,mixed,0.75936,17080332
orkut,16,dense,58,1.16984,0.363114,0.101447,10.4345,54380716.0,mixed,0.205139,10983367
orkut,16,dense,59,0.296097,0.369162,0.121898,0.764741,1367171.0,mixed,0.202155,1691807
orkut,16,dense,60,2.21207,0.30942,0.129606,48.8891,193429354.0,mixed,0.50501,22363795
orkut,16,dense,61,1583.72,0.33296,0.109658,50644.6,174025677113.0,mixed,1174.98,1115054857
orkut,16,dense,62,66.8546,0.295462,0.124458,2016.69,6937261237.0,mixed,58.4151,120051634
orkut,16,dense,63,697.138,0.341188,0.0995111,22238.5,79789383632.0,mixed,301.312,298389347
orkut,16,dense,64,2.91108,0.355096,0.0886841,48.3369,243674595.0,mixed,0.566354,10222744
orkut,16,dense,65,0.538262,0.362854,0.124156,1.29667,2225588.0,mixed,0.202274,1532818
orkut,16,dense,66,92.1119,0.276566,0.111745,2841.14,10601349670.0,mixed,35.7756,77845252
orkut,16,dense,67,1767.37,0.339595,0.110853,55693.2,189004689841.0,mixed,1363.8,10389293943
orkut,16,dense,68,22.6375,0.363917,0.146211,602.574,2439211818.0,mixed,16.3129,80917269
orkut,16,dense,69,5.24026,0.338542,0.133348,89.9674,57704418.0,mixed,1.18517,161287663
orkut,16,dense,70,2.56695,0.300724,0.128725,61.4347,243840966.0,mixed,1.64361,14803699
orkut,16,dense,71,5.26186,0.35245,0.105463,127.671,585336695.0,mixed,4.02588,3101982
orkut,16,dense,72,2.14667,0.370839,0.119182,23.4515,118951155.0,mixed,0.271336,9154270
orkut,16,dense,74,2.81795,0.353172,0.105448,54.1474,218699561.0,mixed,0.77495,7478453
orkut,16,dense,75,3.46074,0.344326,0.113207,91.9032,347241836.0,mixed,1.81733,7646466
orkut,16,dense,76,10.0295,0.327606,0.117481,302.554,1035136142.0,mixed,6.85017,17240761
orkut,16,dense,77,1.31539,0.289622,0.109169,27.7793,115510647.0,mixed,0.783926,2422240
orkut,16,dense,78,176.238,0.290186,0.124063,5537.27,19794301570.0,mixed,121.606,419723173
orkut,16,dense,79,1.83062,0.361243,0.124338,19.7204,122478786.0,mixed,0.458852,12115184
orkut,16,dense,80,1.81025,0.353124,0.122837,13.1399,118077508.0,mixed,0.408321,4352446
orkut,16,dense,81,1.04284,0.353702,0.139472,3.95937,14049127.0,mixed,0.245766,6437905
orkut,16,dense,82,1.00003,0.388385,0.127111,4.78754,651219.0,mixed,0.299847,6742012
orkut,16,dense,83,3.60575,0.327189,0.176535,37.5348,1436581.0,mixed,0.501313,39542240
orkut,16,dense,84,1.42129,0.338481,0.109445,19.8986,105251584.0,mixed,0.798299,5125057
orkut,16,dense,85,0.619196,0.352244,0.128028,2.22911,19057520.0,mixed,0.209926,2113638
orkut,16,dense,86,12.4443,0.372795,0.0975367,314.724,1305579892.0,mixed,6.53869,17629278
orkut,16,dense,87,1.72157,0.36771,0.129703,16.9364,17952464.0,mixed,0.225464,18944742
orkut,16,dense,88,8.65812,0.394558,0.118118,115.46,563943.0,mixed,1.51914,101518140
orkut,16,dense,89,1.39963,0.370625,0.12142,22.036,74146719.0,mixed,0.295231,17541969
orkut,16,dense,90,15.3394,0.334041,0.1467,293.55,20068542.0,mixed,5.93003,282756040
orkut,16,dense,91,6.1559,0.318828,0.147618,96.0385,305083100.0,mixed,1.68796,57901849
orkut,16,dense,92,102.303,0.34884,0.0925221,3202.98,11304580974.0,mixed,42.7632,129229350
orkut,16,dense,93,0.788024,0.376477,0.114711,1.58008,1747074.0,mixed,0.203395,2593438
orkut,16,dense,94,0.328767,0.379798,0.107649,1.01364,1159071.0,mixed,0.20412,1368060
orkut,16,dense,95,0.869117,0.342044,0.127698,6.72569,49574879.0,mixed,0.404706,2397619
orkut,16,dense,97,3.71968,0.352539,0.149405,93.7235,326661189.0,mixed,2.16705,10283409
orkut,16,dense,98,0.74346,0.382619,0.11335,4.49262,18410528.0,mixed,0.21114,6252689
orkut,16,dense,99,0.653513,0.302583,0.120965,4.04573,18762449.0,mixed,0.396054,4972032
orkut,16,dense,100,61.4445,0.355737,0.143875,1201.77,228960.0,mixed,26.6591,321614330
orkut,16,sparse,1,2.54795,0.314815,0.126114,54.7052,217527644.0,mixed,1.97419,10239961
orkut,16,sparse,3,766.278,0.281354,0.146942,19034.3,73955784939.0,mixed,304.567,1026772109
orkut,16,sparse,4,36.5279,0.341587,0.114774,1143.06,4099594861.0,mixed,27.7868,72355750
orkut,16,sparse,5,136.634,0.327196,0.124752,2275.46,3751947937.0,mixed,72.7567,1307990518
orkut,16,sparse,6,15.5531,0.333806,0.157181,403.441,1694574037.0,mixed,7.32544,38031692
orkut,16,sparse,7,24.383,0.345595,0.144283,458.546,1767547023.0,mixed,6.19734,143434576
orkut,16,sparse,10,1452.03,0.318804,0.12687,46419.5,157594527862.0,mixed,566.431,9534096630
orkut,16,sparse,11,82.7555,0.322137,0.121177,2601.39,9676386213.0,mixed,70.6133,36809277
orkut,16,sparse,12,22.241,0.325948,0.153252,326.034,28307466.0,mixed,4.90309,220899876
orkut,16,sparse,13,567.0,0.378456,0.117668,18010.0,63954121439.0,mixed,281.729,435527053
orkut,16,sparse,16,877.801,0.323564,0.124002,27595.6,84229135996.0,mixed,448.933,4642906725
orkut,16,sparse,17,758.51,0.331331,0.126214,24192.5,86464009551.0,mixed,343.436,804410798
orkut,16,sparse,19,629.984,0.351086,0.141975,20064.8,70929759678.0,mixed,346.384,526106710
orkut,16,sparse,20,39.6353,0.296191,0.137357,1079.25,3852067812.0,mixed,26.5465,231351585
orkut,16,sparse,22,1358.58,0.334188,0.122339,43162.1,143835981606.0,mixed,1056.99,4667037248
orkut,16,sparse,23,5.95049,0.377536,0.143218,130.115,484462789.0,mixed,1.54849,55269896
orkut,16,sparse,25,216.168,0.376406,0.148913,6479.3,20281032020.0,mixed,40.7176,2389001345
orkut,16,sparse,26,329.993,0.311592,0.169042,8234.29,1687597138.0,mixed,65.2368,8754873597
orkut,16,sparse,30,191.786,0.263801,0.164281,4936.03,16176055399.0,mixed,34.6073,1753839637
orkut,16,sparse,31,121.888,0.335162,0.119403,3851.47,11110949943.0,mixed,53.8036,690139003
orkut,16,sparse,32,654.817,0.318987,0.136794,20752.0,74923600131.0,mixed,438.34,445022899
orkut,16,sparse,34,7.51571,0.326513,0.129761,149.512,661550119.0,mixed,6.90806,21408160
orkut,16,sparse,35,9.64968,0.338987,0.113459,270.482,1030560415.0,mixed,3.47407,61038045
orkut,16,sparse,37,7.64137,0.339554,0.0990347,219.297,843704354.0,mixed,3.24505,24581054
orkut,16,sparse,39,736.773,0.38449,0.117906,23551.1,81511539401.0,mixed,328.951,5622992903
orkut,16,sparse,42,3.42753,0.369145,0.165296,64.8675,306106016.0,mixed,1.26583,5873656
orkut,16,sparse,43,319.429,0.346721,0.1435,8636.39,33257427981.0,mixed,179.899,418166519
orkut,16,sparse,44,159.345,0.267012,0.150862,4150.26,13126727898.0,mixed,80.8205,260743184
orkut,16,sparse,46,210.73,0.328607,0.127631,6272.55,20855429220.0,mixed,101.138,892672395
orkut,16,sparse,49,25.1519,0.341177,0.128215,715.358,2460630054.0,mixed,7.40449,181770533
orkut,16,sparse,51,37.0941,0.317532,0.118967,1095.75,4069293590.0,mixed,21.323,35501013
orkut,16,sparse,52,40.8017,0.30155,0.127594,1260.58,3725492878.0,mixed,26.809,216378924
orkut,16,sparse,53,160.881,0.32706,0.179195,2215.02,10291902350.0,mixed,48.6243,87885243
orkut,16,sparse,54,108.91,0.293884,0.158798,3241.23,11190776898.0,mixed,20.2867,1003638257
orkut,16,sparse,55,1376.38,0.296901,0.127466,44008.5,155861322997.0,mixed,1110.22,595424275
orkut,16,sparse,58,623.014,0.356286,0.104408,19864.8,68573936571.0,mixed,303.895,1868366131
orkut,16,sparse,59,23.48,0.33121,0.111276,734.014,2566248029.0,mixed,12.8524,57062827
orkut,16,sparse,62,18.9144,0.340397,0.124583,569.525,2096707731.0,mixed,12.7585,19900395
orkut,16,sparse,63,326.016,0.289994,0.115773,10396.9,34970596066.0,mixed,190.93,348019885
orkut,16,sparse,64,693.605,0.342557,0.161214,21194.0,74952478645.0,mixed,204.613,921403550
orkut,16,sparse,65,1569.42,0.319027,0.147421,44492.8,160439434737.0,mixed,886.32,4744445248
orkut,16,sparse,66,2.11503,0.386288,0.116947,37.8534,180409306.0,mixed,0.759532,7563229
orkut,16,sparse,68,2.46452,0.339823,0.141372,33.0426,104330332.0,mixed,0.757537,19696648
orkut,16,sparse,71,12.4327,0.307481,0.124202,365.612,1102425000.0,mixed,6.07724,54966621
orkut,16,sparse,74,237.428,0.307863,0.1393,7337.31,27756626209.0,mixed,94.3409,314729861
orkut,16,sparse,75,93.9347,0.306388,0.131266,2743.57,10120860217.0,mixed,68.3377,244765000
orkut,16,sparse,77,688.391,0.320985,0.126719,21762.9,60720932028.0,mixed,329.416,3797266843
orkut,16,sparse,78,21.1135,0.378747,0.112759,630.451,2188970856.0,mixed,11.023,83030613
orkut,16,sparse,79,113.525,0.310989,0.118113,3579.37,11213333066.0,mixed,57.6712,754778154
orkut,16,sparse,81,309.096,0.341551,0.116422,9799.69,33857575736.0,mixed,132.088,376249317
orkut,16,sparse,82,12.8548,0.319318,0.151202,304.117,1191177037.0,mixed,5.15319,76687518
orkut,16,sparse,84,2.68043,0.339659,0.167613,61.0888,61451660.0,mixed,0.638107,29053414
orkut,16,sparse,85,1064.37,0.318787,0.132556,33980.0,121286820181.0,mixed,835.767,932692875
orkut,16,sparse,87,15.7292,0.366088,0.192186,396.589,459663607.0,mixed,3.41728,280587229
orkut,16,sparse,88,94.05,0.327289,0.143692,1340.06,584779833.0,mixed,9.24549,931325389
orkut,16,sparse,90,380.083,0.32662,0.119866,11793.7,44817346912.0,mixed,222.885,329721690
orkut,16,sparse,91,16.738,0.374371,0.12669,179.393,139938897.0,mixed,3.5294,128849778
orkut,16,sparse,93,96.9717,0.339876,0.126564,3047.06,8965456558.0,mixed,61.0307,569071792
orkut,16,sparse,94,1.28789,0.38365,0.122746,13.0173,63760154.0,mixed,0.407767,9703422
orkut,16,sparse,95,1770.86,0.2305,0.134853,56561.5,186961786487.0,mixed,1094.6,3479757681
orkut,16,sparse,96,137.183,0.307554,0.118528,4174.21,14988898760.0,mixed,81.2695,239022725
orkut,16,sparse,97,255.758,0.284936,0.165253,8015.39,27508835743.0,mixed,110.612,707474100
orkut,16,sparse,98,20.0118,0.328097,0.144521,537.916,1704148457.0,mixed,7.84118,434326477
