dataset,query_size,query_mode,query_index,elapsed_execution_time,filter_time,plan_time,enumerate_time,n_embeddings,order,max_task_time,n_intersections
orkut,12,dense,1,0.701285,0.868629,0.000478555,2.50486,6164009.0,mixed,0.40863,2156905
orkut,12,dense,2,15.5078,0.788022,0.00025263,469.13,1779145475.0,mixed,7.34529,22684492
orkut,12,dense,3,159.242,0.828467,0.000236002,4980.33,18313414884.0,mixed,89.9699,207453543
orkut,12,dense,4,0.263486,0.815379,0.000187874,0.464757,4722778.0,mixed,0.136158,682924
orkut,12,dense,5,0.205643,0.866433,0.000307809,0.519382,1823651.0,mixed,0.201109,720403
orkut,12,dense,6,6.11345,0.850992,0.000303099,140.994,638121960.0,mixed,2.91261,3470700
orkut,12,dense,7,0.503249,0.811243,0.000433735,1.12672,15314284.0,mixed,0.27284,711617
orkut,12,dense,8,0.712982,0.910074,0.000228716,2.89083,587414.0,mixed,0.256262,3401990
orkut,12,dense,9,0.139634,0.899795,0.000196535,0.220053,785975.0,mixed,0.13696,383680
orkut,12,dense,10,3.13793,0.84293,0.000226688,8.76482,104141578.0,mixed,0.266432,1980376
orkut,12,dense,11,0.22057,0.846747,0.000217399,0.663295,1309209.0,mixed,0.200988,1134406
orkut,12,dense,12,0.408214,0.835438,0.000203357,0.613297,8899324.0,mixed,0.205822,682229
orkut,12,dense,13,0.233177,0.914971,0.000170722,0.209675,241168.0,mixed,0.0565051,424994
orkut,12,dense,14,11.3909,0.849686,0.000287546,331.805,1153864655.0,mixed,7.76487,8978046
orkut,12,dense,15,0.281393,0.900262,0.000227814,0.767498,1602724.0,mixed,0.20233,1111331
orkut,12,dense,16,1.00657,0.858391,0.0002214,3.13948,26225156.0,mixed,0.407177,2686864
orkut,12,dense,17,7.24262,0.847024,0.000443005,210.63,311048088.0,mixed,4.97789,1891678
orkut,12,dense,18,19.7988,0.812913,0.000210363,603.303,2119092268.0,mixed,13.1901,15475414
orkut,12,dense,19,1.28281,0.850937,0.000219222,4.94013,64388467.0,mixed,0.538969,1284506
orkut,12,dense,20,0.780686,0.924039,0.000217969,1.7659,1036888.0,mixed,0.368585,2661177
orkut,12,dense,21,4.18646,0.780042,0.000369042,98.6378,388122265.0,mixed,2.42446,3531796
orkut,12,dense,22,1.91423,0.825034,0.000307628,29.3317,120957950.0,mixed,0.570071,2745487
orkut,12,dense,23,0.642836,0.902992,0.000216808,2.29346,14075084.0,mixed,0.203136,2960253
orkut,12,dense,24,0.267534,0.89928,0.000283686,0.751223,2544803.0,mixed,0.201497,1381319
orkut,12,dense,25,169.596,0.932859,0.00036063,3266.93,1110635.0,mixed,85.5977,2251456570
orkut,12,dense,26,0.426283,0.872951,0.00022449,2.21426,1862940.0,mixed,0.287111,3157200
orkut,12,dense,27,1.52913,0.837996,0.00022234,10.78,81329250.0,mixed,0.278565,4493466
orkut,12,dense,28,0.724065,0.829125,0.000419885,4.0615,32104427.0,mixed,0.205316,4176861
orkut,12,dense,29,0.16751,0.887824,0.000384889,0.296326,947585.0,mixed,0.1639,490963
orkut,12,dense,30,0.304936,0.860978,0.000288316,1.10498,2496700.0,mixed,0.205654,1449355
orkut,12,dense,31,0.323791,0.872819,0.000189981,0.725235,8385575.0,mixed,0.235988,550560
orkut,12,dense,32,0.707437,0.856446,0.000216953,1.04587,14939556.0,mixed,0.202527,974422
orkut,12,dense,33,0.54195,0.824904,0.00022202,1.59583,19946656.0,mixed,0.37082,1320309
orkut,12,dense,34,0.932593,0.88101,0.000169305,2.98506,38701530.0,mixed,0.407973,1052193
orkut,12,dense,35,0.77172,0.749953,0.000224966,3.21102,31141822.0,mixed,0.44985,3168392
orkut,12,dense,36,0.22449,0.877724,0.000271787,0.252794,3500983.0,mixed,0.0799189,359080
orkut,12,dense,37,9.42522,0.774088,0.000181719,281.503,964467713.0,mixed,5.08571,83828761
orkut,12,dense,38,0.581812,0.940126,0.000194784,0.895539,5200899.0,mixed,0.218659,894858
orkut,12,dense,39,29.6313,0.814059,0.000277373,849.539,3246127331.0,mixed,9.57585,25738747
orkut,12,dense,40,51.1928,0.836371,0.000181338,932.252,3667664135.0,mixed,19.5042,175877561
orkut,12,dense,41,2.10593,0.88987,0.000215455,45.503,177486159.0,mixed,1.1771,10565892
orkut,12,dense,42,0.734581,0.884441,0.000189236,2.42138,7984455.0,mixed,0.301939,2090057
orkut,12,dense,43,0.554878,0.842945,0.00017694,2.44951,2374488.0,mixed,0.203703,2545737
orkut,12,dense,44,0.304417,0.850019,0.000230029,0.728664,2297452.0,mixed,0.201667,1238410
orkut,12,dense,45,0.241515,0.863979,0.000213496,0.442288,3659718.0,mixed,0.201136,411400
orkut,12,dense,46,0.872159,0.858138,0.000311561,3.25627,28050640.0,mixed,0.265474,3257265
orkut,12,dense,47,0.286924,0.872059,0.000199684,0.532977,929575.0,mixed,0.201968,577777
orkut,12,dense,48,0.225102,0.919695,0.000236124,0.487953,2506858.0,mixed,0.200613,603156
orkut,12,dense,49,5.30563,0.835469,0.000430884,135.473,531165312.0,mixed,3.07866,5723064
orkut,12,dense,50,0.245,0.984667,0.000237829,0.586193,3628289.0,mixed,0.203129,700014
orkut,12,dense,51,0.14916,0.875596,0.000195475,0.408921,416121.0,mixed,0.146667,869756
orkut,12,dense,52,0.417107,0.962959,0.000216135,0.490531,64703.0,mixed,0.0967386,834280
orkut,12,dense,53,0.238052,0.775354,0.000354799,0.386463,3420511.0,mixed,0.20342,623597
orkut,12,dense,54,0.386258,0.835581,0.000221433,1.20357,1322464.0,mixed,0.20181,2222654
orkut,12,dense,55,0.506053,0.897098,0.000212919,1.36538,4457801.0,mixed,0.231828,2845966
orkut,12,dense,56,0.506411,0.851219,0.000257232,2.15879,16072774.0,mixed,0.247046,2649033
orkut,12,dense,57,0.613293,0.841802,0.000478842,1.0556,14963375.0,mixed,0.41091,750269
orkut,12,dense,58,0.120459,0.913118,0.00021218,0.304687,170914.0,mixed,0.117447,642718
orkut,12,dense,59,0.227366,0.83421,0.000208502,0.370414,2405655.0,mixed,0.1885,839448
orkut,12,dense,60,1.19192,0.826485,0.00023352,11.8266,86443906.0,mixed,0.800307,1731369
orkut,12,dense,61,0.141718,0.930437,0.00022338,0.244136,227928.0,mixed,0.13917,431439
orkut,12,dense,62,0.555309,0.919579,0.000201078,1.22282,12955846.0,mixed,0.214136,832405
orkut,12,dense,63,3.92199,0.854604,0.000174443,26.5734,182810958.0,mixed,0.302451,3097791
orkut,12,dense,64,0.405932,0.928304,0.00029036,1.21052,4360556.0,mixed,0.232365,1956910
orkut,12,dense,65,0.25352,0.840409,0.000221075,0.502403,6315933.0,mixed,0.19175,660405
orkut,12,dense,66,0.881118,0.812548,0.000328122,3.98726,30095979.0,mixed,0.343874,4186558
orkut,12,dense,67,3.5208,0.774927,0.000218277,94.401,387022562.0,mixed,2.20899,3437052
orkut,12,dense,68,0.336794,0.921235,0.000282769,0.938329,5900594.0,mixed,0.33225,1058036
orkut,12,dense,69,37.8232,0.803196,0.000344447,1100.0,4188440395.0,mixed,24.059,12702534
orkut,12,dense,70,99.7065,0.854178,0.000208934,3085.41,10772072854.0,mixed,42.9155,94850780
orkut,12,dense,71,0.687046,0.794763,0.0004547,1.36214,5525285.0,mixed,0.336563,1596651
orkut,12,dense,72,0.347722,0.930983,0.000230548,0.887717,1113659.0,mixed,0.214168,1242011
orkut,12,dense,73,0.420681,0.926788,0.000184788,1.11112,7163955.0,mixed,0.401901,1391800
orkut,12,dense,74,0.922891,0.88571,0.000227874,3.24551,25792580.0,mixed,0.348934,2406596
orkut,12,dense,75,5.26283,0.858066,0.000171168,74.4371,338574519.0,mixed,2.34209,4732367
orkut,12,dense,76,0.219561,0.890423,0.000203627,0.305488,2766734.0,mixed,0.136042,590833
orkut,12,dense,77,1.62946,0.822921,0.000431034,33.12,121800527.0,mixed,0.621059,11026985
orkut,12,dense,78,1.09155,0.950599,0.000204332,1.88307,1297322.0,mixed,0.217443,1380952
orkut,12,dense,79,0.476319,0.867194,0.000225628,0.851565,2412326.0,mixed,0.201816,1375234
orkut,12,dense,80,0.275738,0.975553,0.000201495,0.662391,245627.0,mixed,0.203788,1113862
orkut,12,dense,81,0.288883,0.924312,0.000192659,0.421709,362201.0,mixed,0.154461,650428
orkut,12,dense,82,0.217603,0.949645,0.000369072,0.582575,3721973.0,mixed,0.211566,726727
orkut,12,dense,83,8.56933,0.836603,0.000255351,9.79582,242658596.0,mixed,0.491404,1670967
orkut,12,dense,84,0.273043,0.914976,0.00022209,0.549328,802241.0,mixed,0.20183,1059245
orkut,12,dense,85,0.48951,0.973186,0.000175665,0.965564,412898.0,mixed,0.219259,1628530
orkut,12,dense,86,2.33907,0.84081,0.000446507,44.7932,186287984.0,mixed,0.559359,4065985
orkut,12,dense,87,0.36764,0.916793,0.000319985,1.37178,1142458.0,mixed,0.290581,2309312
orkut,12,dense,88,7.08371,0.836651,0.000185669,116.846,559053989.0,mixed,1.81581,31151808
orkut,12,dense,89,5.03856,0.890468,0.00022103,68.1347,378296213.0,mixed,2.72027,4805126
orkut,12,dense,90,0.221824,0.889611,0.00025504,0.46069,440185.0,mixed,0.203461,645832
orkut,12,dense,91,1.33109,0.898959,0.00018571,4.73161,73031202.0,mixed,0.766124,1298143
orkut,12,dense,92,0.355091,0.916943,0.00020276,0.789712,814014.0,mixed,0.151688,1139838
orkut,12,dense,93,2.52145,0.865059,0.000361509,59.2656,99180438.0,mixed,1.02547,3693582
orkut,12,dense,94,0.555521,0.946999,0.000189665,1.8221,1340939.0,mixed,0.219409,3833918
orkut,12,dense,95,2.29778,0.824718,0.000170912,45.8826,201816623.0,mixed,0.850501,15421958
orkut,12,dense,96,0.249418,0.843513,0.000192757,0.804763,3926809.0,mixed,0.201297,1324632
orkut,12,dense,97,16.0569,0.880997,0.00019267,180.79,512940739.0,mixed,5.11888,4501566
orkut,12,dense,98,0.915979,0.854003,0.00022637,2.10382,24319065.0,mixed,0.216703,1772796
orkut,12,dense,99,0.678785,0.892702,0.000228425,1.85092,21329227.0,mixed,0.425856,908735
orkut,12,dense,100,0.827411,0.838057,0.000170718,4.57377,45054691.0,mixed,0.443693,3160847
orkut,12,sparse,1,1.11532,0.741041,0.000198774,5.28177,70617033.0,mixed,0.410165,2378688
orkut,12,sparse,2,76.9192,0.756035,0.000423961,1635.76,7347119773.0,mixed,24.4313,100980195
orkut,12,sparse,3,165.098,0.838502,0.000204902,1472.33,6127758497.0,mixed,23.1717,196457604
orkut,12,sparse,4,27.4793,0.773453,0.000179159,805.703,2808695605.0,mixed,13.0365,28934112
orkut,12,sparse,5,70.4232,0.757506,0.000185591,1959.74,7274486625.0,mixed,43.6844,60557288
orkut,12,sparse,7,87.3641,0.755335,0.000432552,197.992,2050343569.0,mixed,2.79373,36108044
orkut,12,sparse,8,4.46099,0.747998,0.000220637,48.7165,92709447.0,mixed,0.380551,17180105
orkut,12,sparse,10,11.1936,0.799728,0.000194678,22.1362,354551855.0,mixed,0.285147,3274142
orkut,12,sparse,11,50.7866,0.779108,0.000229053,1218.81,4563650060.0,mixed,26.3212,120129212
orkut,12,sparse,12,53.3601,0.76768,0.000196992,383.688,2129071313.0,mixed,6.08904,10293873
orkut,12,sparse,13,836.587,0.729215,0.000222535,6030.63,34065941780.0,mixed,131.114,126267271
orkut,12,sparse,14,8.27949,0.745658,0.000218183,121.272,558212617.0,mixed,2.38679,7251766
orkut,12,sparse,15,3.81582,0.775737,0.000262796,91.961,241859393.0,mixed,1.49885,4793382
orkut,12,sparse,17,50.2688,0.720542,0.000217136,144.999,1491485607.0,mixed,4.97918,7025897
orkut,12,sparse,18,111.019,0.760464,0.000227639,3327.38,11535471201.0,mixed,54.1404,191481206
orkut,12,sparse,19,507.524,0.689774,0.000197097,14292.8,52747627736.0,mixed,249.393,794268947
orkut,12,sparse,20,6.12567,0.748852,0.000184726,159.102,338921322.0,mixed,2.79787,23879479
orkut,12,sparse,21,2.55079,0.771175,0.000196091,37.0791,225380367.0,mixed,1.73839,5885019
orkut,12,sparse,22,26.7041,0.705656,0.000209153,819.312,2737546136.0,mixed,14.2686,27618933
orkut,12,sparse,23,239.927,0.759628,0.000222485,5931.49,21682492424.0,mixed,85.789,115548332
orkut,12,sparse,24,1725.73,0.703091,0.00034085,48456.0,158798314648.0,mixed,821.555,12770304097
orkut,12,sparse,26,106.671,0.825973,0.00021361,112.128,2539858908.0,mixed,1.98456,8344190
orkut,12,sparse,27,603.339,0.769581,0.000438503,5189.34,28520821822.0,mixed,92.7307,169050433
orkut,12,sparse,28,2.05341,0.786747,0.000222452,37.3171,74066038.0,mixed,0.401973,19940592
orkut,12,sparse,29,472.087,0.778588,0.000197829,2804.99,16367852745.0,mixed,43.3925,59358176
orkut,12,sparse,31,161.749,0.71843,0.000456653,4375.84,10043473536.0,mixed,101.982,176818692
orkut,12,sparse,32,366.496,0.728064,0.000249587,10458.2,29968034469.0,mixed,137.657,578396555
orkut,12,sparse,33,448.541,0.805457,0.000265608,7574.18,30516398085.0,mixed,90.7908,349068115
orkut,12,sparse,35,3.06002,0.776727,0.000445287,60.3776,289650940.0,mixed,1.69408,4911216
orkut,12,sparse,36,83.0608,0.761173,0.000210042,2310.67,9013777879.0,mixed,43.5105,98508140
orkut,12,sparse,38,36.5171,0.821338,0.000183727,642.758,2818476700.0,mixed,11.9846,18972739
orkut,12,sparse,40,42.8575,0.803107,0.000198112,1206.73,4541399447.0,mixed,15.5376,28595181
orkut,12,sparse,42,131.126,0.764652,0.00018607,4073.7,15151049902.0,mixed,57.1933,112436533
orkut,12,sparse,43,1159.56,0.726243,0.000184646,32014.9,59252693049.0,mixed,449.235,3029714601
orkut,12,sparse,44,187.804,0.705034,0.000175857,1466.73,8249299891.0,mixed,17.8381,48584489
orkut,12,sparse,45,22.0043,0.75009,0.000188497,644.193,2129603706.0,mixed,11.512,114935506
orkut,12,sparse,46,389.761,0.721787,0.000207704,1335.38,9209261458.0,mixed,13.1829,213655504
orkut,12,sparse,47,9.02934,0.751557,0.000245771,196.87,827802197.0,mixed,4.65941,7104152
orkut,12,sparse,50,2.37341,0.759015,0.00021867,3.73561,73927910.0,mixed,0.228959,2062884
orkut,12,sparse,53,80.9373,0.73589,0.000186692,2322.12,2451457103.0,mixed,39.7721,23896082
orkut,12,sparse,54,1.17702,0.796088,0.000210585,10.4156,56310785.0,mixed,0.213745,7910492
orkut,12,sparse,55,1543.72,0.761608,0.000195245,15474.7,68078889371.0,mixed,170.287,2286855050
orkut,12,sparse,56,1513.24,0.749246,0.000356907,45884.2,32482323683.0,mixed,427.509,34698509561
orkut,12,sparse,57,628.114,0.69201,0.000192964,15119.3,54528642390.0,mixed,283.755,956760591
orkut,12,sparse,59,17.4826,0.772485,0.000210529,204.514,413920281.0,mixed,3.07783,4944553
orkut,12,sparse,60,809.23,0.752535,0.000181831,22315.1,83449467243.0,mixed,292.352,932996142
orkut,12,sparse,61,31.1815,0.727211,0.000196535,222.806,1325981362.0,mixed,5.13777,13247327
orkut,12,sparse,62,2.13804,0.80801,0.000210786,14.7946,124543497.0,mixed,0.448994,4848439
orkut,12,sparse,63,67.3814,0.809472,0.000231247,649.4,2618402804.0,mixed,11.2244,105533765
orkut,12,sparse,64,729.807,0.742611,0.000193243,11842.7,35720430461.0,mixed,153.51,530794495
orkut,12,sparse,66,798.081,0.776723,0.000243571,25447.9,42633001563.0,mixed,509.932,259946193
orkut,12,sparse,67,943.99,0.762408,0.000189547,30054.5,109855883823.0,mixed,607.273,353320813
orkut,12,sparse,68,262.363,0.713939,0.000176373,8349.02,30995830371.0,mixed,123.44,292142909
orkut,12,sparse,69,10.1755,0.785326,0.000198541,289.166,252885380.0,mixed,3.77178,149411042
orkut,12,sparse,73,5.11166,0.774232,0.00020268,60.9194,312859200.0,mixed,1.12221,9340368
orkut,12,sparse,74,0.855138,0.788755,0.00020763,1.92067,23999906.0,mixed,0.204657,1170689
orkut,12,sparse,75,7.06586,0.865377,0.000198441,15.7066,31851839.0,mixed,0.210587,13620613
orkut,12,sparse,77,525.825,0.734136,0.000361207,15592.0,57031912849.0,mixed,302.138,419225115
orkut,12,sparse,79,1454.72,0.734347,0.000174037,45345.4,89709660181.0,mixed,807.242,4554480785
orkut,12,sparse,80,239.116,0.794154,0.000170093,7485.78,27739772307.0,mixed,100.247,181146393
orkut,12,sparse,81,10.3309,0.829606,0.000205217,308.183,1039492595.0,mixed,3.98028,11975726
orkut,12,sparse,82,242.667,0.775989,0.000184289,4392.29,15956832802.0,mixed,61.0877,1022499059
orkut,12,sparse,84,15.0368,0.788365,0.000276946,105.77,123160480.0,mixed,1.12847,70685569
orkut,12,sparse,86,3.98206,0.826371,0.000201257,88.8732,311309713.0,mixed,1.4512,11338300
orkut,12,sparse,87,314.044,0.746189,0.00020607,9915.43,35469601875.0,mixed,179.044,410356668
orkut,12,sparse,88,10.2796,0.777908,0.000194367,277.03,1146656523.0,mixed,2.81099,28215303
orkut,12,sparse,89,32.5044,0.750987,0.000351073,717.927,1939357227.0,mixed,8.68808,37389631
orkut,12,sparse,90,28.2943,0.774337,0.000194748,868.132,1025439449.0,mixed,15.2751,510214190
orkut,12,sparse,91,258.199,0.717893,0.000184307,5567.19,833441580.0,mixed,48.4596,4290090377
orkut,12,sparse,92,35.062,0.755847,0.000216549,1046.98,2551596863.0,mixed,9.86569,175064470
orkut,12,sparse,93,2.28792,0.823994,0.000310779,5.93662,7785307.0,mixed,0.203282,8413170
orkut,12,sparse,94,9.14213,0.811637,0.000246725,16.6952,36701225.0,mixed,0.219383,17501922
orkut,12,sparse,95,4.10071,0.801947,0.000239911,8.25663,138131120.0,mixed,0.390164,1316874
orkut,12,sparse,97,608.545,0.797913,0.000296622,3786.15,24377627696.0,mixed,66.7314,92911811
orkut,12,sparse,98,944.137,0.750681,0.000211165,2551.17,28083918933.0,mixed,52.4386,237275596
orkut,12,sparse,99,46.4138,0.778634,0.000298745,455.913,1993512224.0,mixed,6.12136,84953446
orkut,12,sparse,100,81.7321,0.803542,0.000234825,1979.86,3810372361.0,mixed,32.5671,12135523
