dataset,query_size,query_mode,query_index,elapsed_execution_time,filter_time,plan_time,enumerate_time,n_embeddings,order,max_task_time,n_intersections
orkut,12,dense,1,6.67121,0.260693,0.119836,2.18438,6164009.0,mixed,0.203742,2786980
orkut,12,dense,2,28.7011,0.274416,0.0966385,380.381,1779145475.0,mixed,8.81049,18235858
orkut,12,dense,3,266.008,0.248261,0.07763,5382.61,18313414884.0,mixed,118.057,79169442
orkut,12,dense,4,0.372667,0.249419,0.110569,0.944678,4722778.0,mixed,0.201519,1349257
orkut,12,dense,5,0.510311,0.219845,0.10687,0.63313,1823651.0,mixed,0.180038,1171056
orkut,12,dense,6,13.0751,0.254624,0.100447,113.221,638121960.0,mixed,3.68308,3789892
orkut,12,dense,7,0.663895,0.217317,0.0995277,0.907396,15314284.0,mixed,0.202834,772083
orkut,12,dense,8,12.0615,0.294946,0.127256,28.6568,587414.0,mixed,0.216085,25800975
orkut,12,dense,9,0.148617,0.280214,0.0878539,0.292187,785975.0,mixed,0.144859,537288
orkut,12,dense,10,2.61999,0.261054,0.100246,9.42587,104141578.0,mixed,0.24393,2304024
orkut,12,dense,11,0.306524,0.2721,0.104074,0.489197,1309209.0,mixed,0.122727,852101
orkut,12,dense,12,0.504348,0.247055,0.0995604,0.710675,8899324.0,mixed,0.201179,1170539
orkut,12,dense,13,1.00335,0.230212,0.0931164,2.00546,241168.0,mixed,0.201508,2922930
orkut,12,dense,14,10.9414,0.257752,0.0922031,321.575,1153864655.0,mixed,6.82471,6775587
orkut,12,dense,15,0.22591,0.25258,0.108434,0.646126,1602724.0,mixed,0.200862,1277216
orkut,12,dense,16,2.06817,0.280625,0.123573,2.67021,26225156.0,mixed,0.203163,2930519
orkut,12,dense,17,7.7304,0.235026,0.0978371,47.1999,311048088.0,mixed,1.07922,13554057
orkut,12,dense,18,21.6227,0.2065,0.093961,550.666,2119092268.0,mixed,11.6305,20848637
orkut,12,dense,19,1.67467,0.280588,0.096642,3.41067,64388467.0,mixed,0.369887,1225661
orkut,12,dense,20,0.255709,0.290312,0.101275,0.586952,1036888.0,mixed,0.20404,924588
orkut,12,dense,21,7.30568,0.209961,0.102817,61.4382,388122265.0,mixed,1.49666,3757919
orkut,12,dense,22,8.87078,0.217643,0.124753,33.5874,120957950.0,mixed,0.593167,19451409
orkut,12,dense,23,0.813933,0.277274,0.0866669,1.60941,14075084.0,mixed,0.203489,1836522
orkut,12,dense,24,0.295699,0.283184,0.110676,0.877806,2544803.0,mixed,0.201661,1391513
orkut,12,dense,25,32.2565,0.276706,0.152534,74.5486,1110635.0,mixed,0.328362,70158535
orkut,12,dense,26,1.69168,0.288206,0.124949,8.37353,1862940.0,mixed,0.202402,10740907
orkut,12,dense,27,1.69306,0.199676,0.11589,10.475,81329250.0,mixed,0.226724,5529775
orkut,12,dense,28,0.840566,0.243081,0.0922921,4.05386,32104427.0,mixed,0.203466,5587449
orkut,12,dense,29,0.161117,0.242176,0.0981209,0.284552,947585.0,mixed,0.157489,450959
orkut,12,dense,30,0.48366,0.234063,0.0976992,1.1228,2496700.0,mixed,0.23406,1267912
orkut,12,dense,31,0.321143,0.223729,0.0830166,0.694585,8385575.0,mixed,0.241472,570880
orkut,12,dense,32,2.16937,0.254807,0.11926,4.77369,14939556.0,mixed,0.204088,6706925
orkut,12,dense,33,0.78488,0.22237,0.11506,1.53849,19946656.0,mixed,0.20375,2315556
orkut,12,dense,34,1.35208,0.224855,0.104487,2.02233,38701530.0,mixed,0.215138,1275819
orkut,12,dense,35,1.27436,0.202898,0.103014,2.42485,31141822.0,mixed,0.24934,2496720
orkut,12,dense,36,0.439128,0.208464,0.1264,0.452055,3500983.0,mixed,0.133077,622839
orkut,12,dense,37,45.1505,0.277879,0.105162,201.022,964467713.0,mixed,2.52399,45978550
orkut,12,dense,38,0.275025,0.239011,0.0857789,0.583852,5200899.0,mixed,0.221434,572012
orkut,12,dense,39,39.4674,0.245201,0.0926257,1114.52,3246127331.0,mixed,32.9624,25763431
orkut,12,dense,40,44.8109,0.225789,0.0889935,953.002,3667664135.0,mixed,20.4758,184294344
orkut,12,dense,41,6.22922,0.274705,0.105435,15.7596,177486159.0,mixed,0.262246,7235275
orkut,12,dense,42,1.8304,0.259934,0.121444,10.5598,7984455.0,mixed,0.203665,12682251
orkut,12,dense,43,0.217733,0.261498,0.101143,0.610855,2374488.0,mixed,0.201393,1035369
orkut,12,dense,44,0.88246,0.215262,0.111722,1.88361,2297452.0,mixed,0.201797,4615488
orkut,12,dense,45,0.254829,0.253572,0.101576,0.248135,3659718.0,mixed,0.0554839,376400
orkut,12,dense,46,1.14814,0.305177,0.0970644,2.27421,28050640.0,mixed,0.216468,2641022
orkut,12,dense,47,0.374432,0.228329,0.0905516,0.735503,929575.0,mixed,0.219942,877845
orkut,12,dense,48,0.582878,0.208326,0.110527,0.883937,2506858.0,mixed,0.201716,1274488
orkut,12,dense,49,5.4782,0.256622,0.107501,151.119,531165312.0,mixed,4.35914,6006323
orkut,12,dense,50,0.295646,0.219524,0.110465,0.478163,3628289.0,mixed,0.20923,470277
orkut,12,dense,51,0.166082,0.270017,0.117703,0.38873,416121.0,mixed,0.16293,852147
orkut,12,dense,52,1.011,0.324518,0.101959,5.2463,64703.0,mixed,0.202914,7024213
orkut,12,dense,53,0.245651,0.267039,0.0828817,0.779949,3420511.0,mixed,0.202678,1082332
orkut,12,dense,54,0.831572,0.236646,0.134605,2.5188,1322464.0,mixed,0.201733,4847771
orkut,12,dense,55,0.686945,0.233428,0.145376,1.68759,4457801.0,mixed,0.202482,3018743
orkut,12,dense,56,0.496825,0.300512,0.096366,2.10683,16072774.0,mixed,0.35718,2588123
orkut,12,dense,57,0.644437,0.223919,0.0939479,0.843296,14963375.0,mixed,0.210541,723357
orkut,12,dense,58,0.128504,0.267591,0.100124,0.363693,170914.0,mixed,0.125804,920624
orkut,12,dense,59,0.252958,0.181112,0.127148,0.784324,2405655.0,mixed,0.202618,1046573
orkut,12,dense,60,2.44384,0.269691,0.0948695,21.8046,86443906.0,mixed,0.313257,11286231
orkut,12,dense,61,0.175254,0.30449,0.0946655,0.274129,227928.0,mixed,0.172203,451121
orkut,12,dense,62,1.32992,0.231287,0.104312,2.66746,12955846.0,mixed,0.206636,2457292
orkut,12,dense,63,3.4211,0.261281,0.115954,35.834,182810958.0,mixed,0.79342,3295808
orkut,12,dense,64,0.348634,0.266655,0.0891085,0.981652,4360556.0,mixed,0.204576,1578459
orkut,12,dense,65,0.246073,0.259444,0.091582,0.413242,6315933.0,mixed,0.174538,570875
orkut,12,dense,66,1.27194,0.222809,0.113527,2.52866,30095979.0,mixed,0.210833,3207799
orkut,12,dense,67,5.25003,0.191388,0.0792894,116.653,387022562.0,mixed,2.92924,5646103
orkut,12,dense,68,0.406044,0.290343,0.0918803,0.88861,5900594.0,mixed,0.399573,911305
orkut,12,dense,69,49.8592,0.196378,0.115694,1060.96,4188440395.0,mixed,25.7408,12535423
orkut,12,dense,70,394.262,0.194441,0.0837797,671.949,10772072854.0,mixed,17.3181,12316083
orkut,12,dense,71,0.37481,0.252865,0.125414,0.765083,5525285.0,mixed,0.151761,939746
orkut,12,dense,72,1.03278,0.285526,0.115838,1.52594,1113659.0,mixed,0.154216,2167128
orkut,12,dense,73,0.494129,0.268338,0.0968573,0.772972,7163955.0,mixed,0.201043,1269613
orkut,12,dense,74,2.15064,0.226783,0.109156,6.30682,25792580.0,mixed,0.204386,8538232
orkut,12,dense,75,3.75489,0.266281,0.0896696,84.6438,338574519.0,mixed,2.2586,5812828
orkut,12,dense,76,0.448122,0.253115,0.111147,0.453421,2766734.0,mixed,0.126088,738439
orkut,12,dense,77,2.59178,0.231562,0.0887692,13.4785,121800527.0,mixed,0.265695,11592290
orkut,12,dense,78,0.266282,0.304017,0.10311,0.596062,1297322.0,mixed,0.201154,1095525
orkut,12,dense,79,0.240335,0.241637,0.110345,0.663188,2412326.0,mixed,0.201514,1101745
orkut,12,dense,80,0.238214,0.274652,0.110731,0.229921,245627.0,mixed,0.0640054,529204
orkut,12,dense,81,0.214573,0.283116,0.0997089,0.34536,362201.0,mixed,0.20083,538648
orkut,12,dense,82,0.269858,0.307832,0.0955146,0.6438,3721973.0,mixed,0.205714,893983
orkut,12,dense,83,4.68342,0.262145,0.100707,42.0907,242658596.0,mixed,1.50088,2739343
orkut,12,dense,84,0.235951,0.296785,0.0967098,0.452043,802241.0,mixed,0.202024,947515
orkut,12,dense,85,0.370027,0.331841,0.0962582,1.11495,412898.0,mixed,0.366534,1872006
orkut,12,dense,86,3.68606,0.247935,0.0989006,30.2893,186287984.0,mixed,0.486211,3847073
orkut,12,dense,87,0.483705,0.275077,0.106552,1.25815,1142458.0,mixed,0.315443,2084872
orkut,12,dense,88,22.2033,0.239761,0.0937714,61.276,559053989.0,mixed,0.943014,13383327
orkut,12,dense,89,8.33652,0.258919,0.103938,61.8549,378296213.0,mixed,1.48675,4691262
orkut,12,dense,90,1.90066,0.208192,0.138529,3.50789,440185.0,mixed,0.205044,5583623
orkut,12,dense,91,1.28655,0.244587,0.0847361,5.57137,73031202.0,mixed,0.879936,871627
orkut,12,dense,92,1.48301,0.242038,0.126945,1.82431,814014.0,mixed,0.201745,2467559
orkut,12,dense,93,5.48173,0.230789,0.113228,5.81279,99180438.0,mixed,0.238725,3070413
orkut,12,dense,94,0.851622,0.232544,0.11184,3.41237,1340939.0,mixed,0.202271,6769466
orkut,12,dense,95,8.93482,0.234772,0.102367,10.1028,201816623.0,mixed,0.24622,7156921
orkut,12,dense,96,1.08954,0.242723,0.106381,3.4561,3926809.0,mixed,0.202184,4949996
orkut,12,dense,97,13.3774,0.262744,0.108687,98.7305,512940739.0,mixed,1.42726,22636279
orkut,12,dense,98,1.04171,0.296401,0.123731,2.37279,24319065.0,mixed,0.214931,2182909
orkut,12,dense,99,0.881339,0.222479,0.114669,1.27142,21329227.0,mixed,0.233075,945538
orkut,12,dense,100,1.14345,0.22754,0.122394,3.12541,45054691.0,mixed,0.410338,2440352
orkut,12,sparse,1,1.5058,0.182368,0.121046,6.25068,70617033.0,mixed,0.274391,2605682
orkut,12,sparse,2,365.666,0.24527,0.131146,1748.73,7347119773.0,mixed,35.0244,867705721
orkut,12,sparse,3,85.5172,0.240357,0.13469,1907.64,6127758497.0,mixed,33.7357,294798761
orkut,12,sparse,4,52.3177,0.224303,0.108613,553.814,2808695605.0,mixed,12.5786,20008857
orkut,12,sparse,5,101.373,0.242102,0.159258,1797.33,7274486625.0,mixed,23.6315,766922177
orkut,12,sparse,7,87.9433,0.262817,0.136458,243.793,2050343569.0,mixed,3.59493,84412813
orkut,12,sparse,8,3.74033,0.234739,0.139636,41.4205,92709447.0,mixed,0.262862,18008073
orkut,12,sparse,10,13.0532,0.215082,0.131865,30.9463,354551855.0,mixed,0.421552,6331256
orkut,12,sparse,11,172.97,0.226491,0.129548,4325.7,4563650060.0,mixed,81.3114,240859207
orkut,12,sparse,12,42.1682,0.218913,0.144699,552.282,2129071313.0,mixed,8.43271,51432613
orkut,12,sparse,13,794.509,0.21559,0.109848,6770.87,34065941780.0,mixed,158.977,143474411
orkut,12,sparse,14,8.29923,0.170998,0.132101,157.068,558212617.0,mixed,4.58008,11976132
orkut,12,sparse,15,2.78529,0.221729,0.106695,57.2991,241859393.0,mixed,0.48788,9008782
orkut,12,sparse,17,27.0092,0.242323,0.113564,306.861,1491485607.0,mixed,6.06098,65833903
orkut,12,sparse,18,112.386,0.198334,0.100768,3405.68,11535471201.0,mixed,77.4054,193753985
orkut,12,sparse,19,512.9,0.240243,0.0999009,14645.1,52747627736.0,mixed,212.188,646598461
orkut,12,sparse,20,16.2008,0.207009,0.146441,168.798,338921322.0,mixed,0.822343,122486186
orkut,12,sparse,21,3.49077,0.290739,0.109214,34.0521,225380367.0,mixed,1.85485,4939476
orkut,12,sparse,22,25.3527,0.249616,0.112934,764.209,2737546136.0,mixed,18.3859,19027791
orkut,12,sparse,23,227.193,0.210841,0.160391,4426.62,21682492424.0,mixed,60.5295,653545292
orkut,12,sparse,26,40.1412,0.242967,0.116214,509.814,2539858908.0,mixed,8.84057,24797342
orkut,12,sparse,27,979.355,0.250901,0.140311,4322.15,28520821822.0,mixed,118.907,725559179
orkut,12,sparse,28,17.5349,0.264953,0.14847,226.467,74066038.0,mixed,1.46498,202449961
orkut,12,sparse,29,318.634,0.237463,0.119668,3286.69,16367852745.0,mixed,43.0766,129728643
orkut,12,sparse,31,110.429,0.23999,0.147711,2561.08,10043473536.0,mixed,74.2926,276430965
orkut,12,sparse,32,299.928,0.205897,0.138942,8373.43,29968034469.0,mixed,132.404,567578785
orkut,12,sparse,33,1125.66,0.214451,0.115249,2117.09,30516398085.0,mixed,63.5805,79770678
orkut,12,sparse,35,7.88024,0.215686,0.111739,35.9297,289650940.0,mixed,0.913257,2950423
orkut,12,sparse,36,88.5256,0.237011,0.112764,2479.98,9013777879.0,mixed,56.8082,90059138
orkut,12,sparse,38,39.0347,0.2338,0.149382,555.221,2818476700.0,mixed,18.0908,79734367
orkut,12,sparse,40,49.2916,0.239932,0.108339,1548.28,4541399447.0,mixed,29.772,29997696
orkut,12,sparse,42,463.327,0.24822,0.115696,1980.31,15151049902.0,mixed,27.6594,72136956
orkut,12,sparse,44,175.52,0.21782,0.118295,1662.75,8249299891.0,mixed,34.8635,60461008
orkut,12,sparse,45,21.7203,0.22946,0.124184,637.769,2129603706.0,mixed,11.1645,116077785
orkut,12,sparse,46,146.931,0.205286,0.126955,2625.6,9209261458.0,mixed,38.3568,423410090
orkut,12,sparse,47,19.1115,0.209922,0.132247,296.452,827802197.0,mixed,6.35445,85827846
orkut,12,sparse,50,1.73447,0.214372,0.130897,7.87123,73927910.0,mixed,0.256785,5247168
orkut,12,sparse,53,40.1048,0.189923,0.135875,490.246,2451457103.0,mixed,10.1968,116751847
orkut,12,sparse,54,1.10375,0.247572,0.126495,9.46555,56310785.0,mixed,0.2102,8246120
orkut,12,sparse,55,1474.17,0.199701,0.126381,16052.5,68078889371.0,mixed,268.022,2171816877
orkut,12,sparse,56,1534.84,0.228735,0.161722,46303.2,32482323683.0,mixed,432.5,34707397465
orkut,12,sparse,57,638.758,0.202646,0.0976301,19800.2,54528642390.0,mixed,501.126,1016978258
orkut,12,sparse,59,8.2711,0.225878,0.140769,109.715,413920281.0,mixed,2.07991,18397888
orkut,12,sparse,60,776.726,0.206442,0.0930596,24494.6,83449467243.0,mixed,449.549,349302746
orkut,12,sparse,61,36.032,0.206068,0.158431,201.79,1325981362.0,mixed,2.85723,14995635
orkut,12,sparse,62,4.17578,0.263373,0.125578,8.56274,124543497.0,mixed,0.224527,3576172
orkut,12,sparse,63,65.1813,0.225165,0.148476,575.371,2618402804.0,mixed,4.84272,105763125
orkut,12,sparse,64,659.917,0.242561,0.126511,9855.13,35720430461.0,mixed,146.936,525483343
orkut,12,sparse,66,411.004,0.232837,0.0906449,11583.2,42633001563.0,mixed,258.511,513066267
orkut,12,sparse,67,951.202,0.230976,0.1169,30156.6,109855883823.0,mixed,610.824,410796785
orkut,12,sparse,68,336.435,0.184226,0.115214,8690.19,30995830371.0,mixed,138.446,273313432
orkut,12,sparse,69,56.8272,0.209923,0.132354,166.488,252885380.0,mixed,1.10134,116013829
orkut,12,sparse,73,17.569,0.319527,0.1266,147.179,312859200.0,mixed,1.65378,60056412
orkut,12,sparse,74,1.66393,0.249269,0.11928,5.16252,23999906.0,mixed,0.202936,5316108
orkut,12,sparse,75,22.1959,0.273121,0.171203,51.4232,31851839.0,mixed,0.579959,51823099
orkut,12,sparse,77,557.045,0.201713,0.0926196,16457.0,57031912849.0,mixed,416.45,872232383
orkut,12,sparse,79,860.342,0.211687,0.108257,25193.3,89709660181.0,mixed,407.297,4551049447
orkut,12,sparse,80,251.023,0.232292,0.108426,7291.38,27739772307.0,mixed,143.511,192439623
orkut,12,sparse,81,10.5718,0.286776,0.107317,271.31,1039492595.0,mixed,7.49764,15041973
orkut,12,sparse,82,150.731,0.28295,0.139417,4758.7,15956832802.0,mixed,35.3744,1126483047
orkut,12,sparse,83,1214.28,0.210646,0.117474,22998.6,74959010244.0,mixed,503.889,2696499520
orkut,12,sparse,84,12.1111,0.206661,0.139625,128.564,123160480.0,mixed,0.951294,91380714
orkut,12,sparse,86,4.2123,0.247634,0.135413,81.0307,311309713.0,mixed,0.919758,23251307
orkut,12,sparse,87,687.01,0.171466,0.12481,7267.2,35469601875.0,mixed,200.499,176870665
orkut,12,sparse,88,54.8902,0.263412,0.130353,74.3374,1146656523.0,mixed,1.46981,8165378
orkut,12,sparse,89,19.2664,0.230477,0.0954602,565.346,1939357227.0,mixed,11.386,78800227
orkut,12,sparse,90,99.3042,0.263969,0.147886,1506.52,1025439449.0,mixed,10.5503,1345074838
orkut,12,sparse,91,279.915,0.214039,0.163421,5447.38,833441580.0,mixed,96.22,4754667470
orkut,12,sparse,92,50.0227,0.250441,0.110189,690.521,2551596863.0,mixed,5.52323,148486626
orkut,12,sparse,93,2.78121,0.21494,0.146138,9.28275,7785307.0,mixed,0.2042,10848496
orkut,12,sparse,94,13.4805,0.283561,0.141909,33.2501,36701225.0,mixed,0.39139,31884558
orkut,12,sparse,95,5.09984,0.211392,0.100215,4.42777,138131120.0,mixed,0.475398,2514747
orkut,12,sparse,97,619.695,0.276018,0.0959176,4105.25,24377627696.0,mixed,57.6146,101143560
orkut,12,sparse,98,542.842,0.198672,0.0856179,5946.52,28083918933.0,mixed,126.718,185741189
orkut,12,sparse,99,56.4352,0.222863,0.133198,434.201,1993512224.0,mixed,2.38615,123650477
orkut,12,sparse,100,72.8394,0.209059,0.127083,810.46,3810372361.0,mixed,18.6917,13275610
