dataset,query_size,query_mode,query_index,elapsed_execution_time,filter_time,plan_time,enumerate_time,n_embeddings,order,max_task_time,n_intersections
friendster,8,dense,1,0.478896,2.31858,6.87689,2.56819,1594165,mixed,0.461948,500384
friendster,8,dense,2,0.518482,2.36528,5.42501,2.49513,286105,mixed,0.497325,590184
friendster,8,dense,3,0.372577,2.48831,7.91246,2.24331,32461,mixed,0.356906,788360
friendster,8,dense,4,0.415099,2.35287,3.13218,2.01153,1749560,mixed,0.390592,554690
friendster,8,dense,5,0.351827,2.3076,4.89461,2.37314,462068,mixed,0.332225,779460
friendster,8,dense,6,0.639221,2.33368,9.28747,4.10031,1365246,mixed,0.615865,968771
friendster,8,dense,7,0.522499,2.37865,8.29534,2.59393,171972,mixed,0.505616,457006
friendster,8,dense,8,0.253236,2.53738,5.21238,1.70538,5694,mixed,0.238865,1029468
friendster,8,dense,9,0.399395,2.37218,6.60815,2.6198,1207804,mixed,0.380836,627750
friendster,8,dense,10,0.925578,2.38027,6.21018,6.47596,370374,mixed,0.90655,2191977
friendster,8,dense,11,0.163539,2.37005,8.7886,0.818546,273913,mixed,0.146795,291358
friendster,8,dense,12,0.177051,2.24862,4.24393,0.730574,3430026,mixed,0.157619,266844
friendster,8,dense,13,0.158539,2.33738,7.45154,0.729157,368405,mixed,0.142438,273429
friendster,8,dense,14,2.65122,2.54006,11.2838,7.39238,49677,mixed,2.63627,2655462
friendster,8,dense,15,0.545849,2.20372,6.07558,2.98605,971412,mixed,0.512844,825172
friendster,8,dense,16,0.740792,2.25078,7.58399,3.11812,1659526,mixed,0.720174,715638
friendster,8,dense,17,0.317599,2.4308,8.74615,1.64518,108009,mixed,0.298016,403001
friendster,8,dense,18,0.147857,2.39809,4.50944,0.734482,28082863,mixed,0.128549,270705
friendster,8,dense,19,0.203584,2.53604,5.13394,0.944208,15638,mixed,0.190553,317670
friendster,8,dense,20,0.474815,2.36027,6.17062,2.08227,247940,mixed,0.457296,936838
friendster,8,dense,21,0.191429,2.37458,9.45761,0.837698,285552,mixed,0.174083,323948
friendster,8,dense,22,0.75342,2.4579,9.64856,4.9341,91967,mixed,0.736246,1472235
friendster,8,dense,23,0.145062,2.46696,6.08129,0.680315,228502,mixed,0.128074,252430
friendster,8,dense,24,0.374603,2.45504,6.63799,2.05835,139149,mixed,0.356182,493838
friendster,8,dense,25,0.414131,2.3553,7.21745,2.23658,300793,mixed,0.39451,566488
friendster,8,dense,26,0.150158,2.43228,5.57924,0.691238,282658,mixed,0.134664,251159
friendster,8,dense,27,0.468968,2.45148,7.18184,2.41401,103681,mixed,0.449828,582430
friendster,8,dense,28,0.147571,2.3421,8.75569,0.673816,1023576,mixed,0.12586,271373
friendster,8,dense,29,1.17085,2.40492,8.49633,6.58668,49159,mixed,1.15008,1950320
friendster,8,dense,30,0.214925,2.35711,7.23164,0.89784,259296,mixed,0.197837,348274
friendster,8,dense,31,0.593883,2.45879,10.7507,3.27164,1027133,mixed,0.573155,854651
friendster,8,dense,32,0.189825,2.34582,9.80264,0.868408,275009,mixed,0.17032,335445
friendster,8,dense,33,0.40786,2.35212,6.77644,2.25777,416496,mixed,0.387035,446947
friendster,8,dense,34,0.332503,2.5115,5.42654,1.97324,21142,mixed,0.316036,750177
friendster,8,dense,35,0.476358,2.44086,5.79914,1.61628,147533,mixed,0.458456,712916
friendster,8,dense,36,0.287681,2.40995,5.72096,1.0782,202011,mixed,0.263693,370054
friendster,8,dense,37,0.173151,2.35667,4.80126,0.774178,870623,mixed,0.150139,282100
friendster,8,dense,38,0.466007,2.53968,7.16056,2.56518,30002,mixed,0.450028,677213
friendster,8,dense,39,0.494422,2.34029,4.73343,1.72361,11951630,mixed,0.475508,416792
friendster,8,dense,40,0.532534,2.44625,4.24307,3.57007,185275,mixed,0.517165,773824
friendster,8,dense,41,0.173011,2.37287,5.76212,0.793395,461608,mixed,0.156418,276513
friendster,8,dense,42,0.384273,2.34798,3.96667,2.36041,1230616,mixed,0.359286,714172
friendster,8,dense,43,0.602838,2.32634,6.75958,4.05911,243646,mixed,0.582767,953531
friendster,8,dense,44,0.395446,2.39947,6.62261,2.37036,84836,mixed,0.38097,567159
friendster,8,dense,45,0.333838,2.40483,6.42109,1.90184,1196527,mixed,0.313496,460220
friendster,8,dense,46,0.382048,2.36568,7.07448,2.31002,1300737,mixed,0.363602,562860
friendster,8,dense,47,0.173577,2.40632,8.96264,0.714306,403398,mixed,0.152467,287488
friendster,8,dense,48,0.334436,2.38191,11.4783,0.99609,290120,mixed,0.314582,320986
friendster,8,dense,49,0.365016,2.34449,6.94295,2.1327,2287132,mixed,0.349769,427215
friendster,8,dense,50,0.356353,2.48695,6.01076,2.15846,106245,mixed,0.340262,510507
friendster,8,dense,51,0.31913,2.36096,5.19297,0.992066,1752169,mixed,0.301668,362632
friendster,8,dense,52,0.283197,2.4549,4.90852,0.986138,185575,mixed,0.268052,331250
friendster,8,dense,53,0.162846,2.36264,7.51454,0.767809,1151603,mixed,0.143985,285868
friendster,8,dense,54,0.502104,2.45053,7.65777,2.39224,26606,mixed,0.489506,750558
friendster,8,dense,55,0.21948,2.33432,4.51201,0.958284,331782,mixed,0.200593,376181
friendster,8,dense,56,0.175137,2.38358,4.88587,0.935377,152054,mixed,0.155822,382386
friendster,8,dense,57,0.180135,2.39146,7.05008,0.75001,351401,mixed,0.162172,276629
friendster,8,dense,58,0.240934,2.37862,5.04843,1.04987,82161,mixed,0.22259,404427
friendster,8,dense,59,0.421883,2.47066,4.17056,2.12932,49526,mixed,0.40686,711532
friendster,8,dense,60,0.162493,2.34944,7.68493,0.720101,290072,mixed,0.145517,273421
friendster,8,dense,61,0.139549,2.51393,9.37186,0.657247,8652,mixed,0.125336,241897
friendster,8,dense,62,0.298678,2.53307,6.02928,1.29479,38856,mixed,0.284946,403133
friendster,8,dense,63,0.372532,2.32096,4.69657,1.28028,307528,mixed,0.353979,551782
friendster,8,dense,64,0.54965,2.48241,8.34968,2.29504,8902,mixed,0.536111,2298467
friendster,8,dense,65,0.158369,2.46524,7.11337,0.769753,78781,mixed,0.141941,268297
friendster,8,dense,66,0.152629,2.33018,5.90789,0.745344,374813,mixed,0.134345,283676
friendster,8,dense,67,0.157768,2.4,6.93063,0.722247,37292,mixed,0.143645,292019
friendster,8,dense,68,0.157184,2.34011,8.37544,0.787922,743362,mixed,0.138719,279969
friendster,8,dense,69,0.424087,2.28376,4.85415,1.95716,959877,mixed,0.406549,629050
friendster,8,dense,70,0.14558,2.39581,6.88001,0.745423,92345,mixed,0.127758,253302
friendster,8,dense,71,0.167244,2.31132,5.36418,0.730507,345032,mixed,0.148892,277909
friendster,8,dense,72,0.386537,2.36021,6.52512,2.22702,714325,mixed,0.36967,560092
friendster,8,dense,73,0.204597,2.43752,9.13872,0.947458,270675,mixed,0.187541,386455
friendster,8,dense,74,0.298461,2.68154,4.91689,1.35947,69500,mixed,0.286976,377932
friendster,8,dense,75,0.430158,2.3402,6.25844,2.78987,415280,mixed,0.411458,741301
friendster,8,dense,76,0.210286,2.38251,9.49634,1.01665,673049,mixed,0.192768,382676
friendster,8,dense,77,0.165217,2.36812,6.51801,0.765779,349246,mixed,0.14359,307249
friendster,8,dense,78,0.155156,2.33208,6.4524,0.710958,741278,mixed,0.137534,283870
friendster,8,dense,79,0.161077,2.44624,4.0971,0.835514,86893,mixed,0.143205,319169
friendster,8,dense,80,0.191022,2.36937,6.19108,0.789294,278432,mixed,0.170155,280371
friendster,8,dense,81,0.504515,2.40951,6.26543,2.70056,220490,mixed,0.485564,876821
friendster,8,dense,82,0.161926,2.29001,8.38625,0.821453,413180,mixed,0.143638,284949
friendster,8,dense,83,0.178333,2.38883,6.67635,0.771408,504928,mixed,0.157204,303029
friendster,8,dense,84,0.156031,2.2817,4.07981,0.722837,3086807,mixed,0.135969,268655
friendster,8,dense,85,0.863894,2.43681,8.94863,5.2557,71443,mixed,0.850768,1728678
friendster,8,dense,86,0.315272,2.36514,8.22211,0.92696,1114967,mixed,0.298013,317418
friendster,8,dense,87,0.438545,2.29734,6.5811,2.41647,379846,mixed,0.420428,675363
friendster,8,dense,88,0.353932,2.49587,5.29525,2.32531,254939,mixed,0.339474,530726
friendster,8,dense,89,0.137177,2.55085,6.30973,0.700684,309939,mixed,0.124629,250273
friendster,8,dense,90,0.567569,2.41596,5.10936,3.18662,358344,mixed,0.550437,621844
friendster,8,dense,91,0.433987,2.57834,9.29207,2.45313,9806,mixed,0.418855,695453
friendster,8,dense,92,0.438601,2.36364,7.07812,2.06883,1071882,mixed,0.417641,538787
friendster,8,dense,93,0.516071,2.3682,5.85263,2.82741,325753,mixed,0.497077,520998
friendster,8,dense,94,0.60258,2.45579,8.45623,2.88602,289111,mixed,0.581696,738527
friendster,8,dense,95,0.638708,2.35581,6.46772,4.49106,219036,mixed,0.619445,1008862
friendster,8,dense,96,0.158098,2.46695,6.34662,0.699735,59949,mixed,0.143864,266424
friendster,8,dense,97,1.22992,2.5256,5.47594,5.19007,19775,mixed,1.21759,2941112
friendster,8,dense,98,0.426827,2.41448,5.17788,2.36378,121073,mixed,0.409382,506451
friendster,8,dense,99,0.383242,2.37077,4.37407,1.94779,131968,mixed,0.370239,339194
friendster,8,dense,100,0.332787,2.27083,4.98322,1.47075,2211249,mixed,0.315629,490756
friendster,8,sparse,1,0.69792,1.91459,6.67426,3.26822,8305487305,mixed,0.664848,1534502
friendster,8,sparse,2,4.02647,1.98294,9.81531,20.273,6297510782,mixed,3.99886,7020219
friendster,8,sparse,3,14.5325,1.99273,7.99468,71.7086,7232393137,mixed,14.5008,25431191
friendster,8,sparse,4,0.601623,2.46203,10.1667,2.72162,10758,mixed,0.58449,779705
friendster,8,sparse,5,2.55276,1.95173,10.1036,12.9126,4895401545,mixed,2.51921,6366062
friendster,8,sparse,6,3.82651,1.91794,10.1896,17.0979,5920402403,mixed,3.79442,7270851
friendster,8,sparse,7,1.07975,1.92152,4.74819,4.59721,9894027731,mixed,1.04717,2242923
friendster,8,sparse,8,0.241224,2.42949,5.18079,0.903221,172298,mixed,0.225038,374312
friendster,8,sparse,9,0.358946,1.92528,4.95077,2.38709,20091400655,mixed,0.327481,981208
friendster,8,sparse,10,0.659651,1.96211,6.61384,3.89811,9679643562,mixed,0.625632,1917030
friendster,8,sparse,11,1.54264,1.97573,7.29662,7.12491,3567336283,mixed,1.51504,3014408
friendster,8,sparse,12,1.84999,2.38801,11.4069,11.8497,29443,mixed,1.83252,4198268
friendster,8,sparse,13,0.342056,1.89354,3.96173,1.76968,28176847450,mixed,0.309768,845825
friendster,8,sparse,14,0.218102,2.35323,5.68081,0.995397,158121,mixed,0.200704,435476
friendster,8,sparse,15,1.32891,1.93417,11.4884,5.92695,2761583193,mixed,1.2983,2960244
friendster,8,sparse,16,20.886,1.95714,13.9948,121.628,3047156636,mixed,20.8591,36927344
friendster,8,sparse,17,15.3472,1.95791,18.0048,80.1551,2295417796,mixed,15.3195,38584991
friendster,8,sparse,18,0.725872,1.97047,7.27528,4.63833,14590264428,mixed,0.694141,1437558
friendster,8,sparse,19,5.15303,1.9133,12.1035,16.7514,3931724398,mixed,5.12568,9560425
friendster,8,sparse,20,2.5045,1.92973,10.9981,13.1394,4578759693,mixed,2.47393,6083352
friendster,8,sparse,21,74.4427,1.94015,14.0952,290.545,3650217124,mixed,74.4142,189790842
friendster,8,sparse,22,0.15816,2.34352,4.10809,0.838347,189634,mixed,0.139819,325277
friendster,8,sparse,23,5.35876,1.9902,5.18661,31.5089,19115475317,mixed,5.32968,13150281
friendster,8,sparse,24,0.430414,1.91337,6.74801,2.44694,7023190137,mixed,0.396908,1026982
friendster,8,sparse,25,0.588426,2.34219,6.10086,1.93785,79400,mixed,0.569332,557665
friendster,8,sparse,26,1.22983,1.96271,8.68357,7.37933,9634744509,mixed,1.19741,5293328
friendster,8,sparse,27,0.48057,1.91368,7.04915,2.81159,7817666476,mixed,0.450821,1042769
friendster,8,sparse,28,0.640478,1.94061,7.76478,3.40622,9617468563,mixed,0.607286,1662480
friendster,8,sparse,29,2.67491,1.91961,10.8949,13.904,5035403215,mixed,2.64132,6215893
friendster,8,sparse,30,3.18105,1.94456,10.5094,19.4729,5402895859,mixed,3.15317,6295066
friendster,8,sparse,31,1.13085,1.93845,6.70549,6.05092,9017203579,mixed,1.09772,2538714
friendster,8,sparse,32,14.2406,2.00927,15.8524,71.6019,3290066466,mixed,14.2096,20784132
friendster,8,sparse,33,0.421634,2.03139,4.93503,2.39027,11498330873,mixed,0.388371,995439
friendster,8,sparse,34,0.274558,1.92173,4.30017,1.79279,38012840306,mixed,0.24277,942835
friendster,8,sparse,35,0.331596,2.41634,9.18084,1.65078,272995,mixed,0.313555,686279
friendster,8,sparse,36,0.352326,1.86231,4.68283,2.6753,22324303230,mixed,0.316634,990789
friendster,8,sparse,37,0.428786,1.89986,6.65767,2.43874,7867418929,mixed,0.395096,1053092
friendster,8,sparse,38,104.29,1.92778,12.6029,458.393,3350828901,mixed,104.26,181775006
friendster,8,sparse,39,3.09901,1.89918,12.5218,16.7185,8532680630,mixed,3.0697,6630069
friendster,8,sparse,40,0.598651,1.8923,6.89666,3.13962,13175656239,mixed,0.567847,1110860
friendster,8,sparse,41,0.206114,2.36393,4.70522,0.971004,124111,mixed,0.19159,464014
friendster,8,sparse,42,17.9259,1.9028,14.2903,83.404,3063615122,mixed,17.8976,19597285
friendster,8,sparse,43,1.58254,2.36814,6.8586,8.21465,61209,mixed,1.56653,3121738
friendster,8,sparse,44,16.1959,1.88925,10.0841,32.5651,5465557104,mixed,16.1657,14744847
friendster,8,sparse,45,3.77817,1.94318,10.8479,25.1825,4442951602,mixed,3.75051,9969279
friendster,8,sparse,46,0.265102,2.39006,5.83278,1.10173,61428,mixed,0.246803,427230
friendster,8,sparse,47,24.0279,2.02934,17.9754,113.93,2513276371,mixed,23.9998,38415122
friendster,8,sparse,48,3.69683,1.92051,11.5556,15.2356,4835655228,mixed,3.66442,4618388
friendster,8,sparse,49,0.326939,1.93514,3.723,1.84251,34491705158,mixed,0.291805,822072
friendster,8,sparse,50,0.44346,1.99376,5.59231,2.52414,12625212231,mixed,0.410874,986679
friendster,8,sparse,51,2.7659,2.03525,12.3189,14.2276,9516097247,mixed,2.73764,6602879
friendster,8,sparse,52,1.86083,1.97948,11.3196,8.31217,4269618675,mixed,1.82882,3254204
friendster,8,sparse,53,4.47586,1.89552,10.3785,28.1589,5274609610,mixed,4.44875,16972951
friendster,8,sparse,54,0.285881,1.92459,3.2949,1.90271,42089707105,mixed,0.247085,956744
friendster,8,sparse,55,0.943832,1.92298,10.6837,4.42943,7461837490,mixed,0.913627,2080910
friendster,8,sparse,56,5.20008,2.10529,16.539,31.9385,106854899,mixed,5.17269,8214006
friendster,8,sparse,57,27.4439,2.0083,12.2585,116.403,2853984172,mixed,27.4151,44643717
friendster,8,sparse,58,3.58264,1.96066,9.68767,31.2908,4691884784,mixed,3.55513,15752973
friendster,8,sparse,59,0.337399,2.03467,6.38909,1.62998,345003105,mixed,0.309829,546737
friendster,8,sparse,60,110.727,2.03188,27.9967,480.477,1279495258,mixed,110.697,140395443
friendster,8,sparse,61,0.479326,1.90138,5.47682,2.37576,13573107915,mixed,0.445032,994335
friendster,8,sparse,62,16.9789,1.97975,12.2527,96.0036,2729754499,mixed,16.9526,28025220
friendster,8,sparse,63,2.20876,2.49185,9.87054,13.2619,4106,mixed,2.19474,5500234
friendster,8,sparse,64,0.206645,2.3657,5.55178,0.850322,84508,mixed,0.191744,343116
friendster,8,sparse,65,0.273949,1.86827,4.18554,1.2776,102326308517,mixed,0.23877,513107
friendster,8,sparse,66,0.688718,1.95122,7.30477,3.86482,8226417643,mixed,0.659357,2195892
friendster,8,sparse,67,0.418172,1.9493,5.63851,2.3501,15740878868,mixed,0.385334,997684
friendster,8,sparse,68,3.43341,1.90374,12.0061,17.0213,3088668564,mixed,3.40548,4707957
friendster,8,sparse,69,0.556885,1.95928,6.93622,3.08804,13344378963,mixed,0.527779,1381055
friendster,8,sparse,70,18.8561,1.95063,16.3826,80.4016,2385104873,mixed,18.8249,34142113
friendster,8,sparse,71,0.631469,1.92808,6.85985,3.45449,10175634633,mixed,0.597499,1869082
friendster,8,sparse,72,1.0844,2.09591,11.0957,7.47863,116988793,mixed,1.05767,2543214
friendster,8,sparse,73,2.16317,1.94447,14.6994,13.1361,4543529644,mixed,2.13426,8475738
friendster,8,sparse,74,2.87543,1.91743,13.2958,15.2521,5152885987,mixed,2.84543,5439825
friendster,8,sparse,75,1.49985,1.92376,7.62046,6.74432,3705321004,mixed,1.47142,2950953
friendster,8,sparse,76,0.428788,1.97327,6.10014,1.87596,26917502049,mixed,0.398541,695859
friendster,8,sparse,77,3.80773,1.99157,9.23057,18.6305,5582987401,mixed,3.76025,7001069
friendster,8,sparse,78,0.431991,1.92974,4.60541,2.16329,10934202388,mixed,0.398493,778467
friendster,8,sparse,79,2.99182,1.94399,10.7658,18.9772,5839504920,mixed,2.96285,8494788
friendster,8,sparse,80,0.273377,1.91589,4.46387,1.95645,47373798340,mixed,0.241646,957119
friendster,8,sparse,81,8.95485,1.99511,21.2453,60.3612,1901870853,mixed,8.92653,19460300
friendster,8,sparse,82,0.45118,1.93813,7.17859,2.68746,9104751287,mixed,0.421292,1066267
friendster,8,sparse,83,3.44138,1.98027,8.9999,26.1294,5351567460,mixed,3.414,15312923
friendster,8,sparse,84,1.29766,2.35983,5.90461,5.1646,120916,mixed,1.27813,2374861
friendster,8,sparse,85,0.187758,2.3301,10.3211,0.845402,23636,mixed,0.170505,337925
friendster,8,sparse,86,4.39706,2.00565,10.7986,19.9591,4189923659,mixed,4.36826,6459466
friendster,8,sparse,87,1.70469,1.94616,8.13742,11.3482,9040534307,mixed,1.67051,8217539
friendster,8,sparse,88,2.99232,1.9932,10.1873,13.3135,5587252534,mixed,2.95864,6668540
friendster,8,sparse,89,0.271279,2.42157,7.0073,1.06078,32358,mixed,0.254862,460366
friendster,8,sparse,90,23.8639,1.99656,12.9627,143.657,3079531251,mixed,23.8381,41318903
friendster,8,sparse,91,0.256088,1.90078,3.42135,1.18308,98596144482,mixed,0.222225,467035
friendster,8,sparse,92,17.8773,2.05041,14.6338,117.388,2579431110,mixed,17.8468,49649338
friendster,8,sparse,93,6.47006,2.01366,8.41196,25.9869,3273856106,mixed,6.4383,11172408
friendster,8,sparse,94,1.59505,1.95892,7.67881,8.70185,3419998033,mixed,1.56487,3519664
friendster,8,sparse,95,16.9139,1.93738,7.86522,80.9606,10165745945,mixed,16.8853,28855589
friendster,8,sparse,96,3.47632,1.97217,12.4762,13.9504,4014895041,mixed,3.4433,4862847
friendster,8,sparse,97,1.00762,1.94225,4.35556,4.19648,19630885352,mixed,0.974066,2395669
friendster,8,sparse,98,0.376969,1.89505,6.4157,1.98512,26975529015,mixed,0.34374,699480
friendster,8,sparse,99,8.86327,2.08127,13.0869,42.3123,1363293488,mixed,8.83001,21046335
friendster,8,sparse,100,0.511895,1.87022,4.55299,3.29407,16997377720,mixed,0.48065,1119535
