dataset,query_size,query_mode,query_index,elapsed_execution_time,filter_time,plan_time,enumerate_time,n_embeddings,order,max_task_time,n_intersections
orkut,8,dense,1,0.242608,0.167403,0.0972579,0.331981,718319.0,mixed,0.0795832,393207
orkut,8,dense,2,0.221953,0.165332,0.0967102,0.388163,2122314.0,mixed,0.201309,549295
orkut,8,dense,3,0.262261,0.177323,0.0915514,0.267579,4243645.0,mixed,0.0462341,278787
orkut,8,dense,4,2.09339,0.169889,0.116831,9.4257,447770.0,mixed,0.261338,14137799
orkut,8,dense,5,0.213998,0.15918,0.102587,0.212152,1867295.0,mixed,0.0490214,263593
orkut,8,dense,6,0.524543,0.179871,0.115832,0.59677,1517097.0,mixed,0.201036,783929
orkut,8,dense,7,0.382372,0.133162,0.0986925,0.477689,86953.0,mixed,0.15542,817346
orkut,8,dense,8,0.149745,0.141163,0.0992579,0.264017,832973.0,mixed,0.146299,386070
orkut,8,dense,9,0.169238,0.181034,0.086816,0.247347,878765.0,mixed,0.166134,343056
orkut,8,dense,10,0.274522,0.135593,0.099136,0.384983,336581.0,mixed,0.0669082,586706
orkut,8,dense,11,0.625787,0.147379,0.0994987,1.12824,3409886.0,mixed,0.200874,1350407
orkut,8,dense,12,0.124549,0.168561,0.0894703,0.206625,41893.0,mixed,0.121623,358338
orkut,8,dense,13,0.854454,0.147189,0.0906027,1.01579,13113350.0,mixed,0.202665,841901
orkut,8,dense,14,0.193669,0.175549,0.108508,0.282497,473717.0,mixed,0.190714,411947
orkut,8,dense,15,0.930503,0.159795,0.116439,1.56501,477307.0,mixed,0.201447,2764671
orkut,8,dense,16,0.183161,0.185818,0.0939567,0.300945,52467.0,mixed,0.180169,624410
orkut,8,dense,17,0.384685,0.199385,0.120868,0.478267,480851.0,mixed,0.151913,674330
orkut,8,dense,18,0.26906,0.157439,0.096578,0.327349,101888.0,mixed,0.0616125,503742
orkut,8,dense,19,0.397684,0.170781,0.11215,0.465845,664630.0,mixed,0.159844,627888
orkut,8,dense,20,1.09212,0.140356,0.0870465,1.51966,29231796.0,mixed,0.203309,702166
orkut,8,dense,21,0.734525,0.160319,0.108778,1.00684,80712.0,mixed,0.201173,1579534
orkut,8,dense,22,0.624447,0.162803,0.117675,0.970856,283362.0,mixed,0.202038,1841429
orkut,8,dense,23,0.248819,0.180917,0.0990044,0.330345,3446020.0,mixed,0.0527282,406659
orkut,8,dense,24,0.20772,0.153878,0.096013,0.340776,2129524.0,mixed,0.200694,402911
orkut,8,dense,25,0.23725,0.189787,0.10722,0.310541,3545761.0,mixed,0.0596875,359345
orkut,8,dense,26,0.545069,0.201744,0.110687,0.821699,244040.0,mixed,0.12674,1055532
orkut,8,dense,27,0.160883,0.17574,0.103694,0.272019,48329.0,mixed,0.158324,405384
orkut,8,dense,28,0.946629,0.153933,0.088147,1.37299,19729269.0,mixed,0.204394,829981
orkut,8,dense,29,0.158629,0.176406,0.0911289,0.252518,549592.0,mixed,0.155017,332698
orkut,8,dense,30,0.209342,0.193886,0.0794666,0.365923,1993620.0,mixed,0.200603,338677
orkut,8,dense,31,0.172693,0.155901,0.093805,0.277197,797987.0,mixed,0.16912,416992
orkut,8,dense,32,0.141031,0.182916,0.0879046,0.22323,71261.0,mixed,0.138209,381260
orkut,8,dense,33,0.206256,0.129817,0.104874,0.300238,2052619.0,mixed,0.200907,345629
orkut,8,dense,34,0.177564,0.185579,0.0980879,0.288872,784928.0,mixed,0.174524,386467
orkut,8,dense,35,0.255214,0.12796,0.0948338,0.286071,4389398.0,mixed,0.0504155,349267
orkut,8,dense,36,0.209235,0.156933,0.0988912,0.175775,1200655.0,mixed,0.0546275,220231
orkut,8,dense,37,0.242505,0.162506,0.128501,0.355548,187779.0,mixed,0.077837,449724
orkut,8,dense,38,0.334714,0.164825,0.0964521,0.684102,755522.0,mixed,0.130117,774585
orkut,8,dense,39,0.615765,0.196097,0.109594,0.750538,166599.0,mixed,0.200613,1247685
orkut,8,dense,40,0.349951,0.119163,0.0917632,0.354246,5899798.0,mixed,0.117473,341863
orkut,8,dense,41,0.385162,0.211513,0.101684,0.752569,230916.0,mixed,0.180742,991175
orkut,8,dense,42,0.170145,0.140242,0.0976966,0.314094,829116.0,mixed,0.156988,347761
orkut,8,dense,43,0.950364,0.198013,0.098849,1.41979,106850.0,mixed,0.209266,2501825
orkut,8,dense,44,0.209383,0.148898,0.0879207,0.15843,2426282.0,mixed,0.0421557,223647
orkut,8,dense,45,0.357731,0.180508,0.0805779,0.418203,6229287.0,mixed,0.140377,423276
orkut,8,dense,46,0.788224,0.180738,0.108425,0.724652,62796.0,mixed,0.106161,1062841
orkut,8,dense,47,0.457369,0.171679,0.116742,0.763356,60414.0,mixed,0.200264,1337591
orkut,8,dense,48,0.134068,0.176008,0.0938924,0.213368,122226.0,mixed,0.131349,332345
orkut,8,dense,49,1.4425,0.154558,0.111709,2.8281,1109043.0,mixed,0.203457,4691287
orkut,8,dense,50,1.06232,0.151874,0.130695,3.52444,432792.0,mixed,0.20218,4861204
orkut,8,dense,51,0.216896,0.190626,0.0979848,0.235425,2917114.0,mixed,0.0504451,293110
orkut,8,dense,52,0.425996,0.159359,0.10754,0.8767,2651687.0,mixed,0.200725,1140578
orkut,8,dense,53,0.369468,0.149813,0.0908144,0.450998,7400846.0,mixed,0.137144,323155
orkut,8,dense,54,0.209784,0.185639,0.104626,0.30156,86643.0,mixed,0.147938,495820
orkut,8,dense,55,0.206538,0.16449,0.0995539,0.115978,466090.0,mixed,0.0359578,174589
orkut,8,dense,56,0.207837,0.170881,0.0982109,0.316707,2180718.0,mixed,0.200856,321677
orkut,8,dense,57,0.153307,0.14926,0.105213,0.240655,242474.0,mixed,0.149862,393264
orkut,8,dense,58,0.200418,0.16955,0.0937628,0.276605,1704610.0,mixed,0.197403,333961
orkut,8,dense,59,0.252737,0.132041,0.0948993,0.297101,496773.0,mixed,0.0565785,423861
orkut,8,dense,60,0.132651,0.142848,0.0916139,0.190358,44102.0,mixed,0.129812,314989
orkut,8,dense,61,1.25901,0.132032,0.0831489,0.417852,26973759.0,mixed,0.13253,418599
orkut,8,dense,62,0.58955,0.180537,0.140289,0.855392,1344853.0,mixed,0.204063,1113104
orkut,8,dense,63,0.211971,0.187073,0.086418,0.214007,2370397.0,mixed,0.0633847,260449
orkut,8,dense,64,0.228847,0.164617,0.0952019,0.252904,3439603.0,mixed,0.0509532,311363
orkut,8,dense,65,1.65423,0.184712,0.114875,3.11052,276528.0,mixed,0.207426,4883527
orkut,8,dense,66,0.379457,0.194164,0.111332,0.614888,98319.0,mixed,0.153903,915709
orkut,8,dense,67,0.212899,0.175081,0.0884622,0.226253,3174636.0,mixed,0.0526421,269318
orkut,8,dense,68,0.13245,0.202701,0.0958305,0.210293,470383.0,mixed,0.128376,351843
orkut,8,dense,69,0.309106,0.190333,0.0918464,0.572316,39866.0,mixed,0.10528,691281
orkut,8,dense,70,0.241383,0.177812,0.099841,0.32066,445564.0,mixed,0.0838425,423810
orkut,8,dense,71,0.205376,0.165003,0.0851416,0.281364,1801527.0,mixed,0.20041,364988
orkut,8,dense,72,0.258352,0.117537,0.0983281,0.269946,4322214.0,mixed,0.0521027,286069
orkut,8,dense,73,1.45212,0.15333,0.11194,1.52766,234693.0,mixed,0.201861,2849641
orkut,8,dense,74,0.150857,0.180459,0.114516,0.249046,105581.0,mixed,0.147933,431824
orkut,8,dense,75,0.205618,0.149826,0.0937365,0.310566,504633.0,mixed,0.200827,442145
orkut,8,dense,76,0.20878,0.170265,0.0910025,0.343275,1555368.0,mixed,0.200826,400795
orkut,8,dense,77,0.208093,0.188851,0.0900838,0.329204,310132.0,mixed,0.200525,402605
orkut,8,dense,78,0.320101,0.146923,0.108677,0.342592,857836.0,mixed,0.0978874,415432
orkut,8,dense,79,0.353241,0.17121,0.0896534,0.413449,3641191.0,mixed,0.143479,489023
orkut,8,dense,80,0.141888,0.158546,0.100992,0.221114,20931.0,mixed,0.138981,384338
orkut,8,dense,81,0.139113,0.170394,0.0913911,0.237044,35958.0,mixed,0.136661,443694
orkut,8,dense,82,0.22037,0.195554,0.111602,0.357057,82485.0,mixed,0.1094,612546
orkut,8,dense,83,0.226068,0.158904,0.105743,0.313145,1745618.0,mixed,0.0900859,380253
orkut,8,dense,84,0.324761,0.188135,0.0983609,0.660576,36608.0,mixed,0.120952,815045
orkut,8,dense,85,0.542399,0.151791,0.0981029,0.502237,11578532.0,mixed,0.206226,325164
orkut,8,dense,86,2.80244,0.154969,0.078528,1.98984,79959432.0,mixed,0.258949,432819
orkut,8,dense,87,0.172084,0.193346,0.0982089,0.255522,222379.0,mixed,0.169408,399051
orkut,8,dense,88,0.332773,0.19244,0.0960107,0.721657,169083.0,mixed,0.125215,1087061
orkut,8,dense,89,0.446312,0.159861,0.104705,0.671823,1573170.0,mixed,0.0667014,836159
orkut,8,dense,90,0.191575,0.190058,0.0913267,0.269156,79559.0,mixed,0.189258,485591
orkut,8,dense,91,0.206847,0.153717,0.0923424,0.331326,1874277.0,mixed,0.200512,425173
orkut,8,dense,92,0.236145,0.159684,0.089749,0.303505,2154545.0,mixed,0.0808311,325561
orkut,8,dense,93,0.327342,0.164033,0.111385,0.566379,86190.0,mixed,0.124437,793838
orkut,8,dense,94,0.176577,0.135099,0.0950077,0.257323,217955.0,mixed,0.173989,446132
orkut,8,dense,95,1.02289,0.168819,0.0921627,1.49363,129107.0,mixed,0.200828,2297592
orkut,8,dense,96,0.20779,0.161691,0.0807257,0.304515,49136.0,mixed,0.200496,449026
orkut,8,dense,97,0.217658,0.16396,0.107711,0.227659,169275.0,mixed,0.0487765,292252
orkut,8,dense,98,0.58023,0.172033,0.101413,0.800999,6559768.0,mixed,0.201079,839196
orkut,8,dense,99,0.612183,0.196479,0.0887547,0.593724,10965512.0,mixed,0.202256,439860
orkut,8,dense,100,0.84061,0.155183,0.0922211,1.02681,19363130.0,mixed,0.204489,502902
orkut,8,sparse,1,3.23642,0.154384,0.0964788,22.6634,155913823.0,mixed,0.340862,9384308
orkut,8,sparse,2,1.34626,0.142988,0.0998218,3.98017,33553669.0,mixed,0.20331,3490948
orkut,8,sparse,3,0.632262,0.170333,0.0926224,1.44803,1469201.0,mixed,0.144671,1873938
orkut,8,sparse,4,0.910783,0.167876,0.0760051,2.18276,23526117.0,mixed,0.223369,1687192
orkut,8,sparse,5,0.953581,0.171572,0.0936948,0.916182,3042220.0,mixed,0.206975,945017
orkut,8,sparse,6,40.2873,0.162498,0.101009,94.7424,1013013448.0,mixed,1.71804,29984643
orkut,8,sparse,7,3.33251,0.16131,0.111599,19.5498,4026379.0,mixed,0.204679,24313036
orkut,8,sparse,8,14.2824,0.15273,0.0871562,103.921,651677125.0,mixed,1.90368,4701354
orkut,8,sparse,9,2.87652,0.160647,0.104498,9.17564,27276848.0,mixed,0.202264,11976739
orkut,8,sparse,10,1.9329,0.169229,0.0689693,4.4462,70935632.0,mixed,0.242392,1625122
orkut,8,sparse,11,1.39132,0.152049,0.0910198,4.54006,41016725.0,mixed,0.206132,1926565
orkut,8,sparse,12,1.13919,0.144295,0.104316,1.99725,36613295.0,mixed,0.206217,1092549
orkut,8,sparse,13,863.55,0.136378,0.120775,1246.81,210204263.0,mixed,6.42814,832378950
orkut,8,sparse,14,3.06031,0.135103,0.132482,17.3291,16368879.0,mixed,0.239386,17539701
orkut,8,sparse,15,3.8108,0.158314,0.0985004,9.37045,129324939.0,mixed,0.230813,4581493
orkut,8,sparse,16,1.12793,0.136349,0.100567,0.914404,3491358.0,mixed,0.204125,1337807
orkut,8,sparse,17,204.282,0.137782,0.0955118,4291.06,7174466252.0,mixed,76.4917,109086534
orkut,8,sparse,18,4.82662,0.145179,0.0883653,20.4948,235463640.0,mixed,0.582251,3992036
orkut,8,sparse,19,0.413734,0.165215,0.096344,0.715728,7035951.0,mixed,0.202158,623082
orkut,8,sparse,20,3.86959,0.16209,0.0956136,2.54192,68766188.0,mixed,0.203007,2415987
orkut,8,sparse,21,0.667673,0.1723,0.110494,1.29674,8157848.0,mixed,0.201462,1611092
orkut,8,sparse,22,1.22349,0.136636,0.100792,2.39676,35838711.0,mixed,0.208019,1197365
orkut,8,sparse,23,25.212,0.129293,0.0893996,36.1749,757901461.0,mixed,0.479232,2556788
orkut,8,sparse,24,108.636,0.16577,0.134997,158.132,99195520.0,mixed,2.27237,140101076
orkut,8,sparse,25,21.5283,0.133294,0.109897,52.5221,8203658.0,mixed,0.468363,44703802
orkut,8,sparse,26,18.2278,0.165781,0.128541,124.708,90808455.0,mixed,0.91443,97557366
orkut,8,sparse,27,1.34,0.147243,0.0944138,2.5993,34188630.0,mixed,0.214596,1881697
orkut,8,sparse,28,2.70152,0.133481,0.100239,8.74599,92861945.0,mixed,0.259699,4909374
orkut,8,sparse,29,6.34873,0.123701,0.127936,75.4132,318555018.0,mixed,1.03141,20488312
orkut,8,sparse,30,76.1441,0.146142,0.0935787,2214.35,6936870135.0,mixed,60.2478,30611317
orkut,8,sparse,31,4.99607,0.113247,0.0668807,8.04678,176310970.0,mixed,0.275127,1714393
orkut,8,sparse,32,15.0015,0.15219,0.110757,99.7531,184990017.0,mixed,0.460335,65526349
orkut,8,sparse,33,1.59148,0.174657,0.0834624,1.87473,31596444.0,mixed,0.206897,1522895
orkut,8,sparse,34,6.67507,0.178856,0.0709281,65.5686,417744825.0,mixed,0.912367,4621754
orkut,8,sparse,35,1.19044,0.141728,0.132622,3.15316,2169441.0,mixed,0.202688,5235707
orkut,8,sparse,36,5.76847,0.149428,0.123639,18.3125,4689733.0,mixed,0.222605,23140298
orkut,8,sparse,37,19.428,0.164616,0.126576,60.7546,12514511.0,mixed,0.331859,62445791
orkut,8,sparse,38,2.51761,0.154297,0.0773519,4.4404,85193202.0,mixed,0.250545,1546647
orkut,8,sparse,39,4.78464,0.156134,0.0897997,115.214,231061233.0,mixed,2.8624,2335950
orkut,8,sparse,40,4.92927,0.145017,0.0875562,6.0106,152094953.0,mixed,0.484017,1490481
orkut,8,sparse,41,1.28466,0.152146,0.116177,2.46845,37304323.0,mixed,0.221252,1283629
orkut,8,sparse,42,1.2632,0.150566,0.0945038,4.51497,52987143.0,mixed,0.229995,1020631
orkut,8,sparse,43,1.83469,0.149359,0.0985672,6.20832,18661953.0,mixed,0.205225,7374347
orkut,8,sparse,44,11.354,0.170673,0.0830668,10.7753,303782321.0,mixed,0.768443,1595779
orkut,8,sparse,45,12.7865,0.136963,0.0750451,11.2729,358218952.0,mixed,0.977839,1091240
orkut,8,sparse,46,2.53448,0.167811,0.094628,6.28154,60490894.0,mixed,0.295736,5013766
orkut,8,sparse,47,1.87553,0.185024,0.100672,6.56825,81804683.0,mixed,0.220802,3394417
orkut,8,sparse,48,776.167,0.170854,0.0919168,13464.1,20609844401.0,mixed,232.066,34962888
orkut,8,sparse,49,3.54145,0.137061,0.0946196,16.4601,95526817.0,mixed,0.272057,9981702
orkut,8,sparse,50,42.5001,0.151178,0.0919403,122.49,1133493399.0,mixed,2.30434,2355539
orkut,8,sparse,51,3.64859,0.173184,0.0976844,1.96015,84301806.0,mixed,0.245181,663159
orkut,8,sparse,52,41.7413,0.16678,0.0878146,355.185,1417027903.0,mixed,5.84953,8405768
orkut,8,sparse,53,0.525146,0.179668,0.0966108,0.622667,9160327.0,mixed,0.202632,522458
orkut,8,sparse,54,1.11468,0.164404,0.127638,1.90904,3746747.0,mixed,0.207035,2155641
orkut,8,sparse,55,3.07653,0.176049,0.0792225,16.8142,167478013.0,mixed,0.735838,1800942
orkut,8,sparse,56,2.19954,0.135949,0.105329,2.81597,15869848.0,mixed,0.208281,2174498
orkut,8,sparse,57,1.63509,0.156914,0.0883219,4.90941,52061678.0,mixed,0.242368,3854451
orkut,8,sparse,58,7.53581,0.143479,0.109411,6.69863,129528378.0,mixed,0.272486,4958602
orkut,8,sparse,59,3.78481,0.112884,0.0882216,7.85329,110852721.0,mixed,0.255623,5835959
orkut,8,sparse,60,2.05086,0.154588,0.0875924,3.79091,73035248.0,mixed,0.225674,1186379
orkut,8,sparse,62,0.369874,0.154116,0.0898568,0.492702,6689138.0,mixed,0.131255,476752
orkut,8,sparse,63,4.27081,0.118553,0.103447,11.7974,64843996.0,mixed,0.309622,10132974
orkut,8,sparse,64,7.06518,0.154779,0.111655,45.3501,99466641.0,mixed,0.513173,31514612
orkut,8,sparse,65,119.475,0.13862,0.0885594,410.926,3923620406.0,mixed,7.39177,6676861
orkut,8,sparse,66,42.3822,0.173998,0.0730869,475.365,2267258441.0,mixed,6.09668,17000802
orkut,8,sparse,67,8.83664,0.164334,0.103936,68.3126,344039194.0,mixed,1.07921,21160608
orkut,8,sparse,68,16.9501,0.132374,0.108629,11.1757,273966630.0,mixed,0.302755,7576494
orkut,8,sparse,69,0.947805,0.154684,0.0856741,2.4606,31456870.0,mixed,0.217889,2164293
orkut,8,sparse,70,0.916742,0.140574,0.12645,1.35227,1786168.0,mixed,0.201594,1854030
orkut,8,sparse,71,0.77097,0.124752,0.0881757,1.34741,23907520.0,mixed,0.205586,670481
orkut,8,sparse,72,0.817952,0.153341,0.100109,1.61275,18048580.0,mixed,0.212488,1600173
orkut,8,sparse,73,283.896,0.126099,0.0826237,1588.56,10517516884.0,mixed,30.9133,21228473
orkut,8,sparse,74,18.139,0.109279,0.101742,346.985,766258107.0,mixed,8.69265,8540742
orkut,8,sparse,75,5.87375,0.129511,0.0931292,53.7851,332022566.0,mixed,0.693492,5229079
orkut,8,sparse,76,4.22167,0.165085,0.092338,53.9831,232763274.0,mixed,0.49655,20166069
orkut,8,sparse,77,3.20605,0.152863,0.0725882,54.4055,250132390.0,mixed,1.96107,2806594
orkut,8,sparse,78,16.8969,0.167133,0.0883399,213.118,465241707.0,mixed,2.75735,3710250
orkut,8,sparse,79,14.5184,0.160832,0.123259,42.8251,7008744.0,mixed,0.265307,38681685
orkut,8,sparse,80,1.9803,0.165675,0.111144,4.77254,21521647.0,mixed,0.210851,3021879
orkut,8,sparse,81,7.8794,0.164042,0.0804531,28.0057,292122423.0,mixed,1.57963,2763778
orkut,8,sparse,82,12.2673,0.162862,0.111223,66.9587,41304099.0,mixed,1.28819,48586549
orkut,8,sparse,83,1.98209,0.171044,0.101823,3.75283,58158904.0,mixed,0.207535,1720169
orkut,8,sparse,84,10.3512,0.146211,0.099551,14.9831,279170972.0,mixed,0.272444,2616885
orkut,8,sparse,85,0.390447,0.180187,0.130429,0.459475,4682498.0,mixed,0.142088,557153
orkut,8,sparse,86,4.58849,0.156056,0.0972223,4.36733,50730079.0,mixed,0.203559,5141601
orkut,8,sparse,87,4.19759,0.173999,0.122345,8.11352,7123295.0,mixed,0.418807,10320257
orkut,8,sparse,88,11.6875,0.159289,0.0829128,135.172,690115599.0,mixed,3.40417,6759326
orkut,8,sparse,89,1.91965,0.167993,0.0956324,5.42911,52596401.0,mixed,0.213784,4006169
orkut,8,sparse,90,1.61741,0.12498,0.0957636,2.64536,56605573.0,mixed,0.22574,695768
orkut,8,sparse,91,4.1378,0.160546,0.0710443,34.0261,228034967.0,mixed,0.365288,6776494
orkut,8,sparse,92,79.8548,0.158355,0.0756206,1405.32,6163576359.0,mixed,21.9329,15909260
orkut,8,sparse,93,3.35774,0.1444,0.1121,11.2102,20232912.0,mixed,0.206623,12726331
orkut,8,sparse,94,79.807,0.165866,0.0705756,660.062,3797103790.0,mixed,10.4673,16665593
orkut,8,sparse,95,4.57516,0.126365,0.112439,1.80472,98833927.0,mixed,0.243848,701501
orkut,8,sparse,96,2.05563,0.1625,0.102532,5.47071,6030455.0,mixed,0.202682,7808948
orkut,8,sparse,97,666.774,0.167102,0.110967,6686.16,41239012.0,mixed,36.375,4440828762
orkut,8,sparse,98,255.255,0.15576,0.0808049,343.612,6511010115.0,mixed,10.6454,8770768
orkut,8,sparse,99,95.1758,0.14731,0.0778739,920.869,4673748521.0,mixed,24.9052,31475670
orkut,8,sparse,100,1.70261,0.173752,0.109725,3.57023,43231350.0,mixed,0.208707,2865716
