dataset,query_size,query_mode,query_index,elapsed_execution_time,filter_time,plan_time,enumerate_time,n_embeddings,order,max_task_time,n_intersections
orkut,8,dense,1,0.0730539,0.169336,1.30539,1.40134,718319,mixed,0.0699809,235507
orkut,8,dense,2,0.0548163,0.174049,1.65947,0.732712,2122314,mixed,0.0519893,303467
orkut,8,dense,3,0.0416158,0.179441,1.21885,0.287381,4243645,mixed,0.038559,209576
orkut,8,dense,4,0.092077,0.167047,1.49104,2.08557,447770,mixed,0.08049,754687
orkut,8,dense,5,0.0511872,0.164456,1.9536,0.616012,1867295,mixed,0.0446414,307894
orkut,8,dense,6,0.0581818,0.193366,1.58579,0.778147,1517097,mixed,0.0551026,376872
orkut,8,dense,7,0.20047,0.133762,1.3295,0.382184,86953,mixed,0.192881,406692
orkut,8,dense,8,0.0637266,0.143341,1.25596,0.344412,832973,mixed,0.0607029,241759
orkut,8,dense,9,0.0441813,0.171003,1.61336,0.400001,878765,mixed,0.0411504,245154
orkut,8,dense,10,0.0460285,0.135432,1.16862,0.465406,336581,mixed,0.0429725,309150
orkut,8,dense,11,0.0526211,0.148514,1.26843,0.617564,3409886,mixed,0.0490255,326930
orkut,8,dense,12,0.158656,0.166278,1.63982,0.28239,41893,mixed,0.149768,294327
orkut,8,dense,13,0.0445721,0.147028,1.60033,0.511393,13113350,mixed,0.0409285,261341
orkut,8,dense,14,0.0502571,0.182742,1.74451,0.64139,473717,mixed,0.0388172,256516
orkut,8,dense,15,0.127697,0.166231,1.83004,1.20408,477307,mixed,0.125125,966204
orkut,8,dense,16,0.0476221,0.174835,1.38927,0.365416,52467,mixed,0.0450008,279282
orkut,8,dense,17,0.0586655,0.197622,1.65219,0.918339,480851,mixed,0.0516934,490008
orkut,8,dense,18,0.416333,0.171714,1.37329,1.00468,101888,mixed,0.0571784,369931
orkut,8,dense,19,0.11385,0.180201,1.67972,1.08221,664630,mixed,0.110818,875136
orkut,8,dense,20,0.0526637,0.137767,1.0752,0.367241,29231796,mixed,0.0496924,277253
orkut,8,dense,21,0.0527923,0.168729,1.66094,0.598346,80712,mixed,0.0504665,375098
orkut,8,dense,22,0.0341032,0.164581,1.92124,0.394506,283362,mixed,0.0313954,259653
orkut,8,dense,23,0.0416892,0.183469,1.87639,0.385152,3446020,mixed,0.0386253,223572
orkut,8,dense,24,0.0474246,0.148367,1.68312,0.445523,2129524,mixed,0.0443912,301495
orkut,8,dense,25,0.0434385,0.192733,1.59746,0.46142,3545761,mixed,0.0406333,311803
orkut,8,dense,26,0.0916931,0.192185,1.68752,1.06041,244040,mixed,0.0865268,799865
orkut,8,dense,27,0.115387,0.170063,1.7495,0.271867,48329,mixed,0.110608,269235
orkut,8,dense,28,0.0874374,0.161052,1.84788,0.91402,19729269,mixed,0.0725843,471363
orkut,8,dense,29,0.0489909,0.183374,1.47757,0.353375,549592,mixed,0.0457378,234512
orkut,8,dense,30,0.0552269,0.190433,1.09124,0.286205,1993620,mixed,0.052546,207796
orkut,8,dense,31,0.0412533,0.152869,1.35425,0.395548,797987,mixed,0.0382513,258973
orkut,8,dense,32,0.0372292,0.185352,1.41156,0.379567,71261,mixed,0.0347362,261151
orkut,8,dense,33,0.0370484,0.125859,1.4012,0.331729,2052619,mixed,0.0337989,213543
orkut,8,dense,34,0.0529873,0.18673,1.54004,0.314979,784928,mixed,0.0506525,225091
orkut,8,dense,35,0.040106,0.122625,1.54896,0.402394,4389398,mixed,0.0372135,252075
orkut,8,dense,36,0.0624867,0.159973,1.60655,0.479755,1200655,mixed,0.0592754,361866
orkut,8,dense,37,0.0526073,0.17295,2.31886,0.670797,187779,mixed,0.0481429,532449
orkut,8,dense,38,0.0323904,0.151626,1.67651,0.366581,755522,mixed,0.0293142,227915
orkut,8,dense,39,0.0865807,0.197034,1.39928,0.820033,166599,mixed,0.0814338,679314
orkut,8,dense,40,0.0526552,0.110911,1.36768,0.342867,5899798,mixed,0.0498479,229442
orkut,8,dense,41,0.0405698,0.213687,1.47071,0.350838,230916,mixed,0.0377906,222876
orkut,8,dense,42,0.0486993,0.134489,1.4059,0.289956,829116,mixed,0.045855,215593
orkut,8,dense,43,0.0522374,0.205677,1.2148,0.457606,106850,mixed,0.0500754,298266
orkut,8,dense,44,0.0437137,0.149996,1.59205,0.451373,2426282,mixed,0.0404463,275064
orkut,8,dense,45,0.0399847,0.174345,1.37719,0.384136,6229287,mixed,0.0368746,237322
orkut,8,dense,46,0.207672,0.183359,1.44195,0.208522,62796,mixed,0.0191612,148416
orkut,8,dense,47,0.0628107,0.169544,1.72074,0.63643,60414,mixed,0.0603822,598672
orkut,8,dense,48,0.0385217,0.184242,0.955464,0.251458,122226,mixed,0.0361984,198727
orkut,8,dense,49,0.0537008,0.168466,1.28529,0.425791,1109043,mixed,0.0507886,260525
orkut,8,dense,50,0.495448,0.151784,1.93019,2.2238,432792,mixed,0.203959,2065330
orkut,8,dense,51,0.0503832,0.192895,1.91658,0.412104,2917114,mixed,0.0440213,266682
orkut,8,dense,52,0.0805178,0.162511,1.35678,0.890219,2651687,mixed,0.0777345,654319
orkut,8,dense,53,0.0423606,0.148528,1.36761,0.323568,7400846,mixed,0.0395091,221953
orkut,8,dense,54,0.0785318,0.178341,1.43782,0.589384,86643,mixed,0.0761065,406343
orkut,8,dense,55,0.0348735,0.166184,1.36059,0.358952,466090,mixed,0.0321756,228239
orkut,8,dense,56,0.0611965,0.175636,2.00541,0.512105,2180718,mixed,0.0583905,398308
orkut,8,dense,57,0.0470746,0.14419,2.08314,0.452583,242474,mixed,0.0444842,347720
orkut,8,dense,58,0.0503649,0.168249,1.4717,0.327187,1704610,mixed,0.047892,212907
orkut,8,dense,59,0.0350508,0.12888,1.46775,0.382729,496773,mixed,0.0323416,283405
orkut,8,dense,60,0.119776,0.15196,1.61276,0.230032,44102,mixed,0.11644,215956
orkut,8,dense,61,0.0407432,0.138392,1.13723,0.241345,26973759,mixed,0.0379518,221067
orkut,8,dense,62,0.138437,0.192756,1.96717,1.14617,1344853,mixed,0.135338,1001296
orkut,8,dense,63,0.0506213,0.186018,1.25122,0.271029,2370397,mixed,0.0478739,208066
orkut,8,dense,64,0.0403705,0.163638,1.13442,0.270003,3439603,mixed,0.0373782,236143
orkut,8,dense,65,0.0468537,0.173338,1.36774,0.433189,276528,mixed,0.0439852,359324
orkut,8,dense,66,0.114562,0.197107,1.37476,1.21094,98319,mixed,0.110227,1044326
orkut,8,dense,67,0.0416678,0.167632,1.54168,0.346473,3174636,mixed,0.0382472,224324
orkut,8,dense,68,0.0259291,0.202224,1.17337,0.29245,470383,mixed,0.0227344,211445
orkut,8,dense,69,0.0437516,0.183774,1.27497,0.555699,39866,mixed,0.041322,538537
orkut,8,dense,70,0.0359858,0.183251,1.52593,0.328409,445564,mixed,0.0334667,213317
orkut,8,dense,71,0.0351443,0.172285,1.12771,0.336679,1801527,mixed,0.0321613,227568
orkut,8,dense,72,0.0377593,0.11519,1.54436,0.323656,4322214,mixed,0.0348495,217847
orkut,8,dense,73,0.046621,0.149315,1.41815,0.406523,234693,mixed,0.0442199,266970
orkut,8,dense,74,0.035229,0.171309,1.76945,0.411491,105581,mixed,0.0325888,283424
orkut,8,dense,75,0.0390894,0.149898,1.0588,0.38137,504633,mixed,0.0363703,239967
orkut,8,dense,76,0.0332783,0.176698,1.54902,0.427294,1555368,mixed,0.0305196,257690
orkut,8,dense,77,0.0467079,0.19367,1.25046,0.383736,310132,mixed,0.0443488,253525
orkut,8,dense,78,0.039284,0.138358,1.86499,0.356393,857836,mixed,0.036327,227173
orkut,8,dense,79,0.0541723,0.176231,1.51477,0.769071,3641191,mixed,0.0500336,610083
orkut,8,dense,80,0.0939525,0.161515,1.55608,0.22464,20931,mixed,0.0904831,195482
orkut,8,dense,81,0.0340876,0.173754,1.3249,0.311099,35958,mixed,0.0318383,237875
orkut,8,dense,82,0.232593,0.1981,1.66173,0.440287,82485,mixed,0.0281476,350874
orkut,8,dense,83,0.045728,0.155659,0.952721,0.251406,1745618,mixed,0.0425186,221944
orkut,8,dense,84,0.0385668,0.190203,1.33061,0.524557,36608,mixed,0.0363307,334138
orkut,8,dense,85,0.0476897,0.151999,1.20292,0.250243,11578532,mixed,0.0451135,210797
orkut,8,dense,86,0.0410474,0.157075,0.902208,0.20988,79959432,mixed,0.0381659,216916
orkut,8,dense,87,0.0347541,0.188427,1.40688,0.304989,222379,mixed,0.0323791,207367
orkut,8,dense,88,0.0557623,0.186544,1.32025,0.535078,169083,mixed,0.0534596,592046
orkut,8,dense,89,0.0474165,0.15633,1.70121,0.455223,1573170,mixed,0.0448222,342112
orkut,8,dense,90,0.0304926,0.188062,1.58183,0.313571,79559,mixed,0.0281863,231232
orkut,8,dense,91,0.0421827,0.155242,1.20592,0.343026,1874277,mixed,0.0394207,224020
orkut,8,dense,92,0.0531023,0.155416,1.53909,0.483255,2154545,mixed,0.0438461,321164
orkut,8,dense,93,0.0745855,0.182631,1.57737,1.26949,86190,mixed,0.0702127,993825
orkut,8,dense,94,0.0304347,0.1312,1.1056,0.314181,217955,mixed,0.0278207,223414
orkut,8,dense,95,0.110138,0.171936,1.67551,1.97864,129107,mixed,0.107272,1639820
orkut,8,dense,96,0.208885,0.158363,1.36549,0.352633,49136,mixed,0.202016,341869
orkut,8,dense,97,0.0357281,0.167168,1.47543,0.390505,169275,mixed,0.0330749,269509
orkut,8,dense,98,0.0384343,0.166679,1.30243,0.511473,6559768,mixed,0.034683,288542
orkut,8,dense,99,0.0565784,0.206802,1.13905,0.304789,10965512,mixed,0.053244,251668
orkut,8,dense,100,0.0519329,0.15513,1.18543,0.297373,19363130,mixed,0.0488054,247000
orkut,8,sparse,1,0.326912,0.162413,1.54927,8.09946,155913823,mixed,0.277074,2040922
orkut,8,sparse,2,0.338007,0.145675,1.12196,2.19294,33553669,mixed,0.209292,1981207
orkut,8,sparse,3,0.148752,0.168753,1.36846,1.30592,1469201,mixed,0.144277,996704
orkut,8,sparse,4,0.0580219,0.181989,1.04087,0.473736,23526117,mixed,0.0539748,518410
orkut,8,sparse,5,0.0359902,0.170298,0.946352,0.235427,3042220,mixed,0.0328371,214494
orkut,8,sparse,6,0.297297,0.156168,1.06708,0.95376,1013013448,mixed,0.205402,791230
orkut,8,sparse,7,0.145695,0.16914,1.46322,1.89431,4026379,mixed,0.141865,1677833
orkut,8,sparse,8,0.0649167,0.165409,0.953491,0.359922,651677125,mixed,0.0601231,285633
orkut,8,sparse,9,0.247402,0.168646,1.25454,2.38711,27276848,mixed,0.20594,1322435
orkut,8,sparse,10,0.0517621,0.166223,1.44806,0.352519,70935632,mixed,0.0475496,276498
orkut,8,sparse,11,0.217794,0.164759,1.29938,1.84632,41016725,mixed,0.204362,972920
orkut,8,sparse,12,0.0425133,0.140466,1.36073,0.251419,36613295,mixed,0.0387031,201836
orkut,8,sparse,13,1.23097,0.140588,1.27891,29.0744,210204263,mixed,0.756451,10917074
orkut,8,sparse,14,0.310467,0.138432,1.64508,6.28643,16368879,mixed,0.247395,2810270
orkut,8,sparse,15,0.194356,0.160355,1.47186,1.01538,129324939,mixed,0.188017,777528
orkut,8,sparse,16,0.0373197,0.137384,1.21553,0.230595,3491358,mixed,0.0340468,208935
orkut,8,sparse,17,0.157352,0.139068,1.05095,0.254658,7174466252,mixed,0.153199,242789
orkut,8,sparse,18,0.110714,0.141736,1.76715,0.637161,235463640,mixed,0.106162,518514
orkut,8,sparse,19,0.0581813,0.177208,2.04815,1.02606,7035951,mixed,0.0544618,628609
orkut,8,sparse,20,0.20186,0.162506,0.974754,1.86172,68766188,mixed,0.197796,1454504
orkut,8,sparse,21,0.0538193,0.172583,1.87274,0.533482,8157848,mixed,0.0503406,328962
orkut,8,sparse,22,0.159485,0.144293,2.42578,1.9223,35838711,mixed,0.153105,729522
orkut,8,sparse,23,0.166601,0.128082,0.916033,0.74783,757901461,mixed,0.16254,472831
orkut,8,sparse,24,0.0546252,0.16402,1.29039,0.328791,99195520,mixed,0.0514478,227299
orkut,8,sparse,25,0.455995,0.137123,1.35102,2.80392,8203658,mixed,0.216894,1884271
orkut,8,sparse,26,0.690224,0.160546,2.03796,12.9752,90808455,mixed,0.266617,9018491
orkut,8,sparse,27,0.0861067,0.145132,1.28089,0.876837,34188630,mixed,0.0817683,386812
orkut,8,sparse,28,0.432888,0.133746,1.15185,7.95167,92861945,mixed,0.408294,2310067
orkut,8,sparse,29,0.112259,0.11667,1.70244,0.897978,318555018,mixed,0.108467,311918
orkut,8,sparse,30,0.132021,0.148588,0.908514,0.237801,6936870135,mixed,0.127928,240411
orkut,8,sparse,31,0.0432657,0.12104,1.11118,0.257208,176310970,mixed,0.0390578,214271
orkut,8,sparse,32,0.202297,0.148869,0.78244,1.18099,184990017,mixed,0.197745,864724
orkut,8,sparse,33,0.270722,0.177015,1.97275,2.19701,31596444,mixed,0.238934,1307768
orkut,8,sparse,34,0.0616998,0.184575,1.20123,0.41654,417744825,mixed,0.0575528,298448
orkut,8,sparse,35,0.160615,0.152781,1.42011,1.46821,2169441,mixed,0.157181,1074522
orkut,8,sparse,36,0.0431556,0.146988,1.10001,0.280376,4689733,mixed,0.0403617,237656
orkut,8,sparse,37,3.40932,0.170135,1.45568,28.2858,12514511,mixed,0.793074,20375537
orkut,8,sparse,38,0.0454539,0.149311,1.25127,0.294343,85193202,mixed,0.0415188,281786
orkut,8,sparse,39,0.0434825,0.162352,1.35055,0.321326,231061233,mixed,0.0398409,248866
orkut,8,sparse,40,0.0568419,0.152643,1.04243,0.387883,152094953,mixed,0.0527479,292330
orkut,8,sparse,41,0.0747654,0.156034,1.26465,0.598807,37304323,mixed,0.0709199,532959
orkut,8,sparse,42,0.13446,0.150718,1.7797,0.929874,52987143,mixed,0.125769,664451
orkut,8,sparse,43,0.0896554,0.15777,1.44666,0.725796,18661953,mixed,0.083557,328952
orkut,8,sparse,44,0.046878,0.170617,1.27986,0.299475,303782321,mixed,0.0429164,256948
orkut,8,sparse,45,0.0478405,0.123572,1.04147,0.236254,358218952,mixed,0.0439,208642
orkut,8,sparse,46,0.135346,0.173859,1.31967,1.45354,60490894,mixed,0.122765,1148177
orkut,8,sparse,47,0.0989352,0.169562,1.36509,0.75903,81804683,mixed,0.094824,672820
orkut,8,sparse,48,0.127972,0.174908,0.835803,0.235982,20609844401,mixed,0.123764,236557
orkut,8,sparse,49,0.178971,0.133359,0.939858,0.925307,95526817,mixed,0.173656,745575
orkut,8,sparse,50,0.353108,0.148164,0.883519,1.20459,1133493399,mixed,0.210454,766585
orkut,8,sparse,51,0.0442777,0.170599,1.56944,0.289102,84301806,mixed,0.0405894,218454
orkut,8,sparse,52,0.0542135,0.156753,1.10353,0.362659,1417027903,mixed,0.0502166,235702
orkut,8,sparse,53,0.207596,0.182567,1.42123,0.743832,9160327,mixed,0.202887,714785
orkut,8,sparse,54,0.0467974,0.164266,1.89243,0.640836,3746747,mixed,0.0406274,394861
orkut,8,sparse,55,0.0757794,0.173121,1.77055,0.668494,167478013,mixed,0.0718431,435237
orkut,8,sparse,56,0.218545,0.133907,2.12135,0.962408,15869848,mixed,0.204839,783984
orkut,8,sparse,57,0.0704569,0.160944,1.41554,0.52834,52061678,mixed,0.0662529,559752
orkut,8,sparse,58,0.438792,0.152319,2.15101,2.11188,129528378,mixed,0.37533,888893
orkut,8,sparse,59,0.261678,0.111442,1.59984,2.53702,110852721,mixed,0.222557,1034750
orkut,8,sparse,60,0.0854503,0.159887,1.18855,0.624578,73035248,mixed,0.0815767,500147
orkut,8,sparse,61,0.115361,0.136246,0.785402,0.197394,163093189278,mixed,0.111262,219871
orkut,8,sparse,62,0.0409506,0.146383,1.65792,0.401772,6689138,mixed,0.0376669,251716
orkut,8,sparse,63,0.0545516,0.126257,0.972725,0.323813,64843996,mixed,0.0505898,246724
orkut,8,sparse,64,0.245694,0.160656,1.20151,2.31456,99466641,mixed,0.186694,2055316
orkut,8,sparse,65,0.573955,0.141041,1.52859,2.57755,3923620406,mixed,0.208356,1161252
orkut,8,sparse,66,0.093659,0.177309,0.806298,0.213895,2267258441,mixed,0.0893288,210902
orkut,8,sparse,67,0.288901,0.158544,1.64156,2.49901,344039194,mixed,0.263598,1075727
orkut,8,sparse,68,1.30349,0.136635,1.38365,9.86339,273966630,mixed,0.530281,3727631
orkut,8,sparse,69,0.182362,0.162507,1.2098,2.06057,31456870,mixed,0.177437,938812
orkut,8,sparse,70,0.0818382,0.149651,1.57043,1.24562,1786168,mixed,0.0764235,742337
orkut,8,sparse,71,0.047458,0.127403,1.30104,0.374594,23907520,mixed,0.0435517,264944
orkut,8,sparse,72,0.236205,0.152423,2.17662,4.68045,18048580,mixed,0.203536,1906485
orkut,8,sparse,73,0.0863445,0.137214,1.08899,0.351227,10517516884,mixed,0.0820123,243957
orkut,8,sparse,74,0.237536,0.123512,1.25149,1.37553,766258107,mixed,0.202192,1136412
orkut,8,sparse,75,0.216131,0.133275,1.34646,1.04631,332022566,mixed,0.211682,735074
orkut,8,sparse,76,0.0870827,0.154871,1.01691,0.506142,232763274,mixed,0.0828445,323243
orkut,8,sparse,77,0.0554171,0.156099,1.4621,0.382401,250132390,mixed,0.0515259,289753
orkut,8,sparse,78,0.134606,0.157919,1.27436,0.829488,465241707,mixed,0.130456,611069
orkut,8,sparse,79,0.23097,0.171009,1.23826,1.63248,7008744,mixed,0.0746512,906081
orkut,8,sparse,80,0.0838959,0.161592,1.41894,0.400408,21521647,mixed,0.0801987,312868
orkut,8,sparse,81,0.0946546,0.165766,1.05356,0.802193,292122423,mixed,0.0901074,618009
orkut,8,sparse,82,0.218208,0.164178,1.05131,1.55901,41304099,mixed,0.207279,1100891
orkut,8,sparse,83,0.235834,0.170088,1.31187,2.04901,58158904,mixed,0.201767,1282977
orkut,8,sparse,84,0.0511188,0.157806,0.843209,0.383052,279170972,mixed,0.047335,271139
orkut,8,sparse,85,0.116889,0.182634,2.34916,1.02625,4682498,mixed,0.113083,775826
orkut,8,sparse,86,0.127682,0.155819,1.16343,1.88824,50730079,mixed,0.123844,1263828
orkut,8,sparse,87,0.214052,0.166137,1.0162,0.856508,7123295,mixed,0.207446,939011
orkut,8,sparse,88,0.165493,0.166245,1.35291,1.56299,690115599,mixed,0.159852,1007728
orkut,8,sparse,89,0.226076,0.162036,1.38836,1.73893,52596401,mixed,0.214696,1112057
orkut,8,sparse,90,0.0520334,0.130307,1.46042,0.274377,56605573,mixed,0.0487307,227955
orkut,8,sparse,91,0.0481617,0.161337,1.68232,0.673323,228034967,mixed,0.0435144,321967
orkut,8,sparse,92,0.0487269,0.15374,0.988195,0.353716,6163576359,mixed,0.0446427,235404
orkut,8,sparse,93,0.233863,0.142395,1.07632,2.6897,20232912,mixed,0.209422,1262298
orkut,8,sparse,94,0.120701,0.157799,0.801537,0.194337,3797103790,mixed,0.116432,226118
orkut,8,sparse,95,0.0429315,0.130981,1.50602,0.262513,98833927,mixed,0.0395443,212202
orkut,8,sparse,96,0.0377413,0.157081,1.48196,0.535487,6030455,mixed,0.0302194,275952
orkut,8,sparse,97,0.332215,0.16031,1.11224,1.17038,41239012,mixed,0.214691,1091077
orkut,8,sparse,98,0.216589,0.161671,1.4862,0.521037,6511010115,mixed,0.202509,306173
orkut,8,sparse,99,0.0651677,0.150978,1.22892,0.328924,4673748521,mixed,0.0610341,229330
orkut,8,sparse,100,0.0912574,0.162617,1.73567,0.418865,43231350,mixed,0.0869943,274996
