dataset,query_size,query_mode,query_index,elapsed_execution_time,filter_time,plan_time,enumerate_time,n_embeddings,order,max_task_time,n_intersections
youtube2007,8,dense,4,36.2314,0.136538,0.044752,1142.25,905485938,mixed,24.6771,423899199
youtube2007,8,dense,5,0.0201566,0.117293,0.00204488,0.279215,37928,mixed,0.00828427,39378
youtube2007,8,dense,6,26.322,0.277796,0.368966,804.061,2078402394,mixed,18.6699,467596227
youtube2007,8,dense,9,0.0426342,0.0642253,0.00470825,0.795051,1796513,mixed,0.0255064,397863
youtube2007,8,dense,10,457.213,0.191582,0.383384,14290.4,30074837469,mixed,349.504,11281981019
youtube2007,8,dense,12,0.0570107,0.0811003,0.00519872,1.07974,1166590,mixed,0.0220614,613230
youtube2007,8,dense,14,5.03444,0.107279,0.0101655,156.298,467322693,mixed,4.03768,53354198
youtube2007,8,dense,18,0.0642112,0.0959838,0.00954791,1.30241,275229,mixed,0.0452736,1429012
youtube2007,8,dense,19,0.0575367,0.10915,0.00670795,1.32743,2444936,mixed,0.034709,545775
youtube2007,8,dense,20,20.8088,0.379011,0.286276,657.012,1110842969,mixed,11.3249,652057985
youtube2007,8,dense,21,0.219547,0.112813,0.011326,5.41506,14471590,mixed,0.11197,2502673
youtube2007,8,dense,23,0.205439,0.096185,0.0430019,5.25608,5794869,mixed,0.10204,5515985
youtube2007,8,dense,24,108.352,0.113687,0.121177,3442.53,9586384619,mixed,70.2332,1900998748
youtube2007,8,dense,26,0.0274639,0.0951256,0.0042729,0.474378,162032,mixed,0.0175449,247723
youtube2007,8,dense,27,0.0622818,0.152931,0.0085116,1.2209,565319,mixed,0.0568805,758512
youtube2007,8,dense,28,0.0167435,0.120961,0.00215942,0.356228,209248,mixed,0.00742637,49605
youtube2007,8,dense,29,3.05958,0.197968,0.0627107,95.2812,91068504,mixed,2.02667,120333213
youtube2007,8,dense,30,312.843,0.132804,0.104581,9841.52,28310969676,mixed,233.213,1944487553
youtube2007,8,dense,31,1.01755,0.164316,0.0731824,31.3451,73058160,mixed,0.662888,21594322
youtube2007,8,dense,32,20.6187,0.349494,0.140424,649.075,1468227389,mixed,16.6045,133930352
youtube2007,8,dense,35,0.0998442,0.074809,0.00516409,2.40141,935485,mixed,0.0668902,706874
youtube2007,8,dense,39,0.0151264,0.0531259,0.00205155,0.199173,114182,mixed,0.00519467,56871
youtube2007,8,dense,40,25.3894,0.173877,0.0588195,801.319,319003190,mixed,19.3575,175548335
youtube2007,8,dense,41,33.0467,0.152668,0.0569905,1023.16,563541953,mixed,25.2577,258374770
youtube2007,8,dense,42,8.7156,0.160866,0.0445546,274.303,889508800,mixed,5.64511,143564274
youtube2007,8,dense,44,670.136,0.43325,0.400159,21390.7,63603910274,mixed,606.405,3230034391
youtube2007,8,dense,45,72.087,0.210879,0.0737101,2290.77,2729183019,mixed,59.1602,2716574618
youtube2007,8,dense,47,91.5689,0.363374,0.143763,2900.48,8636631393,mixed,81.9128,663688169
youtube2007,8,dense,48,0.00418809,0.0894054,0.00139556,0.0413583,11604,mixed,0.0022243,13502
youtube2007,8,dense,50,0.00903044,0.03173,0.0013254,0.13147,28079,mixed,0.00381521,24356
youtube2007,8,dense,51,30.0367,0.256428,0.0816037,946.14,1673377853,mixed,22.1707,925732595
youtube2007,8,dense,52,0.0028163,0.109461,0.00136431,0.0204051,1759,mixed,0.00131562,4102
youtube2007,8,dense,53,0.0132987,0.0979274,0.00173956,0.287699,21807,mixed,0.00583851,48279
youtube2007,8,dense,54,7.65194,0.174338,0.128225,224.604,71999588,mixed,4.81603,107393763
youtube2007,8,dense,56,0.0169777,0.113694,0.00161446,0.327119,28559,mixed,0.00569422,35776
youtube2007,8,dense,60,0.0568637,0.0728223,0.00787192,1.02196,857912,mixed,0.0271237,415521
youtube2007,8,dense,62,0.785585,0.0660457,0.00719072,24.1586,28048280,mixed,0.534904,32176430
youtube2007,8,dense,63,1.04664,0.161592,0.0216833,31.461,76220983,mixed,0.528221,23953743
youtube2007,8,dense,64,0.468058,0.132104,0.0340049,12.539,11603776,mixed,0.282334,15861676
youtube2007,8,dense,67,0.186459,0.134552,0.0133781,4.69341,6068896,mixed,0.134873,5546970
youtube2007,8,dense,68,0.155291,0.172536,0.0161773,3.95615,9340899,mixed,0.0792496,2785103
youtube2007,8,dense,69,0.114505,0.127925,0.015178,2.48903,1232423,mixed,0.0668099,2517407
youtube2007,8,dense,73,0.251679,0.0724799,0.00857829,6.91291,12950230,mixed,0.173871,5469912
youtube2007,8,dense,75,0.232653,0.118231,0.0130222,5.55685,1030088,mixed,0.0248934,269324
youtube2007,8,dense,76,442.663,0.112256,0.125858,14112.4,28290121663,mixed,388.914,11084211247
youtube2007,8,dense,77,266.984,0.249635,0.258111,8531.01,15568474914,mixed,191.907,7519891104
youtube2007,8,dense,78,56.7459,0.0919429,0.0347162,1776.45,4656768079,mixed,41.1574,1025592381
youtube2007,8,dense,79,54.4365,0.164414,0.0590304,1735.05,4407631213,mixed,27.4071,659503933
youtube2007,8,dense,81,62.5896,0.345892,0.32316,1996.46,4946920097,mixed,50.5325,1632880565
youtube2007,8,dense,84,62.3321,0.175911,0.169001,1942.28,5765328428,mixed,52.2911,542990690
youtube2007,8,dense,85,0.310248,0.20377,0.00838719,8.94294,24644806,mixed,0.284762,3833817
youtube2007,8,dense,86,272.105,0.364106,0.491583,8696.34,20871361977,mixed,194.543,1535614105
youtube2007,8,dense,87,7.62474,0.1118,0.00653372,240.453,568386735,mixed,6.97228,143422940
youtube2007,8,dense,89,92.0389,0.153597,0.136369,2898.31,726753039,mixed,76.8282,540096904
youtube2007,8,dense,90,0.00956381,0.0962115,0.00293058,0.184801,3698,mixed,0.00564765,12709
youtube2007,8,dense,91,190.07,0.137569,0.205079,6070.72,14065865196,mixed,125.2,959926048
youtube2007,8,dense,92,339.857,0.165281,0.22323,10867.6,14718039248,mixed,217.357,10142739777
youtube2007,8,dense,94,4.04823,0.201501,0.0922851,127.081,128830004,mixed,1.55256,149405040
youtube2007,8,dense,95,77.0156,0.147139,0.0536159,2427.42,8128678615,mixed,60.139,554483599
youtube2007,8,dense,98,115.479,0.0473443,0.0203441,3605.22,3867011564,mixed,103.965,709310017
youtube2007,8,dense,99,0.0187698,0.0769187,0.00239242,0.409428,21995,mixed,0.00732836,74794
youtube2007,8,sparse,1,0.116824,0.0927886,0.00573607,2.96789,6801281,mixed,0.0888324,1442148
youtube2007,8,sparse,2,241.638,0.174526,0.104899,7639.91,21830099425,mixed,147.088,2229135012
youtube2007,8,sparse,5,4.75242,0.0525234,0.0122146,148.108,447209421,mixed,3.81584,45658664
youtube2007,8,sparse,6,2.26052,0.226298,0.0229538,69.3537,202680341,mixed,1.48496,10085611
youtube2007,8,sparse,7,1.0243,0.108616,0.00847467,31.7313,94999955,mixed,0.697839,17314103
youtube2007,8,sparse,8,41.9044,0.0902155,0.102782,1339.66,2025500362,mixed,23.4368,1137597934
youtube2007,8,sparse,10,0.00581574,0.0996965,0.00103045,0.0674191,38499,mixed,0.00216839,5806
youtube2007,8,sparse,13,34.3226,0.206903,0.65942,1095.46,1556865196,mixed,28.3879,930529354
youtube2007,8,sparse,14,152.529,0.336654,0.285204,4843.62,10218984832,mixed,96.755,523096180
youtube2007,8,sparse,15,3.80484,0.167817,0.038945,119.045,388611357,mixed,3.55736,8292903
youtube2007,8,sparse,16,11.7371,0.229644,0.339219,357.529,771863463,mixed,6.01159,366402218
youtube2007,8,sparse,19,1.21969,0.14332,0.0174711,32.4377,80157,mixed,0.283733,1092348
youtube2007,8,sparse,21,0.719503,0.108372,0.0169818,20.9134,7542769,mixed,0.275003,10414509
youtube2007,8,sparse,23,0.119247,0.147872,0.0154546,2.83023,6328838,mixed,0.0651665,990290
youtube2007,8,sparse,24,84.1381,0.188964,0.229939,2646.62,7629220299,mixed,57.0369,536023481
youtube2007,8,sparse,25,21.3659,0.0444659,0.0417315,611.386,1923620631,mixed,17.3912,294188977
youtube2007,8,sparse,26,1.01402,0.178275,0.0780806,30.3109,77866313,mixed,0.726819,18263781
youtube2007,8,sparse,28,290.673,0.225498,0.204643,9293.59,30794348148,mixed,231.903,2208121232
youtube2007,8,sparse,29,0.0736655,0.0626456,0.0065301,1.48553,278881,mixed,0.0252226,547947
youtube2007,8,sparse,31,83.4362,0.377736,0.247406,2650.11,5859646000,mixed,68.3546,937948677
youtube2007,8,sparse,32,175.208,0.16242,0.0580932,5563.53,12519768722,mixed,141.768,3898026028
youtube2007,8,sparse,33,0.906002,0.083538,0.0202235,27.9828,84169176,mixed,0.493219,3870503
youtube2007,8,sparse,34,0.0522465,0.0676853,0.00878252,1.0954,1507735,mixed,0.0362978,695471
youtube2007,8,sparse,36,17.671,0.302917,0.247376,532.649,522870260,mixed,12.1743,541557470
youtube2007,8,sparse,39,0.00444855,0.105593,0.00113719,0.0458384,3037,mixed,0.00150272,4716
youtube2007,8,sparse,40,534.641,0.188657,0.178683,17065.9,56562762953,mixed,300.602,2560898060
youtube2007,8,sparse,41,6.80188,0.162063,0.096193,211.839,96660576,mixed,4.8221,168183716
youtube2007,8,sparse,42,533.89,0.0911294,0.101071,17001.3,54161194333,mixed,464.563,1970958514
youtube2007,8,sparse,43,131.681,0.136863,0.117763,4027.33,5519602526,mixed,73.9045,2980837964
youtube2007,8,sparse,44,162.28,0.211221,0.270178,5156.13,15269104973,mixed,127.495,774193537
youtube2007,8,sparse,45,1.92501,0.150198,0.0210611,60.0382,119899767,mixed,1.73045,29124582
youtube2007,8,sparse,46,674.064,0.329364,0.259158,21382.4,72308120782,mixed,567.092,858112384
youtube2007,8,sparse,47,0.0161358,0.107383,0.0053264,0.363518,33738,mixed,0.0146004,57506
youtube2007,8,sparse,49,1.17176,0.179421,0.0452178,32.0664,36084522,mixed,0.454462,21650760
youtube2007,8,sparse,50,538.068,0.388137,0.577489,17092.1,47409265568,mixed,430.202,10692540637
youtube2007,8,sparse,53,7.35357,0.325561,0.135575,233.235,374533618,mixed,5.00237,235136700
youtube2007,8,sparse,54,0.0309095,0.143828,0.00916673,0.539371,175996,mixed,0.0246221,347576
youtube2007,8,sparse,55,0.0127805,0.0723855,0.0025514,0.207456,74901,mixed,0.00841857,35991
youtube2007,8,sparse,57,490.55,0.164643,0.348559,15179.8,52709740498,mixed,349.797,3365720091
youtube2007,8,sparse,58,0.0218336,0.10494,0.00241778,0.427664,618334,mixed,0.0161749,173293
youtube2007,8,sparse,59,0.0269809,0.146613,0.00324161,0.532945,384423,mixed,0.0106482,101180
youtube2007,8,sparse,61,0.959266,0.128228,0.0543166,28.5594,50360120,mixed,0.685592,24434767
youtube2007,8,sparse,62,61.6155,0.246569,0.0861274,1813.28,5819592620,mixed,58.4264,821512409
youtube2007,8,sparse,63,224.401,0.109488,0.0356448,7129.21,23493698411,mixed,135.359,1077716827
youtube2007,8,sparse,66,168.124,0.138693,0.155776,5315.53,11131759822,mixed,141.973,3244616619
youtube2007,8,sparse,67,51.3357,0.345913,0.098798,1640.68,4045457427,mixed,33.5949,936016229
youtube2007,8,sparse,68,888.542,0.0433774,0.131439,28122.0,95799616838,mixed,849.322,4957512552
youtube2007,8,sparse,69,0.0348081,0.101184,0.00637298,0.650718,771568,mixed,0.0224161,229450
youtube2007,8,sparse,70,152.023,0.0854756,0.156401,4836.56,13082101753,mixed,98.5242,2726404286
youtube2007,8,sparse,71,0.0579088,0.0986107,0.00459545,1.0962,26132,mixed,0.0181245,187880
youtube2007,8,sparse,74,2.92019,0.134287,0.077814,84.5649,217284030,mixed,1.30487,54317025
youtube2007,8,sparse,75,0.637759,0.0986893,0.0717896,17.6801,32165271,mixed,0.377148,13873872
youtube2007,8,sparse,77,10.3139,0.169734,0.145491,313.465,19720066,mixed,8.92696,220231260
youtube2007,8,sparse,78,18.3434,0.145299,0.0557843,462.888,281908678,mixed,13.6676,282883428
youtube2007,8,sparse,79,0.0603282,0.0546428,0.00365948,1.37761,1019974,mixed,0.0237299,751168
youtube2007,8,sparse,81,1.57872,0.102439,0.107119,48.128,34042831,mixed,1.05709,50584618
youtube2007,8,sparse,82,306.003,0.123244,0.0991328,9664.68,28641757082,mixed,273.503,387194333
youtube2007,8,sparse,84,0.010917,0.106735,0.00177097,0.205689,120209,mixed,0.00599367,31893
youtube2007,8,sparse,85,0.00385742,0.0901308,0.00134601,0.0485473,2042,mixed,0.00163777,6125
youtube2007,8,sparse,86,247.81,0.0904167,0.139621,7821.92,8791606868,mixed,208.816,1492315960
youtube2007,8,sparse,87,8.08303,0.164342,0.14061,251.297,633891481,mixed,5.52318,197978825
youtube2007,8,sparse,88,4.38022,0.345475,0.320828,136.492,256382988,mixed,2.4603,63463552
youtube2007,8,sparse,89,0.0235341,0.0743358,0.00366234,0.353685,157728,mixed,0.00678431,11377
youtube2007,8,sparse,91,867.552,0.277685,0.190473,27659.1,45977734959,mixed,679.896,30876588800
youtube2007,8,sparse,94,0.0852803,0.282014,0.0120404,1.54898,1024858,mixed,0.0742745,1106365
youtube2007,8,sparse,97,31.5794,0.185427,0.149531,962.027,654489948,mixed,12.7689,846211378
youtube2007,8,sparse,99,0.244967,0.0787326,0.0190413,6.48478,10737740,mixed,0.211048,5461174
