dataset,query_size,query_mode,query_index,elapsed_execution_time,filter_time,plan_time,enumerate_time,n_embeddings,order,max_task_time,n_intersections
friendster,8,dense,1,0.529269,1.00479,6.11021,2.73709,1594165,mixed,0.506075,690820
friendster,8,dense,2,0.533474,0.998486,5.83523,3.23741,286105,mixed,0.511394,606817
friendster,8,dense,3,1.18158,1.03274,7.30433,7.43469,32461,mixed,1.16343,2446668
friendster,8,dense,4,0.170311,0.961482,4.54676,0.764149,1749560,mixed,0.150485,280685
friendster,8,dense,5,0.62454,0.945288,5.14452,3.07343,462068,mixed,0.60286,1338344
friendster,8,dense,6,0.746875,0.948527,5.35349,5.1754,1365246,mixed,0.727093,1705477
friendster,8,dense,7,0.868736,0.994653,8.726,3.64795,171972,mixed,0.849342,873111
friendster,8,dense,8,1.09143,0.979396,10.0487,6.78463,5694,mixed,1.07347,2841452
friendster,8,dense,9,0.172763,1.00582,6.69121,0.732514,1207804,mixed,0.147226,281927
friendster,8,dense,10,1.38681,0.965803,6.74374,6.32199,370374,mixed,1.36461,2596498
friendster,8,dense,11,1.97295,1.03908,7.22908,10.9643,273913,mixed,1.95287,8073608
friendster,8,dense,12,0.16571,0.88829,3.63654,0.742459,3430026,mixed,0.142489,281290
friendster,8,dense,13,0.168602,1.01117,5.40709,0.798266,368405,mixed,0.147369,287088
friendster,8,dense,14,0.897543,1.01698,8.05836,5.24837,49677,mixed,0.879184,1975460
friendster,8,dense,15,0.205472,0.928767,6.19381,0.828674,971412,mixed,0.180045,305224
friendster,8,dense,16,0.228332,0.94528,6.46507,0.846681,1659526,mixed,0.197972,287312
friendster,8,dense,17,0.442587,0.943488,9.2014,2.62593,108009,mixed,0.425406,611959
friendster,8,dense,18,0.179824,1.00123,4.98943,0.797646,28082863,mixed,0.152604,281582
friendster,8,dense,19,1.09834,1.0987,5.81667,6.18165,15638,mixed,1.08045,3450069
friendster,8,dense,20,1.24185,1.0389,7.46089,5.82847,247940,mixed,1.22046,2866588
friendster,8,dense,21,0.735542,0.987789,7.87468,3.81513,285552,mixed,0.714178,1796266
friendster,8,dense,22,0.44734,0.99726,7.96272,2.83615,91967,mixed,0.425074,1399039
friendster,8,dense,23,0.165339,1.009,5.78017,0.752732,228502,mixed,0.144133,264791
friendster,8,dense,24,0.146437,1.05434,5.44184,0.759233,139149,mixed,0.126305,263542
friendster,8,dense,25,0.361083,1.04153,5.84078,2.50505,300793,mixed,0.342603,697460
friendster,8,dense,26,1.24623,1.01286,5.15662,5.34861,282658,mixed,1.22562,3187997
friendster,8,dense,27,0.476241,1.00119,5.12726,2.9167,103681,mixed,0.451837,756212
friendster,8,dense,28,0.159212,0.973936,7.04405,0.863057,1023576,mixed,0.139314,303494
friendster,8,dense,29,2.05011,0.982067,9.18886,13.7882,49159,mixed,2.0287,8690572
friendster,8,dense,30,0.871876,0.925873,6.26434,6.01494,259296,mixed,0.850918,2365239
friendster,8,dense,31,0.486638,1.00106,8.51445,2.98874,1027133,mixed,0.46294,891068
friendster,8,dense,32,1.73207,0.943971,8.64946,8.17882,275009,mixed,1.70362,4869867
friendster,8,dense,33,0.724403,1.0127,7.1705,5.29225,416496,mixed,0.70512,1898280
friendster,8,dense,34,0.596298,1.00109,9.79546,3.30046,21142,mixed,0.581404,759135
friendster,8,dense,35,1.2665,1.08181,6.24436,7.41991,147533,mixed,1.24963,5132511
friendster,8,dense,36,0.716706,1.10295,6.40171,4.95629,202011,mixed,0.698152,1741076
friendster,8,dense,37,0.158075,0.949178,6.16617,0.814916,870623,mixed,0.134805,299737
friendster,8,dense,38,1.62114,1.03248,7.1442,9.57454,30002,mixed,1.60205,6735080
friendster,8,dense,39,0.170249,0.994053,4.89584,0.756937,11951630,mixed,0.1471,279745
friendster,8,dense,40,0.559814,1.01977,7.57768,3.73205,185275,mixed,0.542328,945639
friendster,8,dense,41,0.180749,0.958245,4.67341,0.837817,461608,mixed,0.156831,284427
friendster,8,dense,42,0.419487,0.974311,3.87219,2.69033,1230616,mixed,0.399698,490582
friendster,8,dense,43,0.447551,1.01636,6.75516,2.75241,243646,mixed,0.425724,954724
friendster,8,dense,44,0.169582,1.06598,8.31644,0.770581,84836,mixed,0.148061,264900
friendster,8,dense,45,0.166552,1.00163,5.20862,0.776783,1196527,mixed,0.145894,286595
friendster,8,dense,46,0.374174,1.01388,7.10115,2.25627,1300737,mixed,0.347955,449780
friendster,8,dense,47,1.25636,0.996557,6.29839,6.92386,403398,mixed,1.2365,3779691
friendster,8,dense,48,0.207687,0.946291,8.52938,0.8925,290120,mixed,0.186141,332513
friendster,8,dense,49,0.153435,0.995233,7.53951,0.723602,2287132,mixed,0.129972,267675
friendster,8,dense,50,0.398663,1.08343,7.5891,2.36518,106245,mixed,0.378119,847986
friendster,8,dense,51,0.184211,1.05194,4.14507,0.739844,1752169,mixed,0.162885,283450
friendster,8,dense,52,0.178591,1.07915,4.98634,0.73313,185575,mixed,0.159037,269975
friendster,8,dense,53,0.159919,0.935457,6.45617,0.793757,1151603,mixed,0.138311,299377
friendster,8,dense,54,1.08374,1.13024,7.25646,6.88699,26606,mixed,1.06477,5189681
friendster,8,dense,55,0.184686,1.00472,7.17075,0.869815,331782,mixed,0.160649,302497
friendster,8,dense,56,0.290264,1.04502,6.08462,1.16289,152054,mixed,0.270337,523150
friendster,8,dense,57,0.175852,1.00843,5.42091,0.777194,351401,mixed,0.154469,308554
friendster,8,dense,58,2.69921,0.982545,8.14495,16.1293,82161,mixed,2.67573,11855608
friendster,8,dense,59,0.66581,1.13323,5.07594,4.49456,49526,mixed,0.647689,2012095
friendster,8,dense,60,0.165463,1.09101,6.26416,0.751372,290072,mixed,0.141905,293429
friendster,8,dense,61,0.148704,1.0356,5.49112,0.785785,8652,mixed,0.134711,282885
friendster,8,dense,62,0.13155,1.03743,6.75543,0.690982,38856,mixed,0.113757,251712
friendster,8,dense,63,0.182894,0.980072,4.25448,0.792813,307528,mixed,0.161347,317993
friendster,8,dense,64,1.74598,1.06088,9.64745,10.1129,8902,mixed,1.72527,6609966
friendster,8,dense,65,0.153217,0.995793,7.52871,0.821331,78781,mixed,0.132404,279994
friendster,8,dense,66,0.594535,0.978711,5.99787,4.50159,374813,mixed,0.57566,1795403
friendster,8,dense,67,2.22027,0.956596,10.5969,13.8362,37292,mixed,2.20444,10002145
friendster,8,dense,68,0.205256,1.0187,7.0667,0.876891,743362,mixed,0.184036,297680
friendster,8,dense,69,0.161165,0.995735,5.23543,0.749802,959877,mixed,0.137789,302442
friendster,8,dense,70,0.166923,1.01369,4.62801,0.772083,92345,mixed,0.147738,277973
friendster,8,dense,71,0.169254,0.97958,5.47117,0.809056,345032,mixed,0.147202,290995
friendster,8,dense,72,0.551103,0.999799,6.97257,2.78957,714325,mixed,0.529029,495026
friendster,8,dense,73,1.37498,1.0091,7.41695,7.55284,270675,mixed,1.35442,5010800
friendster,8,dense,74,0.751133,1.04958,5.57439,5.08497,69500,mixed,0.734685,1741993
friendster,8,dense,75,0.504499,0.970964,5.36415,2.93619,415280,mixed,0.483137,813612
friendster,8,dense,76,0.20772,0.991741,8.15035,0.999553,673049,mixed,0.186956,388721
friendster,8,dense,77,0.245158,1.01542,6.90124,1.11963,349246,mixed,0.222053,374365
friendster,8,dense,78,0.176613,0.985972,5.54157,0.792013,741278,mixed,0.152516,318235
friendster,8,dense,79,0.179407,1.03631,5.15677,0.846252,86893,mixed,0.160875,309008
friendster,8,dense,80,0.179894,1.01115,5.75661,0.788502,278432,mixed,0.15619,290773
friendster,8,dense,81,1.28195,0.97573,5.73892,8.06705,220490,mixed,1.26216,2303482
friendster,8,dense,82,0.16036,0.939341,5.69098,0.81239,413180,mixed,0.141913,296350
friendster,8,dense,83,0.25654,0.986121,6.15712,1.0253,504928,mixed,0.236061,386679
friendster,8,dense,84,0.180137,0.886738,4.02128,0.761175,3086807,mixed,0.15561,281415
friendster,8,dense,85,1.07239,0.99639,6.93668,6.23358,71443,mixed,1.0533,2110767
friendster,8,dense,86,0.175125,0.965043,6.26562,0.761081,1114967,mixed,0.150022,303160
friendster,8,dense,87,1.08572,0.974232,7.78864,5.25085,379846,mixed,1.06182,2525694
friendster,8,dense,88,1.5423,0.983735,7.58997,5.69317,254939,mixed,1.52185,2737656
friendster,8,dense,89,0.148023,1.06131,6.88549,0.764245,309939,mixed,0.129182,290349
friendster,8,dense,90,0.768002,0.979382,5.28338,5.25891,358344,mixed,0.744315,1773528
friendster,8,dense,91,6.8529,1.02786,7.9715,17.775,9806,mixed,6.83732,11406255
friendster,8,dense,92,0.167814,1.03703,6.83061,0.885615,1071882,mixed,0.145522,303511
friendster,8,dense,93,1.14741,1.02347,5.48088,5.66975,325753,mixed,1.12856,2056795
friendster,8,dense,94,0.629659,1.03668,4.71793,4.44665,289111,mixed,0.606243,1631321
friendster,8,dense,95,1.02785,0.93438,6.35075,5.95671,219036,mixed,1.00653,2039203
friendster,8,dense,96,0.167629,1.02689,6.23097,0.809064,59949,mixed,0.148641,276169
friendster,8,dense,97,0.149617,1.01706,5.19204,0.842873,19775,mixed,0.130097,299450
friendster,8,dense,98,0.156317,1.03731,6.02066,0.696273,121073,mixed,0.137311,262852
friendster,8,dense,99,0.48443,1.01424,5.4413,2.78609,131968,mixed,0.46428,513160
friendster,8,dense,100,0.148033,0.917244,4.18753,0.818484,2211249,mixed,0.127343,289501
friendster,8,sparse,1,0.812864,0.894156,8.49472,3.64897,8305487305,mixed,0.782307,1538629
friendster,8,sparse,2,2.49845,0.814919,10.7268,17.9167,6297510782,mixed,2.46995,6243487
friendster,8,sparse,3,11.7616,0.953237,6.26832,58.979,7232393137,mixed,11.7323,25417177
friendster,8,sparse,4,40.0265,0.983671,10.7034,161.524,10758,mixed,40.008,92171567
friendster,8,sparse,5,2.55757,0.85393,10.7855,13.4734,4895401545,mixed,2.52701,6392590
friendster,8,sparse,6,3.1158,0.853694,7.97164,14.7054,5920402403,mixed,3.08795,6077616
friendster,8,sparse,7,1.34507,0.936471,4.71253,7.68339,9894027731,mixed,1.31407,3086790
friendster,8,sparse,8,0.216013,0.983087,6.56434,1.06397,172298,mixed,0.194241,499587
friendster,8,sparse,9,0.576374,0.96475,6.31647,3.10301,20091400655,mixed,0.543703,1382492
friendster,8,sparse,10,0.641922,0.815639,9.16141,3.01526,9679643562,mixed,0.606704,1094454
friendster,8,sparse,11,1.51099,0.861967,9.80283,10.5216,3567336283,mixed,1.47948,3851527
friendster,8,sparse,12,5.34757,1.00531,10.3099,28.9902,29443,mixed,5.32641,10554828
friendster,8,sparse,13,0.342336,0.842518,4.23066,1.44051,28176847450,mixed,0.30896,518502
friendster,8,sparse,14,0.222219,0.979126,6.77359,1.12766,158121,mixed,0.201244,426046
friendster,8,sparse,15,2.52465,0.954267,12.3525,13.716,2761583193,mixed,2.49575,4589384
friendster,8,sparse,16,22.563,0.854841,14.2816,107.782,3047156636,mixed,22.5346,35602637
friendster,8,sparse,17,10.3628,0.879505,16.6364,69.2581,2295417796,mixed,10.3336,26413747
friendster,8,sparse,18,0.525981,0.869004,6.31081,3.50631,14590264428,mixed,0.493623,1315852
friendster,8,sparse,19,8.91609,0.823753,16.756,44.495,3931724398,mixed,8.88508,25925407
friendster,8,sparse,20,2.5857,0.857633,12.4498,12.2817,4578759693,mixed,2.55155,6085211
friendster,8,sparse,21,83.5187,0.900305,12.6829,279.762,3650217124,mixed,83.4899,165522389
friendster,8,sparse,22,0.202877,0.967006,5.05078,0.961989,189634,mixed,0.181925,338266
friendster,8,sparse,23,1.52789,0.892352,5.66608,8.3522,19115475317,mixed,1.49476,2299965
friendster,8,sparse,24,0.683326,0.828668,10.7251,4.44022,7023190137,mixed,0.647151,1753873
friendster,8,sparse,25,0.72895,0.986757,6.73873,4.97321,79400,mixed,0.710564,1848829
friendster,8,sparse,26,1.13005,0.829885,7.00214,6.44871,9634744509,mixed,1.09873,2293047
friendster,8,sparse,27,0.797665,0.876602,10.543,5.12677,7817666476,mixed,0.762771,1973787
friendster,8,sparse,28,0.704849,0.847545,10.6166,3.07715,9617468563,mixed,0.667902,1133893
friendster,8,sparse,29,2.63809,0.843084,12.0948,12.8645,5035403215,mixed,2.60401,6017333
friendster,8,sparse,30,2.40833,0.866333,10.5859,15.7984,5402895859,mixed,2.3767,5996244
friendster,8,sparse,31,0.960906,0.825528,10.1702,5.86519,9017203579,mixed,0.925915,2549041
friendster,8,sparse,32,12.2216,0.848508,17.5997,69.7846,3290066466,mixed,12.1935,18952815
friendster,8,sparse,33,0.415182,0.87414,4.58284,2.09768,11498330873,mixed,0.38313,790957
friendster,8,sparse,34,0.275682,0.900576,4.2505,1.2483,38012840306,mixed,0.242123,508422
friendster,8,sparse,35,2.90251,1.02459,9.84035,22.3678,272995,mixed,2.88326,7329863
friendster,8,sparse,36,0.409322,0.816252,7.79619,2.86202,22324303230,mixed,0.371588,1239441
friendster,8,sparse,37,0.489647,0.839284,9.32334,2.77854,7867418929,mixed,0.457952,1084392
friendster,8,sparse,38,88.5332,0.812626,12.7594,392.68,3350828901,mixed,88.5054,178514888
friendster,8,sparse,39,3.58133,0.830654,10.5955,15.5681,8532680630,mixed,3.55251,6643586
friendster,8,sparse,40,0.758831,0.850441,6.50853,3.09981,13175656239,mixed,0.727929,1187455
friendster,8,sparse,41,0.266794,0.943211,7.12046,1.3201,124111,mixed,0.243224,634806
friendster,8,sparse,42,15.3861,0.814456,17.1087,74.1268,3063615122,mixed,15.3478,19653066
friendster,8,sparse,43,1.15169,1.01076,10.5502,7.79564,61209,mixed,1.12588,3120395
friendster,8,sparse,44,9.80417,0.870072,10.8364,19.2429,5465557104,mixed,9.77259,8242461
friendster,8,sparse,45,6.24114,0.933275,13.2851,41.5658,4442951602,mixed,6.20606,15874307
friendster,8,sparse,46,0.791323,0.956592,7.99095,5.29083,61428,mixed,0.770278,1936081
friendster,8,sparse,47,14.7038,0.914865,18.1289,80.7796,2513276371,mixed,14.6755,23496697
friendster,8,sparse,48,3.0732,0.825678,11.264,15.6378,4835655228,mixed,3.04265,4634975
friendster,8,sparse,49,0.299153,0.8771,4.8718,1.34133,34491705158,mixed,0.26168,514978
friendster,8,sparse,50,0.480147,0.867996,5.5108,2.3615,12625212231,mixed,0.445407,725499
friendster,8,sparse,51,2.69529,0.860566,12.2882,13.8822,9516097247,mixed,2.66078,6603521
friendster,8,sparse,52,2.14127,0.960572,12.5446,15.0432,4269618675,mixed,2.11138,5606664
friendster,8,sparse,53,2.69788,0.851218,10.1286,16.2126,5274609610,mixed,2.66371,6037088
friendster,8,sparse,54,0.293429,0.892336,3.92494,2.04284,42089707105,mixed,0.259332,960092
friendster,8,sparse,55,2.87514,0.850224,13.2872,11.3023,7461837490,mixed,2.844,5460925
friendster,8,sparse,56,4.63016,0.891987,16.3481,34.3386,106854899,mixed,4.60487,8292566
friendster,8,sparse,57,15.7469,0.885999,16.671,70.6174,2853984172,mixed,15.7211,25807053
friendster,8,sparse,58,3.154,0.877241,15.4693,18.7782,4691884784,mixed,3.12237,6425410
friendster,8,sparse,59,0.307453,0.870012,6.75159,1.48824,345003105,mixed,0.278947,548172
friendster,8,sparse,60,127.345,0.912484,23.8131,582.09,1279495258,mixed,127.32,139286101
friendster,8,sparse,61,0.419476,0.825615,5.38829,2.1177,13573107915,mixed,0.385242,726189
friendster,8,sparse,62,14.8745,0.935174,12.2618,86.6288,2729754499,mixed,14.848,18285489
friendster,8,sparse,63,2.73667,1.08449,8.93565,18.9926,4106,mixed,2.72058,8250378
friendster,8,sparse,64,1.67049,1.07125,8.42187,10.3545,84508,mixed,1.64918,7089640
friendster,8,sparse,65,0.293624,0.797978,3.8636,1.21673,102326308517,mixed,0.25684,512180
friendster,8,sparse,66,0.64647,0.83259,10.4166,2.9613,8226417643,mixed,0.612095,1094362
friendster,8,sparse,67,0.426438,0.87341,4.66557,2.02201,15740878868,mixed,0.395512,735082
friendster,8,sparse,68,3.85851,0.855945,12.2947,18.0764,3088668564,mixed,3.827,6038685
friendster,8,sparse,69,0.476861,0.883871,6.98443,2.80021,13344378963,mixed,0.442163,1249818
friendster,8,sparse,70,11.9421,0.833836,21.5504,69.4808,2385104873,mixed,11.9108,24639927
friendster,8,sparse,71,0.60728,0.899592,9.5978,2.96491,10175634633,mixed,0.57234,1114893
friendster,8,sparse,72,1.32101,0.890725,11.3591,9.1537,116988793,mixed,1.29624,3229068
friendster,8,sparse,73,1.70001,0.830441,14.3218,14.0452,4543529644,mixed,1.66805,6015874
friendster,8,sparse,74,2.64587,0.906046,11.313,14.8298,5152885987,mixed,2.61085,4125386
friendster,8,sparse,75,1.73208,0.904878,10.3003,10.2774,3705321004,mixed,1.70299,3866845
friendster,8,sparse,76,0.436099,0.868314,4.57657,1.89862,26917502049,mixed,0.404696,696651
friendster,8,sparse,77,2.35709,0.880903,11.8879,17.6743,5582987401,mixed,2.32523,5555308
friendster,8,sparse,78,0.690426,0.846382,4.71993,3.0666,10934202388,mixed,0.659061,1091620
friendster,8,sparse,79,2.97551,0.855762,7.58506,18.568,5839504920,mixed,2.94655,7289880
friendster,8,sparse,80,0.281855,0.907763,4.29959,1.50438,47373798340,mixed,0.248531,672654
friendster,8,sparse,81,9.237,0.906087,22.7824,47.8859,1901870853,mixed,9.20616,20040803
friendster,8,sparse,82,0.72202,0.815847,9.47139,3.64436,9104751287,mixed,0.690065,1634192
friendster,8,sparse,83,3.4673,0.874945,7.68584,16.1167,5351567460,mixed,3.43888,5876333
friendster,8,sparse,84,0.67558,0.955425,6.67258,3.99307,120916,mixed,0.655689,1597570
friendster,8,sparse,85,1.52771,0.961321,8.99986,11.2715,23636,mixed,1.50763,8119643
friendster,8,sparse,86,6.86063,0.898554,11.7616,45.8539,4189923659,mixed,6.82914,17844212
friendster,8,sparse,87,0.958214,0.834946,8.13508,6.92552,9040534307,mixed,0.922024,2320142
friendster,8,sparse,88,2.4782,0.871623,12.7105,16.1349,5587252534,mixed,2.44339,6695429
friendster,8,sparse,89,4.49864,0.968106,12.0602,19.2876,32358,mixed,4.48212,13599580
friendster,8,sparse,90,18.1876,0.865226,16.3416,102.416,3079531251,mixed,18.1611,27917662
friendster,8,sparse,91,0.240989,0.84112,3.68008,1.19886,98596144482,mixed,0.206257,467728
friendster,8,sparse,92,17.8839,0.847333,17.4894,93.1863,2579431110,mixed,17.8563,38897765
friendster,8,sparse,93,7.86707,0.923252,13.0575,42.6543,3273856106,mixed,7.83845,20779285
friendster,8,sparse,94,4.36729,0.846088,10.0563,30.2803,3419998033,mixed,4.33862,12053974
friendster,8,sparse,95,18.1614,0.848125,6.3778,66.7926,10165745945,mixed,18.1311,26862877
friendster,8,sparse,96,3.52227,0.844984,12.9908,14.4234,4014895041,mixed,3.48827,4876025
friendster,8,sparse,97,1.19278,0.840339,4.29244,8.20102,19630885352,mixed,1.1587,3110947
friendster,8,sparse,98,0.409719,0.825808,4.91845,1.91056,26975529015,mixed,0.378609,700168
friendster,8,sparse,99,10.8599,0.893122,15.7303,50.9942,1363293488,mixed,10.8317,21626336
friendster,8,sparse,100,0.680028,0.880028,6.48326,3.84758,16997377720,mixed,0.646803,1362024
