dataset,query_size,query_mode,query_index,elapsed_execution_time,filter_time,plan_time,enumerate_time,n_embeddings,order,max_task_time,n_intersections
orkut,8,dense,1,0.0328512,0.533282,0.965245,0.37412,718319,mixed,0.030235,224603
orkut,8,dense,2,0.0786092,0.517881,1.28002,1.02069,2122314,mixed,0.0757942,278569
orkut,8,dense,3,0.045873,0.530518,1.31203,0.299966,4243645,mixed,0.0430573,210360
orkut,8,dense,4,0.0719569,0.557309,1.66161,0.947538,447770,mixed,0.0694151,717143
orkut,8,dense,5,0.0836075,0.517007,1.16843,0.601472,1867295,mixed,0.0809865,330695
orkut,8,dense,6,0.0469874,0.526093,1.42836,0.678147,1517097,mixed,0.0441819,304758
orkut,8,dense,7,0.171477,0.547283,1.20481,0.378509,86953,mixed,0.161809,349947
orkut,8,dense,8,0.0524894,0.489413,0.931486,0.322396,832973,mixed,0.0498596,222636
orkut,8,dense,9,0.0470628,0.536768,1.1461,0.543795,878765,mixed,0.0444117,292491
orkut,8,dense,10,0.0393489,0.544137,0.881482,0.495266,336581,mixed,0.0371169,272132
orkut,8,dense,11,0.0808833,0.526531,1.33391,0.708579,3409886,mixed,0.0776946,454690
orkut,8,dense,12,0.136694,0.587041,1.05121,0.220117,41893,mixed,0.133257,236048
orkut,8,dense,13,0.0559705,0.522192,1.34944,0.596025,13113350,mixed,0.0531577,279408
orkut,8,dense,14,0.0354528,0.48952,1.05777,0.313195,473717,mixed,0.0327298,200752
orkut,8,dense,15,0.240039,0.525727,1.30023,6.71402,477307,mixed,0.185814,658710
orkut,8,dense,16,0.0455279,0.599747,1.69089,0.593012,52467,mixed,0.0430675,270614
orkut,8,dense,17,0.0815898,0.545901,1.54946,0.605067,480851,mixed,0.0786875,440620
orkut,8,dense,18,0.536218,0.614999,1.09564,1.12323,101888,mixed,0.0534853,317118
orkut,8,dense,19,0.0651667,0.513433,1.45558,0.832759,664630,mixed,0.0621471,633895
orkut,8,dense,20,0.0644821,0.542583,0.854948,0.353868,29231796,mixed,0.0618851,251246
orkut,8,dense,21,0.174074,0.558513,1.3928,3.88718,80712,mixed,0.144048,2970814
orkut,8,dense,22,0.0756501,0.544345,1.22244,0.694427,283362,mixed,0.0727627,530178
orkut,8,dense,23,0.0416442,0.534433,1.54297,0.318403,3446020,mixed,0.0389444,229722
orkut,8,dense,24,0.0420821,0.524228,1.24568,0.431173,2129524,mixed,0.0393514,279614
orkut,8,dense,25,0.0811415,0.535099,1.24456,0.906895,3545761,mixed,0.0776998,314518
orkut,8,dense,26,0.0496328,0.55108,1.13379,0.499518,244040,mixed,0.0470048,348412
orkut,8,dense,27,0.281472,0.5761,1.18116,0.440615,48329,mixed,0.0549231,415356
orkut,8,dense,28,0.0807125,0.559384,1.67364,0.829724,19729269,mixed,0.0748613,429238
orkut,8,dense,29,0.0402242,0.557409,1.0189,0.287014,549592,mixed,0.0374654,219935
orkut,8,dense,30,0.0428084,0.521003,0.702404,0.229053,1993620,mixed,0.0402895,182778
orkut,8,dense,31,0.0552473,0.492237,1.05551,0.364536,797987,mixed,0.0524597,255047
orkut,8,dense,32,0.0532081,0.576074,1.30147,0.413804,71261,mixed,0.0508149,303813
orkut,8,dense,33,0.0455914,0.529256,1.26078,0.328173,2052619,mixed,0.0426054,211055
orkut,8,dense,34,0.0511214,0.560569,0.946749,0.329259,784928,mixed,0.048482,244099
orkut,8,dense,35,0.0453881,0.505682,1.18493,0.393194,4389398,mixed,0.0420503,256767
orkut,8,dense,36,0.0470009,0.530891,1.31425,0.36759,1200655,mixed,0.0438038,244702
orkut,8,dense,37,0.0587701,0.543016,1.09336,0.738278,187779,mixed,0.0561368,558658
orkut,8,dense,38,0.0565326,0.541184,0.805769,0.580334,755522,mixed,0.0537412,416503
orkut,8,dense,39,0.0758051,0.54948,1.21278,1.0438,166599,mixed,0.0466742,761908
orkut,8,dense,40,0.0461083,0.513848,1.07677,0.345073,5899798,mixed,0.0433222,222156
orkut,8,dense,41,0.0481393,0.55075,1.47795,0.315965,230916,mixed,0.0453807,231879
orkut,8,dense,42,0.0480413,0.516678,1.10739,0.292778,829116,mixed,0.044711,213695
orkut,8,dense,43,0.059328,0.589828,1.15876,0.49504,106850,mixed,0.057261,329413
orkut,8,dense,44,0.0497144,0.513849,0.961223,0.389698,2426282,mixed,0.0468263,226265
orkut,8,dense,45,0.0429124,0.516613,1.30166,0.371583,6229287,mixed,0.0399249,244308
orkut,8,dense,46,0.474877,0.602102,1.29666,1.10983,62796,mixed,0.135838,1106569
orkut,8,dense,47,0.0775601,0.525287,1.54361,0.639061,60414,mixed,0.0753998,474190
orkut,8,dense,48,0.0447984,0.610663,0.801241,0.276495,122226,mixed,0.0421438,204815
orkut,8,dense,49,0.0463657,0.550748,1.24243,0.442721,1109043,mixed,0.0434567,293293
orkut,8,dense,50,0.474273,0.533308,1.64532,1.43213,432792,mixed,0.154566,1279997
orkut,8,dense,51,0.0700956,0.521953,1.69561,1.05225,2917114,mixed,0.0666101,757341
orkut,8,dense,52,0.130379,0.523265,1.55775,1.11751,2651687,mixed,0.127089,602438
orkut,8,dense,53,0.0442803,0.524446,0.893382,0.324648,7400846,mixed,0.041745,202377
orkut,8,dense,54,0.066463,0.598542,1.20609,0.517604,86643,mixed,0.0639552,389773
orkut,8,dense,55,0.066072,0.555809,1.01828,0.428392,466090,mixed,0.0621268,251643
orkut,8,dense,56,0.0598709,0.569923,1.70265,0.497516,2180718,mixed,0.0569361,393472
orkut,8,dense,57,0.0610522,0.539615,1.4728,0.499188,242474,mixed,0.0583196,341804
orkut,8,dense,58,0.0411417,0.570737,1.124,0.341886,1704610,mixed,0.038333,228760
orkut,8,dense,59,0.0508663,0.503886,1.15743,0.331135,496773,mixed,0.0479664,242167
orkut,8,dense,60,0.126856,0.592881,1.08659,0.22073,44102,mixed,0.121895,253159
orkut,8,dense,61,0.0471185,0.532032,0.754523,0.265267,26973759,mixed,0.0447473,219356
orkut,8,dense,62,0.173531,0.526709,1.31148,1.16078,1344853,mixed,0.168161,1060070
orkut,8,dense,63,0.0477135,0.523999,0.804718,0.257998,2370397,mixed,0.0449901,206203
orkut,8,dense,64,0.0397899,0.518229,0.758162,0.24359,3439603,mixed,0.0372377,210589
orkut,8,dense,65,0.0488892,0.546493,1.09093,0.402205,276528,mixed,0.0461175,295532
orkut,8,dense,66,0.170062,0.522122,2.58544,2.75425,98319,mixed,0.166483,2131909
orkut,8,dense,67,0.0575994,0.527863,1.02628,0.345851,3174636,mixed,0.0545303,223794
orkut,8,dense,68,0.0351061,0.51973,0.928074,0.310295,470383,mixed,0.032565,198461
orkut,8,dense,69,0.0409378,0.577279,0.887806,0.642979,39866,mixed,0.0390543,505484
orkut,8,dense,70,0.0644266,0.549613,1.13189,0.342643,445564,mixed,0.0615915,243389
orkut,8,dense,71,0.0392041,0.568109,0.902636,0.346253,1801527,mixed,0.0364887,225340
orkut,8,dense,72,0.0557924,0.517734,1.28858,0.35998,4322214,mixed,0.0525948,222049
orkut,8,dense,73,0.0454717,0.54295,1.1927,0.396295,234693,mixed,0.042892,269481
orkut,8,dense,74,0.0471421,0.561756,1.29127,0.354899,105581,mixed,0.0448301,252438
orkut,8,dense,75,0.0440328,0.564246,0.981314,0.344957,504633,mixed,0.0416282,215595
orkut,8,dense,76,0.0418417,0.516951,1.27108,0.384098,1555368,mixed,0.0392932,249477
orkut,8,dense,77,0.0444187,0.587859,0.932808,0.346669,310132,mixed,0.0420952,237747
orkut,8,dense,78,0.0495831,0.523394,1.32919,0.360717,857836,mixed,0.0468885,259131
orkut,8,dense,79,0.0447476,0.537014,1.31329,0.427149,3641191,mixed,0.0419794,277786
orkut,8,dense,80,0.268101,0.561758,1.06407,1.89494,20931,mixed,0.0377077,1399243
orkut,8,dense,81,0.0359372,0.592832,1.12333,0.338303,35958,mixed,0.033461,230535
orkut,8,dense,82,0.246797,0.582185,1.17046,0.625051,82485,mixed,0.221164,657593
orkut,8,dense,83,0.058942,0.502087,0.844585,0.299518,1745618,mixed,0.0563683,232776
orkut,8,dense,84,0.0401261,0.601668,1.09975,0.318481,36608,mixed,0.0378606,243586
orkut,8,dense,85,0.0525835,0.532347,0.89669,0.24168,11578532,mixed,0.0498925,221352
orkut,8,dense,86,0.0412357,0.467523,0.549855,0.181018,79959432,mixed,0.0392269,173821
orkut,8,dense,87,0.0372095,0.570174,1.11039,0.30335,222379,mixed,0.0350276,209026
orkut,8,dense,88,0.0665794,0.586596,0.835013,0.589353,169083,mixed,0.0645212,618923
orkut,8,dense,89,0.0507182,0.494947,1.14636,0.365803,1573170,mixed,0.0479141,265869
orkut,8,dense,90,0.0373054,0.569526,1.10166,0.301238,79559,mixed,0.0354146,221179
orkut,8,dense,91,0.0464931,0.541772,1.11915,0.344465,1874277,mixed,0.0439749,245185
orkut,8,dense,92,0.049488,0.54239,1.17726,0.405582,2154545,mixed,0.0471131,274630
orkut,8,dense,93,0.0553153,0.567756,1.15595,0.343459,86190,mixed,0.0532239,269702
orkut,8,dense,94,0.0496012,0.57144,0.882984,0.368233,217955,mixed,0.0473387,265285
orkut,8,dense,95,0.0807581,0.596559,1.68551,1.27314,129107,mixed,0.0785971,992983
orkut,8,dense,96,0.223146,0.588821,1.00851,0.644394,49136,mixed,0.201904,415730
orkut,8,dense,97,0.0491626,0.549705,0.856339,0.419415,169275,mixed,0.0472064,271706
orkut,8,dense,98,0.0460915,0.557065,1.09736,0.493398,6559768,mixed,0.0439498,278598
orkut,8,dense,99,0.0436416,0.551296,0.745621,0.369302,10965512,mixed,0.0413424,248995
orkut,8,dense,100,0.0494123,0.513667,0.804878,0.355803,19363130,mixed,0.0470802,247032
orkut,8,sparse,1,0.307937,0.464577,1.65107,4.83262,155913823,mixed,0.213178,1571911
orkut,8,sparse,2,0.8676,0.491459,1.56535,7.05045,33553669,mixed,0.273776,7276600
orkut,8,sparse,3,0.241425,0.470694,1.70371,2.8348,1469201,mixed,0.214736,1945619
orkut,8,sparse,4,0.0614248,0.435595,1.17584,0.473521,23526117,mixed,0.0579287,443569
orkut,8,sparse,5,0.0311449,0.500546,0.937658,0.232239,3042220,mixed,0.0285343,207510
orkut,8,sparse,6,0.303637,0.467072,1.11726,0.964622,1013013448,mixed,0.202167,963620
orkut,8,sparse,7,0.195618,0.477164,1.64092,4.27396,4026379,mixed,0.187876,3390661
orkut,8,sparse,8,0.0995293,0.441489,1.3399,0.393946,651677125,mixed,0.0957792,343128
orkut,8,sparse,9,0.149696,0.46081,2.37354,3.32562,27276848,mixed,0.142346,1804210
orkut,8,sparse,10,0.0745195,0.468202,1.48325,0.436798,70935632,mixed,0.0710812,288088
orkut,8,sparse,11,0.213669,0.433369,1.30045,1.81289,41016725,mixed,0.203015,1045370
orkut,8,sparse,12,0.0524076,0.460973,0.955193,0.305291,36613295,mixed,0.0495656,204218
orkut,8,sparse,13,4.80007,0.4577,1.40839,18.8355,210204263,mixed,0.312189,10198307
orkut,8,sparse,14,0.17402,0.451262,1.82133,2.28828,16368879,mixed,0.169161,1337431
orkut,8,sparse,15,0.134933,0.448079,1.62743,1.04608,129324939,mixed,0.130124,782677
orkut,8,sparse,16,0.0495107,0.451368,0.896368,0.246526,3491358,mixed,0.0466362,203345
orkut,8,sparse,17,0.165391,0.451045,0.975339,0.227207,7174466252,mixed,0.161836,238462
orkut,8,sparse,18,0.147898,0.424699,1.26489,0.838514,235463640,mixed,0.144353,828824
orkut,8,sparse,19,0.210359,0.469542,1.8042,4.73043,7035951,mixed,0.2039,3751282
orkut,8,sparse,20,0.113207,0.446793,1.24213,1.25029,68766188,mixed,0.1099,841126
orkut,8,sparse,21,0.0594208,0.49044,1.58639,0.583359,8157848,mixed,0.0564398,328910
orkut,8,sparse,22,0.243048,0.43408,1.75946,3.03544,35838711,mixed,0.193423,1951307
orkut,8,sparse,23,0.066417,0.425886,0.760312,0.396514,757901461,mixed,0.0631274,244117
orkut,8,sparse,24,0.0458151,0.480416,0.838341,0.288703,99195520,mixed,0.042733,218939
orkut,8,sparse,25,0.389058,0.482478,1.33369,2.00575,8203658,mixed,0.206435,978235
orkut,8,sparse,26,0.785831,0.477639,1.79424,18.4874,90808455,mixed,0.411326,9023907
orkut,8,sparse,27,0.19581,0.445189,1.72918,2.84504,34188630,mixed,0.19086,978168
orkut,8,sparse,28,0.374622,0.453497,1.61463,4.71529,92861945,mixed,0.283308,1605803
orkut,8,sparse,29,0.0932775,0.402689,1.27647,1.82118,318555018,mixed,0.0880623,829247
orkut,8,sparse,30,0.148138,0.440336,0.959856,0.233049,6936870135,mixed,0.144639,235093
orkut,8,sparse,31,0.0477455,0.441324,1.2758,0.270447,176310970,mixed,0.0444723,212601
orkut,8,sparse,32,0.141325,0.451374,1.46625,1.57148,184990017,mixed,0.137053,1244538
orkut,8,sparse,33,0.296469,0.464254,1.81741,2.54085,31596444,mixed,0.289799,1380107
orkut,8,sparse,34,0.0621582,0.465215,1.05958,0.513487,417744825,mixed,0.0565118,292296
orkut,8,sparse,35,0.16917,0.450077,1.61232,1.83188,2169441,mixed,0.166162,1148264
orkut,8,sparse,36,0.059251,0.489494,1.30501,0.356895,4689733,mixed,0.0565123,302811
orkut,8,sparse,37,0.297014,0.45298,1.58979,7.54049,12514511,mixed,0.265761,4339666
orkut,8,sparse,38,0.0501538,0.494832,1.36355,0.317372,85193202,mixed,0.0473277,299073
orkut,8,sparse,39,0.0440574,0.498855,0.997263,0.337562,231061233,mixed,0.0411626,248136
orkut,8,sparse,40,0.105833,0.429683,1.05093,0.911405,152094953,mixed,0.102131,787886
orkut,8,sparse,41,0.0884627,0.425599,1.2814,0.741971,37304323,mixed,0.0847287,633343
orkut,8,sparse,42,0.154899,0.465217,1.13916,0.934334,52987143,mixed,0.151193,652320
orkut,8,sparse,43,0.390976,0.473915,1.86287,3.85064,18661953,mixed,0.209979,2733932
orkut,8,sparse,44,0.0743954,0.447765,1.53883,0.384727,303782321,mixed,0.0714122,279543
orkut,8,sparse,45,0.0408054,0.452371,0.751703,0.239473,358218952,mixed,0.0379922,203545
orkut,8,sparse,46,0.0682718,0.448235,1.30424,0.953736,60490894,mixed,0.0640806,494813
orkut,8,sparse,47,0.0747986,0.44721,1.18144,0.639383,81804683,mixed,0.0710256,683756
orkut,8,sparse,48,0.116686,0.456223,0.742068,0.213252,20609844401,mixed,0.113493,233115
orkut,8,sparse,49,0.215311,0.464578,1.4928,3.10722,95526817,mixed,0.201903,1994301
orkut,8,sparse,50,0.125293,0.464637,1.05105,0.383304,1133493399,mixed,0.121973,263219
orkut,8,sparse,51,0.0385237,0.500708,1.09282,0.264089,84301806,mixed,0.0357791,218854
orkut,8,sparse,52,0.0826061,0.476027,1.22966,0.396154,1417027903,mixed,0.0793736,255435
orkut,8,sparse,53,0.200499,0.542417,1.05011,0.709221,9160327,mixed,0.197843,699541
orkut,8,sparse,54,0.103289,0.489449,1.66976,1.1346,3746747,mixed,0.1004,964525
orkut,8,sparse,55,0.0621816,0.486666,1.47753,0.626916,167478013,mixed,0.0580824,412617
orkut,8,sparse,56,0.247971,0.448072,1.90187,0.968773,15869848,mixed,0.20426,802748
orkut,8,sparse,57,0.0758419,0.448565,0.944552,0.61872,52061678,mixed,0.0722367,695900
orkut,8,sparse,58,0.449628,0.469061,1.72625,2.77621,129528378,mixed,0.250402,1295672
orkut,8,sparse,59,0.260862,0.432133,1.60997,2.64393,110852721,mixed,0.221462,1019496
orkut,8,sparse,60,0.0730924,0.449566,1.14934,0.635192,73035248,mixed,0.0698932,490763
orkut,8,sparse,61,0.111528,0.437762,0.768721,0.201487,163093189278,mixed,0.108185,220912
orkut,8,sparse,62,0.0372516,0.473615,1.34249,0.332667,6689138,mixed,0.0342567,214141
orkut,8,sparse,63,0.0883764,0.439372,1.14706,0.692784,64843996,mixed,0.0849932,469148
orkut,8,sparse,64,0.221544,0.471971,1.175,1.85433,99466641,mixed,0.205127,1432564
orkut,8,sparse,65,0.474281,0.449527,1.78249,2.78142,3923620406,mixed,0.371883,1230957
orkut,8,sparse,66,0.100908,0.435775,0.783772,0.205176,2267258441,mixed,0.097343,222610
orkut,8,sparse,67,0.286403,0.45087,1.03785,3.10116,344039194,mixed,0.234527,1210211
orkut,8,sparse,68,1.2257,0.45282,1.33361,9.91877,273966630,mixed,0.526698,3679191
orkut,8,sparse,69,0.180041,0.453399,1.23294,2.0108,31456870,mixed,0.1748,967196
orkut,8,sparse,70,0.0888423,0.471917,1.85203,1.41946,1786168,mixed,0.0835572,858742
orkut,8,sparse,71,0.0930209,0.434689,1.5685,0.353342,23907520,mixed,0.0902754,328931
orkut,8,sparse,72,0.311202,0.423645,1.62817,6.78097,18048580,mixed,0.222978,3450528
orkut,8,sparse,73,0.111274,0.447527,1.00875,0.806618,10517516884,mixed,0.107646,603956
orkut,8,sparse,74,0.234299,0.462571,1.16097,1.16152,766258107,mixed,0.178478,962276
orkut,8,sparse,75,0.22275,0.445969,1.04697,1.12343,332022566,mixed,0.2083,732672
orkut,8,sparse,76,0.0629493,0.437221,1.21304,0.433905,232763274,mixed,0.0593355,282052
orkut,8,sparse,77,0.0487757,0.478237,1.16952,0.353603,250132390,mixed,0.0456916,283518
orkut,8,sparse,78,0.134686,0.459271,1.35399,0.827102,465241707,mixed,0.131241,613428
orkut,8,sparse,79,1.80789,0.45422,1.94981,7.98373,7008744,mixed,0.210662,6607665
orkut,8,sparse,80,0.0536922,0.504834,1.02457,0.45997,21521647,mixed,0.050614,307829
orkut,8,sparse,81,0.071506,0.448232,1.58331,0.644374,292122423,mixed,0.068111,538876
orkut,8,sparse,82,0.128475,0.47051,0.782835,0.706009,41304099,mixed,0.12567,454619
orkut,8,sparse,83,0.117163,0.4734,1.3552,1.01434,58158904,mixed,0.106982,538760
orkut,8,sparse,84,0.136836,0.477644,1.25402,0.894886,279170972,mixed,0.133774,710748
orkut,8,sparse,85,0.148953,0.472618,1.3974,1.26709,4682498,mixed,0.143119,824714
orkut,8,sparse,86,0.165236,0.466797,1.22963,3.18381,50730079,mixed,0.162069,2397022
orkut,8,sparse,87,0.0424134,0.475103,1.3266,0.43743,7123295,mixed,0.0393373,309797
orkut,8,sparse,88,0.210234,0.434023,1.20908,0.980915,690115599,mixed,0.115027,834318
orkut,8,sparse,89,0.345488,0.450647,1.46895,2.05602,52596401,mixed,0.21933,1533176
orkut,8,sparse,90,0.0433254,0.459673,0.964239,0.257921,56605573,mixed,0.0407335,219060
orkut,8,sparse,91,0.0475116,0.442936,1.88669,0.576009,228034967,mixed,0.0432266,270709
orkut,8,sparse,92,0.0592447,0.444208,1.35078,0.412446,6163576359,mixed,0.0558658,242280
orkut,8,sparse,93,0.0894839,0.468375,1.54254,0.902454,20232912,mixed,0.0865589,547690
orkut,8,sparse,94,0.115833,0.450468,0.713911,0.197174,3797103790,mixed,0.112468,224612
orkut,8,sparse,95,0.038021,0.481394,0.899013,0.237953,98833927,mixed,0.0347938,204512
orkut,8,sparse,96,0.0961255,0.486744,1.42506,1.11815,6030455,mixed,0.0828821,731052
orkut,8,sparse,97,0.295449,0.485023,1.19571,2.9048,41239012,mixed,0.211592,1678985
orkut,8,sparse,98,0.215499,0.447849,1.04593,0.463657,6511010115,mixed,0.203338,288287
orkut,8,sparse,99,0.071143,0.44629,1.03962,0.341957,4673748521,mixed,0.0671977,228557
orkut,8,sparse,100,0.0582657,0.468041,1.2585,0.573848,43231350,mixed,0.0550872,456729
