dataset,query_size,query_mode,query_index,elapsed_execution_time,filter_time,plan_time,enumerate_time,n_embeddings,order,max_task_time,n_intersections
orkut,8,dense,1,0.230737,0.544505,0.000278057,0.270591,718319.0,mixed,0.0494769,363744
orkut,8,dense,2,0.220248,0.525053,0.000184773,0.3838,2122314.0,mixed,0.200924,498637
orkut,8,dense,3,0.264226,0.526293,0.000273246,0.258863,4243645.0,mixed,0.0525672,285513
orkut,8,dense,4,0.258818,0.569328,0.000199641,0.358833,447770.0,mixed,0.0687007,465666
orkut,8,dense,5,0.214162,0.529253,0.00019207,0.255415,1867295.0,mixed,0.073917,310594
orkut,8,dense,6,0.346745,0.535797,0.000194537,0.400554,1517097.0,mixed,0.112589,493399
orkut,8,dense,7,0.212727,0.531254,0.0002047,0.493596,86953.0,mixed,0.202508,686726
orkut,8,dense,8,0.149237,0.50699,0.000151294,0.244581,832973.0,mixed,0.146127,352788
orkut,8,dense,9,0.188452,0.540807,0.000186279,0.260782,878765.0,mixed,0.185537,346273
orkut,8,dense,10,0.27933,0.53528,0.000210152,0.41948,336581.0,mixed,0.0757601,700011
orkut,8,dense,11,0.339716,0.53075,0.000353378,0.538933,3409886.0,mixed,0.113676,629793
orkut,8,dense,12,0.167704,0.588308,0.000171172,0.264047,41893.0,mixed,0.165164,439523
orkut,8,dense,13,0.70798,0.537443,0.000244314,0.81281,13113350.0,mixed,0.203425,500520
orkut,8,dense,14,0.229215,0.509898,0.000374797,0.230021,473717.0,mixed,0.0530111,313719
orkut,8,dense,15,0.326284,0.531837,0.000184493,1.06049,477307.0,mixed,0.121799,1164077
orkut,8,dense,16,0.168594,0.576225,0.000169699,0.29106,52467.0,mixed,0.166421,551459
orkut,8,dense,17,0.239549,0.549671,0.000146869,0.318017,480851.0,mixed,0.0875839,402039
orkut,8,dense,18,0.251767,0.604145,0.000164987,0.300515,101888.0,mixed,0.0628339,506889
orkut,8,dense,19,0.247131,0.51709,0.000260077,0.320735,664630.0,mixed,0.0675062,429058
orkut,8,dense,20,1.04783,0.556928,0.000176088,2.0835,29231796.0,mixed,0.212007,1047671
orkut,8,dense,21,0.613155,0.55959,0.00019239,1.22746,80712.0,mixed,0.195559,1439393
orkut,8,dense,22,0.210081,0.550873,0.000361252,0.266522,283362.0,mixed,0.083726,367997
orkut,8,dense,23,0.234195,0.53733,0.00015975,0.263574,3446020.0,mixed,0.0491732,315741
orkut,8,dense,24,0.208008,0.517455,0.000305556,0.164856,2129524.0,mixed,0.0461895,222956
orkut,8,dense,25,0.239566,0.547219,0.000155462,0.276266,3545761.0,mixed,0.0431559,321213
orkut,8,dense,26,0.206502,0.57442,0.00017291,0.343695,244040.0,mixed,0.20078,482336
orkut,8,dense,27,0.211796,0.571927,0.000171767,0.241079,48329.0,mixed,0.0721614,406686
orkut,8,dense,28,0.923128,0.554991,0.000172159,1.32578,19729269.0,mixed,0.207083,757571
orkut,8,dense,29,0.15519,0.567755,0.00033911,0.230613,549592.0,mixed,0.152341,314780
orkut,8,dense,30,0.204958,0.518477,0.000157804,0.302101,1993620.0,mixed,0.200557,315987
orkut,8,dense,31,0.155096,0.491677,0.000148225,0.269789,797987.0,mixed,0.152718,389107
orkut,8,dense,32,0.147849,0.593878,0.000152807,0.283929,71261.0,mixed,0.145801,416541
orkut,8,dense,33,0.205198,0.515889,0.000162595,0.309669,2052619.0,mixed,0.200768,357080
orkut,8,dense,34,0.162443,0.561827,0.000197259,0.25526,784928.0,mixed,0.159631,336600
orkut,8,dense,35,0.252752,0.495723,0.000175172,0.265299,4389398.0,mixed,0.0497123,327290
orkut,8,dense,36,0.2062,0.523785,0.000149546,0.299254,1200655.0,mixed,0.200522,367914
orkut,8,dense,37,0.207069,0.563744,0.000180727,0.365274,187779.0,mixed,0.200666,569820
orkut,8,dense,38,0.272878,0.540862,0.000159406,0.417346,755522.0,mixed,0.081899,652460
orkut,8,dense,39,0.215652,0.551445,0.000234081,0.256864,166599.0,mixed,0.055482,364266
orkut,8,dense,40,0.338328,0.521417,0.000163294,0.360798,5899798.0,mixed,0.117799,345969
orkut,8,dense,41,0.175684,0.549055,0.000157349,0.275952,230916.0,mixed,0.173408,446916
orkut,8,dense,42,0.168935,0.516696,0.000349959,0.260538,829116.0,mixed,0.166135,355676
orkut,8,dense,43,0.205712,0.594293,0.000177483,0.491314,106850.0,mixed,0.200596,625243
orkut,8,dense,44,0.209507,0.513885,0.000181567,0.199983,2426282.0,mixed,0.0503858,271003
orkut,8,dense,45,0.351311,0.52737,0.000336731,0.407666,6229287.0,mixed,0.130967,390624
orkut,8,dense,46,0.430646,0.608688,0.000152477,0.734369,62796.0,mixed,0.0912606,980653
orkut,8,dense,47,0.15718,0.526325,0.000359283,0.305678,60414.0,mixed,0.155006,598179
orkut,8,dense,48,0.146042,0.590697,0.000409162,0.252298,122226.0,mixed,0.143926,312429
orkut,8,dense,49,0.392041,0.524562,0.000222177,0.47623,1109043.0,mixed,0.169972,564402
orkut,8,dense,50,0.34034,0.540899,0.000171389,0.525359,432792.0,mixed,0.137199,687416
orkut,8,dense,51,0.215195,0.54327,0.000156399,0.243136,2917114.0,mixed,0.0665732,297207
orkut,8,dense,52,0.321773,0.531702,0.000440254,0.525642,2651687.0,mixed,0.169716,570330
orkut,8,dense,53,0.386326,0.50285,0.000161742,0.427185,7400846.0,mixed,0.182028,318742
orkut,8,dense,54,0.163141,0.596765,0.000352205,0.284457,86643.0,mixed,0.160867,434348
orkut,8,dense,55,0.209107,0.552958,0.000198959,0.178822,466090.0,mixed,0.0490031,198921
orkut,8,dense,56,0.205877,0.578148,0.000176941,0.297731,2180718.0,mixed,0.200728,319863
orkut,8,dense,57,0.1745,0.549954,0.000163691,0.280847,242474.0,mixed,0.172133,397678
orkut,8,dense,58,0.207587,0.555472,0.00017946,0.351478,1704610.0,mixed,0.201015,373204
orkut,8,dense,59,0.205288,0.498488,0.000181132,0.32072,496773.0,mixed,0.200426,435068
orkut,8,dense,60,0.186523,0.600041,0.000203777,0.283212,44102.0,mixed,0.184545,393088
orkut,8,dense,61,0.935245,0.531579,0.000196903,1.10804,26973759.0,mixed,0.209593,412300
orkut,8,dense,62,0.581877,0.5508,0.000175537,0.832856,1344853.0,mixed,0.205261,1076035
orkut,8,dense,63,0.206764,0.52326,0.000218853,0.36639,2370397.0,mixed,0.200872,394296
orkut,8,dense,64,0.223917,0.516512,0.000185352,0.243842,3439603.0,mixed,0.0554788,305715
orkut,8,dense,65,0.214593,0.560211,0.000364954,0.382832,276528.0,mixed,0.182539,408717
orkut,8,dense,66,0.829082,0.521751,0.000174523,1.54699,98319.0,mixed,0.201167,2136485
orkut,8,dense,67,0.22281,0.542704,0.000181345,0.289405,3174636.0,mixed,0.0651792,333795
orkut,8,dense,68,0.148607,0.52905,0.000208278,0.240711,470383.0,mixed,0.14617,345043
orkut,8,dense,69,0.15559,0.554086,0.000178131,0.221905,39866.0,mixed,0.153665,400210
orkut,8,dense,70,0.211159,0.549707,0.000152855,0.219496,445564.0,mixed,0.0810447,238442
orkut,8,dense,71,0.205704,0.549787,0.000337552,0.33245,1801527.0,mixed,0.200485,344087
orkut,8,dense,72,0.254716,0.51836,0.000174896,0.301096,4322214.0,mixed,0.0595989,300835
orkut,8,dense,73,0.193428,0.546332,0.000239175,0.274193,234693.0,mixed,0.191214,392650
orkut,8,dense,74,0.128814,0.564312,0.000213218,0.22368,105581.0,mixed,0.126595,357200
orkut,8,dense,75,0.193779,0.566326,0.000358804,0.29676,504633.0,mixed,0.191529,438632
orkut,8,dense,76,0.206947,0.535158,0.000187681,0.326351,1555368.0,mixed,0.200856,378605
orkut,8,dense,77,0.205139,0.606568,0.000172903,0.322691,310132.0,mixed,0.200733,424271
orkut,8,dense,78,0.326797,0.523708,0.000185406,0.338407,857836.0,mixed,0.0971477,424187
orkut,8,dense,79,0.293089,0.539611,0.000144737,0.338638,3641191.0,mixed,0.0836667,382347
orkut,8,dense,80,0.264782,0.574421,0.000195175,0.68659,20931.0,mixed,0.0621117,814211
orkut,8,dense,81,0.146927,0.585867,0.000155783,0.244291,35958.0,mixed,0.144959,424233
orkut,8,dense,82,0.501978,0.593663,0.000162233,0.656242,82485.0,mixed,0.0877041,1016626
orkut,8,dense,83,0.205422,0.49234,0.000152494,0.359117,1745618.0,mixed,0.200527,403979
orkut,8,dense,84,0.136996,0.619041,0.000155075,0.224144,36608.0,mixed,0.134828,374869
orkut,8,dense,85,0.542601,0.543291,0.000172063,0.520161,11578532.0,mixed,0.200675,336010
orkut,8,dense,86,1.0514,0.458842,0.000328555,9.27364,79959432.0,mixed,0.638871,479416
orkut,8,dense,87,0.141115,0.565012,0.000159112,0.217333,222379.0,mixed,0.138693,334181
orkut,8,dense,88,0.336303,0.593999,0.000188899,0.724542,169083.0,mixed,0.130509,1025065
orkut,8,dense,89,0.207406,0.49658,0.000361573,0.223516,1573170.0,mixed,0.0850658,257610
orkut,8,dense,90,0.168839,0.579295,0.000243267,0.259248,79559.0,mixed,0.166571,455790
orkut,8,dense,91,0.204017,0.554064,0.000212991,0.32241,1874277.0,mixed,0.200302,377875
orkut,8,dense,92,0.21332,0.535265,0.000150594,0.231974,2154545.0,mixed,0.0704747,299532
orkut,8,dense,93,0.20404,0.567544,0.00022079,0.372924,86190.0,mixed,0.200368,586993
orkut,8,dense,94,0.20657,0.563058,0.000194735,0.16078,217955.0,mixed,0.0938305,228499
orkut,8,dense,95,0.602379,0.592125,0.000160792,1.09971,129107.0,mixed,0.201255,1595469
orkut,8,dense,96,0.273737,0.606356,0.000284277,0.288108,49136.0,mixed,0.0635242,446028
orkut,8,dense,97,0.728952,0.561719,0.000173719,0.732092,169275.0,mixed,0.0889803,923880
orkut,8,dense,98,0.546084,0.557948,0.000165412,0.691292,6559768.0,mixed,0.202301,690753
orkut,8,dense,99,0.565047,0.547403,0.000176297,0.654699,10965512.0,mixed,0.206147,441430
orkut,8,dense,100,0.80406,0.51925,0.000177126,1.04935,19363130.0,mixed,0.204847,469841
orkut,8,sparse,1,5.04488,0.463906,0.000237276,107.312,155913823.0,mixed,1.40441,9310939
orkut,8,sparse,2,1.48231,0.478112,0.00034475,4.93412,33553669.0,mixed,0.203966,4396563
orkut,8,sparse,3,2.44184,0.474204,0.000171741,8.38221,1469201.0,mixed,0.202947,6446601
orkut,8,sparse,4,0.688393,0.440179,0.000235716,1.65341,23526117.0,mixed,0.227898,988227
orkut,8,sparse,5,0.653129,0.498955,0.000255511,0.79257,3042220.0,mixed,0.204413,777580
orkut,8,sparse,6,20.6384,0.45595,0.000189843,155.241,1013013448.0,mixed,2.48464,5242321
orkut,8,sparse,7,4.08326,0.475744,0.000366442,4.23184,4026379.0,mixed,0.202095,6418848
orkut,8,sparse,8,13.3957,0.448476,0.000204809,136.758,651677125.0,mixed,3.51068,4135127
orkut,8,sparse,9,1.39468,0.461694,0.000368349,3.51,27276848.0,mixed,0.210809,2612928
orkut,8,sparse,10,1.69196,0.479996,0.000152872,4.1657,70935632.0,mixed,0.25921,1234505
orkut,8,sparse,11,1.11186,0.447596,0.000162079,3.12548,41016725.0,mixed,0.209858,1480113
orkut,8,sparse,12,1.39432,0.469574,0.000262863,1.92785,36613295.0,mixed,0.211514,1025628
orkut,8,sparse,13,58.2128,0.454635,0.000194391,145.169,210204263.0,mixed,2.35914,92850229
orkut,8,sparse,14,2.91312,0.457266,0.000146113,15.1672,16368879.0,mixed,0.24763,16446321
orkut,8,sparse,15,2.81466,0.451061,0.000148148,10.8048,129324939.0,mixed,0.241164,5619440
orkut,8,sparse,16,1.15061,0.475874,0.000175378,0.917986,3491358.0,mixed,0.204167,1369168
orkut,8,sparse,17,120.402,0.443982,0.000236753,1556.8,7174466252.0,mixed,42.0362,106305297
orkut,8,sparse,18,3.43507,0.424212,0.000176276,50.601,235463640.0,mixed,1.1015,3884375
orkut,8,sparse,19,0.934903,0.468603,0.000212546,2.37913,7035951.0,mixed,0.202185,2542773
orkut,8,sparse,20,3.22805,0.449246,0.000371268,2.15897,68766188.0,mixed,0.202473,1375495
orkut,8,sparse,21,0.513261,0.485532,0.000334525,0.740927,8157848.0,mixed,0.201393,733204
orkut,8,sparse,22,1.3456,0.443671,0.000237472,3.44402,35838711.0,mixed,0.229248,1685803
orkut,8,sparse,23,24.9236,0.435163,0.000171582,40.7615,757901461.0,mixed,0.802855,2539574
orkut,8,sparse,24,16.952,0.471497,0.000170048,24.9031,99195520.0,mixed,0.343673,13308018
orkut,8,sparse,25,5.77912,0.486856,0.000242413,11.4143,8203658.0,mixed,0.233811,11290343
orkut,8,sparse,26,17.7147,0.479698,0.00035761,125.591,90808455.0,mixed,1.21159,98999900
orkut,8,sparse,27,1.265,0.447488,0.000353294,3.00648,34188630.0,mixed,0.214647,1939656
orkut,8,sparse,28,2.4093,0.448336,0.000180327,8.16265,92861945.0,mixed,0.266213,4488218
orkut,8,sparse,29,3.66519,0.405666,0.000150203,77.5547,318555018.0,mixed,1.1974,19388343
orkut,8,sparse,30,66.8867,0.438086,0.000267887,1954.17,6936870135.0,mixed,49.6503,31993280
orkut,8,sparse,31,5.43947,0.439629,0.000143651,8.46752,176310970.0,mixed,0.399888,2814104
orkut,8,sparse,32,2.87636,0.461116,0.000186249,25.9337,184990017.0,mixed,0.363237,4000412
orkut,8,sparse,33,1.52856,0.461482,0.000168312,1.81585,31596444.0,mixed,0.202663,1473473
orkut,8,sparse,34,14.6937,0.46207,0.000171167,327.574,417744825.0,mixed,4.28869,8851615
orkut,8,sparse,35,1.0283,0.456323,0.000142755,1.15673,2169441.0,mixed,0.204247,1821899
orkut,8,sparse,36,1.01703,0.496824,0.00019174,1.10517,4689733.0,mixed,0.211844,1185385
orkut,8,sparse,37,3.23188,0.446706,0.000150625,9.42037,12514511.0,mixed,0.243637,10751768
orkut,8,sparse,38,2.59071,0.479056,0.000173908,4.66554,85193202.0,mixed,0.282933,1638814
orkut,8,sparse,39,2.7269,0.495652,0.000193584,54.8843,231061233.0,mixed,1.33315,2336373
orkut,8,sparse,40,5.0573,0.44844,0.000208036,5.08569,152094953.0,mixed,0.279803,1514316
orkut,8,sparse,41,1.28563,0.427604,0.00017345,2.41159,37304323.0,mixed,0.213345,1254976
orkut,8,sparse,42,1.31978,0.461907,0.000147954,4.5466,52987143.0,mixed,0.223849,1116892
orkut,8,sparse,43,0.929952,0.482062,0.000371834,1.40527,18661953.0,mixed,0.205471,1063502
orkut,8,sparse,44,13.661,0.449772,0.00018442,4.65879,303782321.0,mixed,0.744571,1079953
orkut,8,sparse,45,11.8422,0.451876,0.000183201,13.7434,358218952.0,mixed,0.939122,1177222
orkut,8,sparse,46,1.93651,0.465254,0.000253565,3.07282,60490894.0,mixed,0.204529,1024397
orkut,8,sparse,47,1.75175,0.441504,0.000332037,9.01294,81804683.0,mixed,0.219998,3792031
orkut,8,sparse,48,464.093,0.452455,0.00015654,3531.09,20609844401.0,mixed,45.6506,34951472
orkut,8,sparse,49,2.59589,0.463927,0.00017937,5.82577,95526817.0,mixed,0.271381,1178497
orkut,8,sparse,50,40.3803,0.461916,0.000170017,68.5352,1133493399.0,mixed,1.63471,2275119
orkut,8,sparse,51,3.57713,0.518245,0.000153671,2.28176,84301806.0,mixed,0.27147,684195
orkut,8,sparse,52,39.7179,0.495206,0.000227974,201.389,1417027903.0,mixed,3.76309,7021105
orkut,8,sparse,53,0.500946,0.525088,0.00017551,0.660666,9160327.0,mixed,0.203149,545240
orkut,8,sparse,54,2.81015,0.495596,0.000208697,4.36517,3746747.0,mixed,0.268272,5562301
orkut,8,sparse,55,3.21417,0.473681,0.000186277,17.2315,167478013.0,mixed,0.603539,1952471
orkut,8,sparse,56,3.12533,0.452467,0.0001795,5.22043,15869848.0,mixed,0.218122,5269306
orkut,8,sparse,57,1.64602,0.448758,0.000324249,5.05665,52061678.0,mixed,0.25159,3272585
orkut,8,sparse,58,4.72939,0.478366,0.000295794,17.0015,129528378.0,mixed,0.424292,8675349
orkut,8,sparse,59,3.48918,0.433845,0.00020929,9.07242,110852721.0,mixed,0.23986,6367569
orkut,8,sparse,60,2.12478,0.444338,0.000177033,3.98147,73035248.0,mixed,0.223983,1165246
orkut,8,sparse,62,0.326527,0.48694,0.000189936,0.427381,6689138.0,mixed,0.100484,420262
orkut,8,sparse,63,1.70575,0.44263,0.000152728,3.97907,64843996.0,mixed,0.228054,1139630
orkut,8,sparse,64,5.08303,0.47418,0.000179913,43.4165,99466641.0,mixed,0.602799,29558169
orkut,8,sparse,65,120.408,0.458864,0.000150976,426.744,3923620406.0,mixed,7.84322,6448345
orkut,8,sparse,66,82.0729,0.439569,0.000339904,1796.76,2267258441.0,mixed,21.4363,27469693
orkut,8,sparse,67,8.59129,0.469073,0.000146179,60.045,344039194.0,mixed,0.691347,21472809
orkut,8,sparse,68,16.8925,0.450954,0.00021933,11.2794,273966630.0,mixed,0.312841,7555568
orkut,8,sparse,69,0.999282,0.453112,0.000292025,2.82896,31456870.0,mixed,0.215298,2324081
orkut,8,sparse,70,0.884721,0.474888,0.000152601,1.76775,1786168.0,mixed,0.200626,2348471
orkut,8,sparse,71,0.744855,0.431008,0.000270401,1.36514,23907520.0,mixed,0.203073,702437
orkut,8,sparse,72,1.1089,0.428178,0.000172008,2.85969,18048580.0,mixed,0.208462,2697469
orkut,8,sparse,73,286.412,0.436943,0.00018079,1593.78,10517516884.0,mixed,48.7699,20845383
orkut,8,sparse,74,18.913,0.460852,0.000150823,128.441,766258107.0,mixed,3.31218,7084901
orkut,8,sparse,75,5.71098,0.444438,0.000265314,51.7656,332022566.0,mixed,0.711744,5384020
orkut,8,sparse,76,3.14823,0.45463,0.000149993,47.1167,232763274.0,mixed,0.819625,5597053
orkut,8,sparse,77,5.0776,0.48001,0.000177565,110.581,250132390.0,mixed,4.07628,2869110
orkut,8,sparse,78,12.4976,0.465066,0.000161936,45.9826,465241707.0,mixed,0.485785,3259837
orkut,8,sparse,79,1.51354,0.476516,0.000198817,5.19631,7008744.0,mixed,0.208861,5418110
orkut,8,sparse,80,1.7967,0.504824,0.000162861,5.61802,21521647.0,mixed,0.228523,3690672
orkut,8,sparse,81,5.28492,0.464338,0.000359504,35.646,292122423.0,mixed,2.79945,2927265
orkut,8,sparse,82,3.8297,0.472031,0.000172409,12.7442,41304099.0,mixed,0.219138,8874016
orkut,8,sparse,83,2.0544,0.466147,0.000171972,3.55663,58158904.0,mixed,0.207099,1747604
orkut,8,sparse,84,7.93278,0.460932,0.000151911,21.8314,279170972.0,mixed,0.885699,1648936
orkut,8,sparse,85,0.350973,0.479768,0.000176375,0.407533,4682498.0,mixed,0.109458,448803
orkut,8,sparse,86,1.30767,0.460328,0.000180363,4.34434,50730079.0,mixed,0.248291,1896868
orkut,8,sparse,87,1.52281,0.473146,0.000364737,2.62389,7123295.0,mixed,0.209087,2885178
orkut,8,sparse,88,16.2511,0.441157,0.000278656,124.39,690115599.0,mixed,2.10365,7020978
orkut,8,sparse,89,1.67773,0.455396,0.000331069,4.23052,52596401.0,mixed,0.206666,2796469
orkut,8,sparse,90,1.55905,0.469409,0.000337786,2.79444,56605573.0,mixed,0.254883,685278
orkut,8,sparse,91,4.24427,0.449939,0.00028491,41.8298,228034967.0,mixed,0.367186,6787675
orkut,8,sparse,92,127.327,0.466599,0.000325213,1326.43,6163576359.0,mixed,23.3168,12494944
orkut,8,sparse,93,3.2488,0.457166,0.000369648,10.3043,20232912.0,mixed,0.225707,11258008
orkut,8,sparse,94,83.3286,0.467583,0.000160861,774.775,3797103790.0,mixed,19.7159,15986357
orkut,8,sparse,95,4.08005,0.492959,0.000221549,2.75551,98833927.0,mixed,0.223891,794694
orkut,8,sparse,96,1.13734,0.500587,0.000171588,2.22558,6030455.0,mixed,0.205899,2771580
orkut,8,sparse,97,2.85059,0.49398,0.000173049,12.0812,41239012.0,mixed,0.221875,6300197
orkut,8,sparse,98,265.097,0.431744,0.000337111,709.345,6511010115.0,mixed,17.9973,11649360
orkut,8,sparse,99,40.9969,0.45123,0.000171486,1265.09,4673748521.0,mixed,18.3391,15778799
orkut,8,sparse,100,1.40817,0.459167,0.000248514,2.8797,43231350.0,mixed,0.220622,1251424
