dataset,query_size,query_mode,query_index,elapsed_execution_time,filter_time,plan_time,enumerate_time,n_embeddings,order,max_task_time,n_intersections
orkut,16,dense,1,0.0966567,1.21856,4.94488,0.163668,7602870,mixed,0.0921924,199441
orkut,16,dense,2,1.0545,1.30321,7.82709,2.59948,2968326,mixed,0.23764,2302707
orkut,16,dense,3,0.366664,1.14418,5.62243,3.18948,77100078326,mixed,0.105467,963582
orkut,16,dense,4,0.37181,1.18625,4.49252,1.64397,169942725060,mixed,0.215414,397913
orkut,16,dense,5,0.257215,1.26117,7.19797,0.623645,27764909,mixed,0.214279,611112
orkut,16,dense,6,0.305538,1.19254,6.03436,3.66303,746802130,mixed,0.216799,522070
orkut,16,dense,7,0.154031,1.25009,4.89096,0.296513,1354086,mixed,0.151578,376923
orkut,16,dense,8,0.717454,1.2169,6.65777,4.59587,20708459378,mixed,0.257831,540344
orkut,16,dense,9,0.199617,1.25099,6.43842,0.26693,384906234,mixed,0.196818,368963
orkut,16,dense,10,0.302514,1.23902,3.70157,0.76186,12692883705,mixed,0.295971,594495
orkut,16,dense,11,0.241509,1.23564,4.92986,0.725889,110883781280,mixed,0.179278,351251
orkut,16,dense,12,1.2754,1.13952,4.49459,5.51512,6917432328,mixed,0.113967,481122
orkut,16,dense,13,1.29242,1.22752,6.41813,5.37723,1397502610405,mixed,0.219736,1565898
orkut,16,dense,14,1.26737,1.32875,5.30398,22.2813,138786763,mixed,0.76574,913904
orkut,16,dense,15,1.57822,1.27263,3.94306,27.9368,136557401855,mixed,0.226444,672283
orkut,16,dense,16,1.19944,1.30336,5.16066,34.4263,3665905,mixed,0.917236,1129535
orkut,16,dense,17,0.686947,1.47766,5.73477,2.69372,33792309,mixed,0.21514,3836493
orkut,16,dense,18,1.16541,1.30546,7.50487,2.70637,143467995,mixed,0.437156,2103933
orkut,16,dense,19,0.306977,1.30861,4.35075,0.801177,1202332,mixed,0.181833,606112
orkut,16,dense,20,0.877663,1.43592,5.96037,2.77866,299714,mixed,0.0859022,283125
orkut,16,dense,21,0.102598,1.1895,4.99479,0.313189,95665742,mixed,0.095824,283058
orkut,16,dense,22,0.171932,1.23048,4.05682,0.484876,5411824086,mixed,0.114391,211686
orkut,16,dense,23,0.405335,1.32267,5.42252,1.65905,31852713,mixed,0.218626,1455847
orkut,16,dense,24,0.693449,1.17595,7.79208,1.81765,1234487712,mixed,0.21456,1486714
orkut,16,dense,25,0.201063,1.24283,6.56848,0.415394,15964698,mixed,0.198793,637923
orkut,16,dense,26,0.444034,1.25333,6.404,1.18539,337822668,mixed,0.213739,1478018
orkut,16,dense,27,0.241591,1.34253,8.13887,0.197414,10216,mixed,0.0364958,264712
orkut,16,dense,28,0.437892,1.29489,6.50402,0.909354,62779549,mixed,0.21772,1246220
orkut,16,dense,29,0.466815,1.33908,2.92677,1.02904,6708943,mixed,0.227603,1041545
orkut,16,dense,30,0.268809,1.26472,5.03271,0.534885,14456010,mixed,0.211447,517447
orkut,16,dense,31,0.164722,1.27358,7.61362,0.30855,434018,mixed,0.158291,254316
orkut,16,dense,32,0.118784,1.15952,6.84899,0.413821,83090044,mixed,0.111247,280705
orkut,16,dense,33,0.263112,1.25934,5.73744,0.843473,601606534,mixed,0.151987,825703
orkut,16,dense,34,0.399092,1.27447,8.13593,1.40311,57278534,mixed,0.278893,708191
orkut,16,dense,35,0.219825,1.12567,2.92179,0.263006,7080935,mixed,0.0990523,277118
orkut,16,dense,36,0.478327,1.25162,6.6674,1.32359,485290465,mixed,0.215135,1109708
orkut,16,dense,37,1.53243,1.39712,6.97949,3.88435,832352,mixed,0.189882,2504524
orkut,16,dense,38,0.286876,1.21998,5.35466,0.949047,4822065396,mixed,0.148488,299747
orkut,16,dense,39,1.62647,1.30377,7.26205,48.8805,155950122627,mixed,0.138943,1503302
orkut,16,dense,40,0.147469,1.14947,3.84544,0.406272,311398540,mixed,0.0986256,216716
orkut,16,dense,41,0.874283,1.21706,5.95213,9.36084,25808032,mixed,0.226168,508965
orkut,16,dense,42,0.30426,1.18526,4.45962,0.965189,5415906584,mixed,0.214314,634840
orkut,16,dense,43,0.249559,1.48348,9.17634,0.508641,288811,mixed,0.211296,710771
orkut,16,dense,44,1.15137,1.22738,6.95786,16.9707,35142250,mixed,0.200491,562509
orkut,16,dense,45,0.348203,1.31728,6.58665,0.647221,8860679,mixed,0.143271,669543
orkut,16,dense,46,0.15106,1.18571,5.38005,0.923436,852896630,mixed,0.136509,337357
orkut,16,dense,47,0.266385,1.19892,5.38836,0.841681,356340190136,mixed,0.206676,560454
orkut,16,dense,48,0.199419,1.2737,6.25867,0.37794,2553530,mixed,0.192313,370887
orkut,16,dense,49,1.25912,1.30539,6.64702,6.59093,3327057,mixed,0.0253875,409655
orkut,16,dense,50,1.48934,1.48178,6.19125,23.4642,14732073,mixed,0.428374,601484
orkut,16,dense,51,0.118295,1.14165,3.15161,0.330703,593651626328,mixed,0.109025,214656
orkut,16,dense,52,0.271598,1.29576,8.78209,0.463991,15037122,mixed,0.0817834,468532
orkut,16,dense,53,1.32718,1.39809,7.32889,7.40922,112904317,mixed,0.221583,9422139
orkut,16,dense,54,0.322466,1.32309,6.87821,1.00526,13519204,mixed,0.148818,619749
orkut,16,dense,55,0.379546,1.32135,5.84322,0.93992,24817256,mixed,0.209708,1289254
orkut,16,dense,56,0.703943,1.42942,8.25833,2.61089,91336654,mixed,0.213911,1887890
orkut,16,dense,57,0.333507,1.39449,5.31146,0.837374,32050942,mixed,0.212633,602963
orkut,16,dense,58,0.294648,1.28771,3.43788,0.808793,54380716,mixed,0.0732619,389150
orkut,16,dense,59,0.131581,1.25281,6.12597,0.367368,1367171,mixed,0.124587,372282
orkut,16,dense,60,0.216953,1.24938,4.20058,0.229408,193429354,mixed,0.160975,379321
orkut,16,dense,61,0.796003,1.25029,5.7572,3.66632,174025677113,mixed,0.211821,1016716
orkut,16,dense,62,0.217354,1.15039,5.26066,0.517105,6937261237,mixed,0.0806352,409855
orkut,16,dense,63,0.474346,1.24361,7.13311,12.9247,79789383632,mixed,0.344367,333632
orkut,16,dense,64,0.205988,1.11235,5.5242,0.526902,243674595,mixed,0.134296,205689
orkut,16,dense,65,0.385842,1.25274,5.48829,0.659305,2225588,mixed,0.197474,517255
orkut,16,dense,66,0.383431,1.27822,4.75573,1.14727,10601349670,mixed,0.208348,1165837
orkut,16,dense,67,0.228926,1.16225,3.52279,0.334933,189004689841,mixed,0.0684194,277146
orkut,16,dense,68,0.373077,1.32269,4.19692,0.713514,2439211818,mixed,0.211324,525362
orkut,16,dense,69,1.01774,1.37561,4.43233,3.52641,57704418,mixed,0.214595,4740613
orkut,16,dense,70,0.149501,1.15155,4.66579,0.571032,243840966,mixed,0.140766,427019
orkut,16,dense,71,0.58799,1.31359,6.14697,1.99937,585336695,mixed,0.166502,2293878
orkut,16,dense,72,0.264224,1.30845,8.91295,0.295633,118951155,mixed,0.0703475,329928
orkut,16,dense,73,1.99121,1.28922,7.72494,59.2245,7997074,mixed,0.0415436,832622
orkut,16,dense,74,0.202765,1.20957,5.02096,0.828425,218699561,mixed,0.116843,324303
orkut,16,dense,75,0.277761,1.34626,4.56186,0.448631,347241836,mixed,0.0278885,340968
orkut,16,dense,76,1.35777,1.23222,5.61851,18.3502,1035136142,mixed,0.680863,956863
orkut,16,dense,77,0.0980672,1.18411,3.48083,0.292098,115510647,mixed,0.0895763,172689
orkut,16,dense,78,0.260089,1.18125,7.38953,1.18836,19794301570,mixed,0.21778,1003771
orkut,16,dense,79,0.232086,1.25273,7.43758,0.390679,122478786,mixed,0.21415,347306
orkut,16,dense,80,1.02153,1.20638,5.58849,4.59784,118077508,mixed,0.0521856,341980
orkut,16,dense,81,0.535858,1.34229,9.70602,1.83816,14049127,mixed,0.218807,1217242
orkut,16,dense,82,0.46438,1.44415,7.02768,0.674284,651219,mixed,0.214279,752476
orkut,16,dense,83,0.230666,1.27581,5.87005,0.573336,1436581,mixed,0.212704,554237
orkut,16,dense,84,0.213078,1.32401,6.17041,0.329997,105251584,mixed,0.0952135,275918
orkut,16,dense,85,0.14288,1.30504,4.11374,0.645863,19057520,mixed,0.121222,300883
orkut,16,dense,86,0.958295,1.24041,4.81537,3.79833,1305579892,mixed,0.0349493,877815
orkut,16,dense,87,0.388631,1.44845,7.19496,1.17122,17952464,mixed,0.222721,1082805
orkut,16,dense,88,1.9242,1.32099,6.57205,38.3982,563943,mixed,0.288325,2312440
orkut,16,dense,89,1.28603,1.29339,6.84652,2.69315,74146719,mixed,0.218046,2457534
orkut,16,dense,90,0.609986,1.31521,8.23414,1.36365,20068542,mixed,0.233666,1247158
orkut,16,dense,91,0.687134,1.24431,5.31395,2.19383,305083100,mixed,0.246084,1343122
orkut,16,dense,92,0.169149,1.30812,5.27652,0.384835,11304580974,mixed,0.161237,405670
orkut,16,dense,93,0.353543,1.3727,6.08456,1.03102,1747074,mixed,0.13304,534169
orkut,16,dense,94,0.821536,1.26872,7.26664,5.88075,1159071,mixed,0.418207,513282
orkut,16,dense,95,0.182827,1.24152,3.59772,0.395443,49574879,mixed,0.172808,294470
orkut,16,dense,96,0.163004,1.18602,6.97892,0.55264,3777086357171,mixed,0.156824,548834
orkut,16,dense,97,0.785834,1.156,5.55239,2.78252,326661189,mixed,0.109612,495393
orkut,16,dense,98,0.397195,1.36041,6.7795,0.525556,18410528,mixed,0.108449,474779
orkut,16,dense,99,1.72204,1.18854,6.44928,54.4289,18762449,mixed,0.514977,677701
orkut,16,dense,100,0.099865,1.29801,4.01012,0.269739,228960,mixed,0.0949928,260761
orkut,16,sparse,1,0.262215,1.15005,6.15943,1.09966,217527644,mixed,0.187605,1137387
orkut,16,sparse,2,1.02783,1.1099,5.7454,4.17389,266405449444,mixed,0.282843,2986278
orkut,16,sparse,3,0.879523,1.07642,8.37711,3.72806,73955784939,mixed,0.411136,2425010
orkut,16,sparse,4,0.123656,1.16328,4.81248,0.546699,4099594861,mixed,0.112606,249490
orkut,16,sparse,5,3.12706,1.23976,7.1397,75.1382,3751947937,mixed,0.388206,6254144
orkut,16,sparse,6,0.568434,1.15042,5.47379,1.1876,1694574037,mixed,0.218082,543794
orkut,16,sparse,7,0.36866,1.04644,5.85552,1.94793,1767547023,mixed,0.217527,1195865
orkut,16,sparse,8,0.210288,1.06708,5.09006,0.0878242,9524786038256,mixed,0.016607,87363
orkut,16,sparse,9,0.892886,1.18574,5.03717,2.45721,3858498926237,mixed,0.215263,2572928
orkut,16,sparse,10,0.75354,1.06065,5.84745,2.63779,157594527862,mixed,0.216382,1250331
orkut,16,sparse,11,0.641396,1.17466,5.36264,3.7246,9676386213,mixed,0.263954,410393
orkut,16,sparse,12,0.180535,1.14787,5.21388,0.350012,28307466,mixed,0.17788,470916
orkut,16,sparse,13,0.383586,1.11332,6.01622,1.64717,63954121439,mixed,0.214336,1728552
orkut,16,sparse,14,0.455262,1.07925,6.43784,1.28067,195377071265,mixed,0.204464,664097
orkut,16,sparse,15,2.12553,1.12196,5.32282,36.5879,882165003643,mixed,0.233369,1057463
orkut,16,sparse,16,0.355242,1.0149,2.71227,0.823434,84229135996,mixed,0.239556,682269
orkut,16,sparse,17,0.280783,1.14282,6.8167,0.990491,86464009551,mixed,0.220676,605815
orkut,16,sparse,18,1.29196,1.07524,7.00294,5.35166,3126061751989,mixed,0.574598,1864863
orkut,16,sparse,19,1.38485,1.08843,4.99497,4.15377,70929759678,mixed,0.0786789,672210
orkut,16,sparse,20,0.694372,1.27877,6.96239,2.36477,3852067812,mixed,0.217788,1209220
orkut,16,sparse,21,0.882324,1.12537,6.31243,4.59935,92386241,mixed,0.214731,1886903
orkut,16,sparse,22,0.251242,1.1358,4.7501,0.743734,143835981606,mixed,0.127116,438890
orkut,16,sparse,23,0.89245,1.05301,5.50519,3.07595,484462789,mixed,0.135941,520527
orkut,16,sparse,24,0.969448,1.02827,4.82225,11.031,1645948313834,mixed,0.0861092,644796
orkut,16,sparse,25,3.94133,1.15423,5.14245,86.327,20281032020,mixed,1.52605,22078470
orkut,16,sparse,26,5.93332,1.21208,7.7174,119.871,1687597138,mixed,0.80099,66609867
orkut,16,sparse,27,0.817207,1.10221,4.93218,2.78636,14707785486614,mixed,0.217838,1857826
orkut,16,sparse,28,0.751064,1.06412,4.71537,2.29342,11238273459284,mixed,0.417645,858276
orkut,16,sparse,29,0.913553,1.10098,4.35954,3.7185,1849547155456,mixed,0.380065,2606261
orkut,16,sparse,30,1.80585,1.06039,6.97722,25.6093,16176055399,mixed,1.44568,3560054
orkut,16,sparse,31,0.235577,1.07498,4.8396,0.672847,11110949943,mixed,0.212253,383493
orkut,16,sparse,32,0.545959,1.14044,5.91651,0.938671,74923600131,mixed,0.251958,706706
orkut,16,sparse,33,0.770045,1.15361,5.89494,3.65399,16072872911,mixed,0.364292,2767903
orkut,16,sparse,34,0.257495,1.1391,4.97483,0.930116,661550119,mixed,0.0446923,525124
orkut,16,sparse,35,1.12831,1.21477,5.13371,14.0322,1030560415,mixed,0.135969,543719
orkut,16,sparse,36,0.43048,1.15796,4.7366,0.656674,64919548872143,mixed,0.207444,392281
orkut,16,sparse,37,0.160574,1.16597,5.03457,0.478837,843704354,mixed,0.153177,318756
orkut,16,sparse,38,2.22147,1.0431,5.5997,30.4735,2646716977474,mixed,1.23775,4182430
orkut,16,sparse,39,1.81293,1.10514,3.7801,7.46257,81511539401,mixed,1.14569,1609165
orkut,16,sparse,40,0.962325,1.11007,4.45504,4.07479,13336520788833,mixed,0.439475,2428171
orkut,16,sparse,41,27.0917,1.05717,5.70464,712.249,149026440874430,mixed,8.73976,155122188
orkut,16,sparse,42,1.94833,1.24937,6.23173,53.289,306106016,mixed,0.658799,595573
orkut,16,sparse,43,3.36197,1.10366,7.65362,27.6243,33257427981,mixed,0.527426,18361533
orkut,16,sparse,44,3.92825,1.09682,6.94685,107.05,13126727898,mixed,0.606966,4196533
orkut,16,sparse,45,0.725319,1.06989,4.86647,3.51728,1902872331508,mixed,0.425082,1713492
orkut,16,sparse,46,0.243849,1.15304,3.84947,0.391486,20855429220,mixed,0.0208596,241064
orkut,16,sparse,47,21.8796,1.15311,8.9753,554.265,443757369436,mixed,7.41364,114104015
orkut,16,sparse,48,0.915762,1.06048,4.50356,2.72072,12392244568819,mixed,0.10614,326264
orkut,16,sparse,49,0.570188,1.0415,5.9223,3.34713,2460630054,mixed,0.27237,1512342
orkut,16,sparse,50,0.361892,1.1,5.50651,1.08559,345189429919,mixed,0.258032,708873
orkut,16,sparse,51,0.287282,1.11738,8.64114,0.74327,4069293590,mixed,0.214477,839131
orkut,16,sparse,52,0.711998,1.07628,5.80657,2.97114,3725492878,mixed,0.22725,1309159
orkut,16,sparse,53,0.831798,1.17157,7.07996,2.0251,10291902350,mixed,0.213087,1779179
orkut,16,sparse,54,1.49725,1.09596,6.69889,9.84409,11190776898,mixed,0.477072,4350831
orkut,16,sparse,55,0.173766,1.09046,6.47796,0.463484,155861322997,mixed,0.134878,214839
orkut,16,sparse,56,2.01754,1.11121,3.84915,28.2389,154619465713705,mixed,0.433412,7643601
orkut,16,sparse,57,1.92352,1.10251,5.26105,32.9546,1416886827636,mixed,0.481677,12784192
orkut,16,sparse,58,0.22712,1.01266,6.67089,0.333093,68573936571,mixed,0.172263,315232
orkut,16,sparse,59,0.124781,1.11644,3.98334,0.363408,2566248029,mixed,0.116419,317792
orkut,16,sparse,60,2.51984,1.13927,5.18754,23.9238,463600083088,mixed,0.39071,9492400
orkut,16,sparse,61,0.783813,1.04132,6.58417,3.01477,8092002911671,mixed,0.40021,1737677
orkut,16,sparse,62,1.01951,1.11311,5.79224,13.0256,2096707731,mixed,0.181771,724469
orkut,16,sparse,63,0.372979,1.19889,7.6871,1.38149,34970596066,mixed,0.208003,599121
orkut,16,sparse,64,0.222886,1.11583,5.07023,0.368279,74952478645,mixed,0.157238,388114
orkut,16,sparse,65,1.47616,1.14127,6.64802,8.12042,160439434737,mixed,0.293324,3678321
orkut,16,sparse,66,0.281463,1.17043,6.36585,0.570743,180409306,mixed,0.209176,342873
orkut,16,sparse,67,0.749077,1.13612,5.13913,1.62674,259564333257,mixed,0.28207,1314731
orkut,16,sparse,68,1.0095,1.1452,6.40729,10.7051,104330332,mixed,0.821551,2871523
orkut,16,sparse,69,0.535776,1.06248,6.23073,1.2588,8285678069381,mixed,0.21764,551334
orkut,16,sparse,70,5.29377,1.08042,4.50195,148.587,5592961941038,mixed,1.4774,39520922
orkut,16,sparse,71,0.405753,1.09256,6.80738,1.39773,1102425000,mixed,0.249317,736884
orkut,16,sparse,72,3.3405,1.03748,4.87627,66.4025,205631682892,mixed,1.92326,14095421
orkut,16,sparse,73,1.06496,1.02476,4.64481,11.0654,931780883243,mixed,0.476381,1292453
orkut,16,sparse,74,0.407727,1.16403,5.77562,3.8998,27756626209,mixed,0.232524,2385833
orkut,16,sparse,75,0.655375,1.1496,6.18573,1.38306,10120860217,mixed,0.278137,1515666
orkut,16,sparse,76,2.60845,1.0719,6.16404,49.7787,1068666984062,mixed,0.412483,19749772
orkut,16,sparse,77,0.238375,1.03665,5.57024,0.804202,60720932028,mixed,0.209589,513941
orkut,16,sparse,78,0.314915,1.17788,4.40803,1.05962,2188970856,mixed,0.224713,550730
orkut,16,sparse,79,0.660892,1.20618,6.90645,1.25129,11213333066,mixed,0.219002,723475
orkut,16,sparse,80,2.12542,1.12735,5.14765,14.411,3477165919652,mixed,0.431408,6075607
orkut,16,sparse,81,0.341647,1.11258,4.52955,0.972301,33857575736,mixed,0.135433,390720
orkut,16,sparse,82,0.301101,1.17013,6.31348,1.97851,1191177037,mixed,0.291929,665275
orkut,16,sparse,83,1.38884,1.03997,5.28074,20.2837,58670581306,mixed,0.216303,651813
orkut,16,sparse,84,1.22389,1.15667,5.09671,3.47263,61451660,mixed,0.129925,609383
orkut,16,sparse,85,0.219845,1.12367,7.06716,0.391447,121286820181,mixed,0.209456,221747
orkut,16,sparse,86,1.67317,1.07833,3.48622,28.0004,45985246874717,mixed,0.887116,1455869
orkut,16,sparse,87,4.0346,1.16842,8.31448,36.4997,459663607,mixed,0.975225,14777635
orkut,16,sparse,88,0.241508,1.11227,4.89084,0.469552,584779833,mixed,0.0391258,307188
orkut,16,sparse,89,0.645087,1.13612,6.79842,4.06837,952163484435,mixed,0.278539,1712710
orkut,16,sparse,90,0.391309,1.09787,6.53017,1.94337,44817346912,mixed,0.232406,1643773
orkut,16,sparse,91,0.942213,1.1411,6.88604,3.00325,139938897,mixed,0.0918855,419593
orkut,16,sparse,92,0.896889,1.08303,5.49684,4.07238,29370303928833,mixed,0.250311,1840855
orkut,16,sparse,93,0.192754,1.17761,6.74115,0.433328,8965456558,mixed,0.181583,336578
orkut,16,sparse,94,0.184958,1.12632,6.23125,0.489656,63760154,mixed,0.173122,512575
orkut,16,sparse,95,1.53914,1.10052,5.96653,27.0914,186961786487,mixed,0.245739,1251602
orkut,16,sparse,96,1.7851,1.10394,4.61972,47.7293,14988898760,mixed,0.252867,1289089
orkut,16,sparse,97,1.36188,1.15883,5.93314,7.48485,27508835743,mixed,0.419858,4696918
orkut,16,sparse,98,2.15662,1.12499,6.48124,56.2079,1704148457,mixed,1.23342,5752499
orkut,16,sparse,99,1.0038,1.07161,4.46103,2.90536,2323984800720,mixed,0.0477997,395447
orkut,16,sparse,100,6.54895,1.11567,6.18977,167.28,9989098549038,mixed,2.25425,27372597
