dataset,query_size,query_mode,query_index,elapsed_execution_time,filter_time,plan_time,enumerate_time,n_embeddings,order,max_task_time,n_intersections
youtube2007,8,dense,1,205.23,0.97221,0.89399,6515.45,1304704230570.0,mixed,103.792,3160892015
youtube2007,8,dense,2,311.542,2.39823,3.13092,9560.75,1942081856395.0,mixed,272.042,1918019807
youtube2007,8,dense,3,104.439,6.70855,7.75849,3310.14,355231479177.0,mixed,82.4276,1486381103
youtube2007,8,dense,4,2.06008,0.716939,0.202681,54.6236,905472708.0,mixed,1.51817,20242433
youtube2007,8,dense,5,0.01335,0.226885,0.0159157,0.047153,37593.0,mixed,0.00581747,15868
youtube2007,8,dense,6,3.4646,1.74165,1.61225,72.3493,2078402394.0,mixed,2.92302,29018244
youtube2007,8,dense,7,153.394,1.13035,1.01847,4405.52,335740935534.0,mixed,109.124,1691855264
youtube2007,8,dense,9,0.0399086,0.130189,0.0213255,0.182266,1796513.0,mixed,0.0161396,52536
youtube2007,8,dense,10,24.8517,1.93602,1.92892,710.279,30074837469.0,mixed,16.1017,346300594
youtube2007,8,dense,11,386.992,2.83293,4.92227,11730.9,4643680434596.0,mixed,288.468,2717657727
youtube2007,8,dense,12,0.0157838,0.147805,0.0118003,0.0905783,1166590.0,mixed,0.00428963,30378
youtube2007,8,dense,13,764.85,3.45821,4.06681,22079.8,2439015622358.0,mixed,479.658,9069901419
youtube2007,8,dense,14,0.404191,0.24617,0.0561392,8.58797,467309947.0,mixed,0.312775,2422398
youtube2007,8,dense,15,23.0148,2.08673,1.80571,726.579,83621425335.0,mixed,14.5248,331021769
youtube2007,8,dense,16,1379.68,3.21276,2.74464,42823.0,2037932693926.0,mixed,980.957,489103736
youtube2007,8,dense,17,102.554,0.632001,0.713953,2923.89,340644655268.0,mixed,89.4008,928171420
youtube2007,8,dense,18,0.0243418,0.246938,0.0233888,0.130322,275229.0,mixed,0.0113476,70290
youtube2007,8,dense,19,0.0591827,0.2346,0.0247018,0.348344,2444936.0,mixed,0.0216307,142636
youtube2007,8,dense,20,4.80798,3.04437,3.21321,140.643,1110842969.0,mixed,2.94991,57465570
youtube2007,8,dense,21,0.064712,0.26012,0.0797652,0.517993,14471295.0,mixed,0.0400126,203159
youtube2007,8,dense,22,67.8705,2.28773,4.15145,2041.45,75657970563.0,mixed,59.1335,495137726
youtube2007,8,dense,23,0.133454,0.308467,0.218708,1.74189,5760354.0,mixed,0.062234,911248
youtube2007,8,dense,24,9.1861,0.587649,0.645751,269.229,9586384619.0,mixed,6.02268,99373502
youtube2007,8,dense,25,835.974,0.990652,1.33327,24764.9,564177933989.0,mixed,606.014,5135597616
youtube2007,8,dense,26,0.0291293,0.208627,0.0152908,0.154831,162032.0,mixed,0.0145096,68111
youtube2007,8,dense,27,0.0472235,0.413613,0.0544207,0.295626,565319.0,mixed,0.0350135,168339
youtube2007,8,dense,28,0.0120431,0.281662,0.00947369,0.0650493,209248.0,mixed,0.00631115,13713
youtube2007,8,dense,29,1.03554,0.762151,0.454904,24.7671,91068504.0,mixed,0.503932,10900677
youtube2007,8,dense,30,5.08217,0.75021,0.67658,147.441,28310969676.0,mixed,2.39825,42216286
youtube2007,8,dense,31,0.234528,0.5615,0.39741,4.00233,73058160.0,mixed,0.189219,1481655
youtube2007,8,dense,32,2.34535,2.30483,1.88091,60.5667,1468227389.0,mixed,1.05193,24673468
youtube2007,8,dense,33,2438.46,2.69613,2.82746,74696.1,2263820993240.0,mixed,2255.75,23076016681
youtube2007,8,dense,34,555.624,1.26995,1.32622,16648.0,2054610200043.0,mixed,367.326,9468554427
youtube2007,8,dense,35,0.0334336,0.12005,0.0172254,0.14567,935485.0,mixed,0.0204577,73986
youtube2007,8,dense,36,2891.51,8.99938,12.5259,84894.8,61919080881228.0,mixed,1965.0,28852777601
youtube2007,8,dense,37,115.005,5.3655,7.60537,3406.16,56926401049.0,mixed,103.144,994610458
youtube2007,8,dense,38,418.071,3.38658,4.0534,12305.5,7203959831160.0,mixed,167.592,2745761170
youtube2007,8,dense,39,0.0110368,0.0726342,0.00656742,0.0418624,114182.0,mixed,0.00257033,15711
youtube2007,8,dense,40,1.77982,0.660637,0.350459,43.3714,319003190.0,mixed,1.06788,15861921
youtube2007,8,dense,41,1.52977,0.958909,0.823509,33.6955,545537107.0,mixed,1.25842,21349985
youtube2007,8,dense,42,0.721238,0.586104,0.274617,10.0916,889508800.0,mixed,0.404386,7068212
youtube2007,8,dense,43,315.197,1.71676,2.03232,9706.81,1336174314495.0,mixed,216.036,4946855666
youtube2007,8,dense,44,45.8759,4.13747,4.43215,1387.37,63603682042.0,mixed,28.2389,424327884
youtube2007,8,dense,45,9.47736,1.08789,0.463589,265.486,2729183019.0,mixed,5.67825,99451097
youtube2007,8,dense,46,285.651,3.03362,3.26066,8648.27,507907948855.0,mixed,153.359,3459966589
youtube2007,8,dense,47,4.70611,2.55011,1.14445,138.955,8636631393.0,mixed,2.04319,45743352
youtube2007,8,dense,48,0.00354085,0.134105,0.00296083,0.0168037,11604.0,mixed,0.00214953,2140
youtube2007,8,dense,49,1068.87,3.30764,3.73094,33512.6,4928524690402.0,mixed,813.195,17831799176
youtube2007,8,dense,50,0.0142219,0.0494191,0.00335785,0.0454882,28079.0,mixed,0.00375445,8842
youtube2007,8,dense,51,1.89123,0.98016,0.469355,49.6797,1673377853.0,mixed,1.10041,26164396
youtube2007,8,dense,52,0.00545523,0.153639,0.00407874,0.0256135,1759.0,mixed,0.00180526,1546
youtube2007,8,dense,53,0.00787026,0.146088,0.00444581,0.0282843,21807.0,mixed,0.00194878,10014
youtube2007,8,dense,54,0.713313,0.82359,0.627683,13.4918,71999588.0,mixed,0.369525,6816681
youtube2007,8,dense,55,952.917,2.40745,1.54536,27110.9,1368243336253.0,mixed,553.739,332672859
youtube2007,8,dense,56,0.00860385,0.167019,0.0051169,0.028565,28108.0,mixed,0.00145668,8008
youtube2007,8,dense,57,92.7776,6.31325,6.79892,2525.87,296701768980.0,mixed,23.7487,656381347
youtube2007,8,dense,58,29.5243,0.847152,1.01733,857.666,80475040022.0,mixed,15.1354,289089486
youtube2007,8,dense,60,0.010643,0.0985613,0.00995661,0.0541396,857912.0,mixed,0.00690175,26810
youtube2007,8,dense,61,706.317,9.23582,9.06758,21608.1,22208852683894.0,mixed,519.264,3743447538
youtube2007,8,dense,62,0.202886,0.137521,0.0339081,3.86245,28048280.0,mixed,0.140457,1787728
youtube2007,8,dense,63,0.203309,0.657424,0.157241,3.33173,76220983.0,mixed,0.137474,2136635
youtube2007,8,dense,64,0.10518,0.536507,0.190184,1.46258,11603776.0,mixed,0.0576105,1018372
youtube2007,8,dense,65,917.923,8.23306,10.6034,27598.8,57614737718224.0,mixed,577.656,4850013230
youtube2007,8,dense,67,0.286651,0.352062,0.077,6.09295,5624340.0,mixed,0.123337,652328
youtube2007,8,dense,68,0.128065,0.399615,0.0587164,2.88074,9340899.0,mixed,0.0689334,421196
youtube2007,8,dense,69,0.0986586,0.270707,0.03416,2.33144,1232423.0,mixed,0.0726983,283663
youtube2007,8,dense,70,377.613,2.1203,1.41433,10749.6,591448566080.0,mixed,249.397,102774857
youtube2007,8,dense,72,262.228,1.1743,1.43195,8064.19,1250100763802.0,mixed,164.297,3803265904
youtube2007,8,dense,73,0.0734404,0.145641,0.0206179,1.26305,12950230.0,mixed,0.0313416,118053
youtube2007,8,dense,74,114.253,3.16602,3.50178,3570.93,1323420786930.0,mixed,75.7988,823984826
youtube2007,8,dense,75,0.094617,0.218586,0.0306379,1.98664,1030088.0,mixed,0.0380294,59171
youtube2007,8,dense,76,64.0174,1.07077,1.25401,1817.33,28290121663.0,mixed,55.407,1001419281
youtube2007,8,dense,77,35.4465,1.83538,2.80108,1124.64,15568474914.0,mixed,29.9891,376212958
youtube2007,8,dense,78,2.0026,0.368443,0.258251,50.8548,4656768079.0,mixed,1.39871,24689212
youtube2007,8,dense,79,0.743486,0.709281,0.382902,20.5856,4407631213.0,mixed,0.297612,10930252
youtube2007,8,dense,80,532.359,2.36431,1.61121,15645.2,772714916775.0,mixed,434.614,216015267
youtube2007,8,dense,81,11.1684,2.96363,3.24706,307.792,4946920097.0,mixed,9.39156,110834266
youtube2007,8,dense,82,914.743,1.47436,1.43666,28292.9,1281878043670.0,mixed,774.731,267529774
youtube2007,8,dense,84,2.42229,1.10859,0.911472,72.0571,5765245398.0,mixed,1.84208,26738711
youtube2007,8,dense,85,0.152102,0.554716,0.0535847,2.45095,24644806.0,mixed,0.0915619,496228
youtube2007,8,dense,86,17.5539,3.61736,5.55,492.516,20871361977.0,mixed,11.8206,153296199
youtube2007,8,dense,87,0.744193,0.263487,0.0344042,14.7931,568383225.0,mixed,0.326913,3454378
youtube2007,8,dense,89,5.60714,1.33828,1.17761,163.492,726753039.0,mixed,4.32555,53106237
youtube2007,8,dense,90,0.00327738,0.131112,0.0032426,0.00693168,3698.0,mixed,0.00308888,1379
youtube2007,8,dense,91,10.5743,1.16416,2.06501,262.557,14065865196.0,mixed,8.78232,57345705
youtube2007,8,dense,92,31.372,1.58662,1.56286,850.184,14718039248.0,mixed,28.4545,384334616
youtube2007,8,dense,94,1.05416,0.944982,0.701829,24.8721,128830004.0,mixed,0.678296,8621274
youtube2007,8,dense,95,1.69288,0.51399,0.335768,46.8869,8128678615.0,mixed,0.811698,12333130
youtube2007,8,dense,96,739.827,8.77205,9.37741,23523.1,107344189179706.0,mixed,465.333,5434323182
youtube2007,8,dense,97,320.654,8.3367,9.72572,9409.81,11551852297414.0,mixed,253.152,1105552046
youtube2007,8,dense,98,1.80955,0.137377,0.115402,52.3581,3867011564.0,mixed,1.30825,16019574
youtube2007,8,dense,99,0.0215472,0.117095,0.00594484,0.452951,21989.0,mixed,0.0149444,11610
youtube2007,8,dense,100,437.763,1.59394,2.47066,13078.0,1695310095982.0,mixed,298.867,4095262334
youtube2007,8,sparse,1,0.0799222,0.190161,0.0338295,1.34904,6801281.0,mixed,0.0616177,149080
youtube2007,8,sparse,2,3.3904,0.943008,0.933845,77.5857,21830099425.0,mixed,2.05076,24078582
youtube2007,8,sparse,5,0.488242,0.139375,0.0633795,9.04492,447209421.0,mixed,0.409119,369800
youtube2007,8,sparse,6,0.389648,0.716522,0.20207,6.17526,201635311.0,mixed,0.145736,1247833
youtube2007,8,sparse,7,0.0714061,0.191513,0.0281788,1.16441,94984057.0,mixed,0.0489095,142257
youtube2007,8,sparse,8,5.54087,0.466569,0.580524,144.008,2025500362.0,mixed,4.10062,69952102
youtube2007,8,sparse,10,0.00375856,0.138448,0.0031495,0.0255919,38499.0,mixed,0.00234832,1233
youtube2007,8,sparse,12,209.78,1.70592,3.27115,6387.24,125775247775.0,mixed,167.868,2451024325
youtube2007,8,sparse,13,12.9073,1.96429,4.86029,388.16,1556865196.0,mixed,11.6082,75182961
youtube2007,8,sparse,14,14.6481,2.95573,5.87104,383.257,10218984832.0,mixed,7.84319,58654155
youtube2007,8,sparse,15,0.32343,0.613356,0.156004,7.2961,388611357.0,mixed,0.0730816,298511
youtube2007,8,sparse,16,2.92778,1.27281,2.69434,62.4259,770060217.0,mixed,2.4486,23224409
youtube2007,8,sparse,17,175.34,0.441722,0.464557,5298.31,395398561981.0,mixed,168.56,67002929
youtube2007,8,sparse,18,141.373,0.580518,0.236584,272.997,24488001449.0,mixed,139.491,18792115
youtube2007,8,sparse,19,0.0372416,0.299629,0.0832766,0.691362,78077.0,mixed,0.0260103,62127
youtube2007,8,sparse,20,77.3025,3.1244,2.35566,2207.68,162093380792.0,mixed,66.4105,19372489
youtube2007,8,sparse,21,0.142045,0.346634,0.0651413,2.65817,7542769.0,mixed,0.0856694,374553
youtube2007,8,sparse,23,0.131989,0.373882,0.0876039,3.1656,4780857.0,mixed,0.0311843,184421
youtube2007,8,sparse,24,4.50341,1.01163,2.04048,121.082,7629220299.0,mixed,3.08542,31894365
youtube2007,8,sparse,25,1.39773,0.326771,0.399864,36.1304,1923620631.0,mixed,1.05907,12958544
youtube2007,8,sparse,26,0.446335,0.619379,0.579791,9.80547,77866313.0,mixed,0.11611,1624986
youtube2007,8,sparse,27,111.207,0.523382,0.573615,3329.76,424039097103.0,mixed,74.7942,1088030995
youtube2007,8,sparse,28,1.83909,1.21034,1.48946,46.5928,30794348148.0,mixed,1.14003,11041839
youtube2007,8,sparse,29,0.0803716,0.0974318,0.0191293,1.92126,278514.0,mixed,0.0216942,69765
youtube2007,8,sparse,30,464.536,5.26995,8.29198,14153.6,1553252338561.0,mixed,448.121,6086592180
youtube2007,8,sparse,31,1.88121,2.91044,1.38904,44.3809,5859646000.0,mixed,0.881448,10754405
youtube2007,8,sparse,32,8.78878,0.57603,0.356778,228.645,12519768722.0,mixed,7.73725,9778861
youtube2007,8,sparse,33,0.0820497,0.255345,0.125014,1.57492,84169176.0,mixed,0.051181,290602
youtube2007,8,sparse,34,0.112702,0.15474,0.0386608,2.50816,1507735.0,mixed,0.0594538,304238
youtube2007,8,sparse,35,982.744,2.43748,4.42495,29668.5,11081586194963.0,mixed,862.729,5479919321
youtube2007,8,sparse,36,1.76661,2.00681,2.19448,45.3602,522870260.0,mixed,0.973605,14349264
youtube2007,8,sparse,38,7.57097,3.13941,3.26469,196.435,263842843252.0,mixed,6.6925,30723289
youtube2007,8,sparse,39,0.00841502,0.170802,0.00465044,0.06965,2749.0,mixed,0.00424484,1337
youtube2007,8,sparse,40,1.64578,1.36071,1.35566,39.1764,56562762953.0,mixed,0.709739,8096350
youtube2007,8,sparse,41,0.597519,0.94161,0.93252,12.4638,96660576.0,mixed,0.355601,4049655
youtube2007,8,sparse,42,25.3535,0.634595,0.707552,728.503,54161194333.0,mixed,21.5819,5952192
youtube2007,8,sparse,43,9.04018,0.938439,0.467553,252.77,5519602526.0,mixed,8.41587,26306410
youtube2007,8,sparse,44,3.85501,1.63212,3.33014,71.0962,15269104973.0,mixed,3.13478,25170470
youtube2007,8,sparse,45,0.54265,0.634624,0.293462,10.8745,119633776.0,mixed,0.277507,2150304
youtube2007,8,sparse,46,2.53448,2.49242,2.25851,57.1515,72308120782.0,mixed,0.847591,16002598
youtube2007,8,sparse,47,0.0196974,0.182655,0.0172337,0.418329,33735.0,mixed,0.0146305,8445
youtube2007,8,sparse,48,72.9006,4.29765,4.71905,2309.24,1125141316577.0,mixed,67.6346,677338460
youtube2007,8,sparse,49,0.267872,0.573551,0.260649,5.6382,36084522.0,mixed,0.137623,537951
youtube2007,8,sparse,50,16.4288,4.23512,5.1525,510.865,47409265568.0,mixed,10.3513,134156169
youtube2007,8,sparse,51,35.4972,1.06651,1.32012,1107.44,80147648381.0,mixed,31.2937,344578562
youtube2007,8,sparse,52,446.167,1.2127,1.8519,12886.0,4597625712847.0,mixed,352.785,1631195237
youtube2007,8,sparse,53,1.03165,1.85203,0.897149,23.4277,374533618.0,mixed,0.642686,6020886
youtube2007,8,sparse,54,0.0348645,0.387941,0.0312191,0.81908,175996.0,mixed,0.0299758,55726
youtube2007,8,sparse,55,0.0176663,0.122123,0.00522243,0.277154,74901.0,mixed,0.00831159,7225
youtube2007,8,sparse,56,529.712,3.16347,5.03052,16699.2,10766163481996.0,mixed,342.08,3413786622
youtube2007,8,sparse,57,17.5896,1.63883,2.88117,505.464,52709740498.0,mixed,13.9328,115692797
youtube2007,8,sparse,58,0.0359738,0.137793,0.00702164,0.858747,618334.0,mixed,0.0171677,14678
youtube2007,8,sparse,59,0.0334168,0.284095,0.0232626,0.565426,384423.0,mixed,0.0238382,19540
youtube2007,8,sparse,60,131.034,5.95407,11.2678,4023.82,7349660548310.0,mixed,121.353,1457348146
youtube2007,8,sparse,61,0.225028,0.524486,0.210714,4.48895,50360120.0,mixed,0.190927,1133997
youtube2007,8,sparse,62,4.24513,1.05936,0.571364,100.774,5819592620.0,mixed,3.54364,8353741
youtube2007,8,sparse,63,2.93503,0.462077,0.338573,83.259,23493500208.0,mixed,2.33923,10230348
youtube2007,8,sparse,64,184.734,4.28437,4.1856,5065.82,275992254589.0,mixed,133.13,40374597
youtube2007,8,sparse,65,971.727,5.42754,5.62383,27700.3,2068586267097.0,mixed,726.633,1205348670
youtube2007,8,sparse,66,2.01083,1.18272,0.657849,56.6951,11131759822.0,mixed,1.08901,9067488
youtube2007,8,sparse,67,1.74657,1.80565,1.58926,45.8662,4045457427.0,mixed,1.03732,12457399
youtube2007,8,sparse,68,61.1745,0.416666,1.39857,1879.53,95493438777.0,mixed,58.401,265348381
youtube2007,8,sparse,69,0.0480956,0.172665,0.0177059,0.854576,771568.0,mixed,0.0357342,42847
youtube2007,8,sparse,70,4.38407,0.594706,0.571035,126.082,13082101753.0,mixed,3.17657,31517551
youtube2007,8,sparse,71,0.0332628,0.162607,0.0117599,0.784211,24796.0,mixed,0.0129015,9643
youtube2007,8,sparse,72,271.249,1.13915,2.12093,6290.57,593219625388.0,mixed,165.104,54648516
youtube2007,8,sparse,73,91.189,0.257582,0.365775,2874.78,247214941549.0,mixed,64.486,1168313918
youtube2007,8,sparse,74,0.621566,0.512935,0.431549,9.94991,217284030.0,mixed,0.247425,3649031
youtube2007,8,sparse,75,0.293613,0.365452,0.344191,4.86874,32165271.0,mixed,0.176356,1590072
youtube2007,8,sparse,76,551.049,0.892534,1.11729,16977.2,5735778233726.0,mixed,475.871,2805274768
youtube2007,8,sparse,77,0.47252,0.759802,0.483684,9.6202,19720066.0,mixed,0.299848,1378332
youtube2007,8,sparse,78,0.348454,0.70228,0.235014,7.87765,281908678.0,mixed,0.29111,2094432
youtube2007,8,sparse,79,0.0442559,0.0834516,0.0130472,0.835101,1019974.0,mixed,0.0204053,59280
youtube2007,8,sparse,80,560.171,2.71674,4.72199,16972.8,4754887170343.0,mixed,374.161,3501965435
youtube2007,8,sparse,81,0.540535,0.361944,0.493916,11.7087,34042831.0,mixed,0.275537,3176942
youtube2007,8,sparse,82,0.531958,0.588432,0.349662,9.36547,28641757082.0,mixed,0.250546,708413
youtube2007,8,sparse,84,0.0224227,0.229417,0.00685243,0.404654,119932.0,mixed,0.0118528,6160
youtube2007,8,sparse,85,0.00450438,0.133726,0.00207149,0.0233325,2042.0,mixed,0.00259745,698
youtube2007,8,sparse,86,4.69018,0.647367,0.596168,143.663,8791606868.0,mixed,3.46826,47561599
youtube2007,8,sparse,87,1.24218,0.640997,1.10316,30.3443,633891336.0,mixed,1.02301,11663498
youtube2007,8,sparse,88,0.989167,2.58837,1.91976,18.9822,256382988.0,mixed,0.511161,6572933
youtube2007,8,sparse,89,0.0138297,0.0954977,0.004306,0.0558265,157728.0,mixed,0.00619685,1144
youtube2007,8,sparse,90,100.866,6.05578,9.50418,3007.85,7977142375551.0,mixed,91.7212,641339452
youtube2007,8,sparse,91,10.4573,2.13149,1.36776,309.746,45977734959.0,mixed,8.4101,89404719
youtube2007,8,sparse,94,0.0748803,1.36553,0.140069,1.14806,1024858.0,mixed,0.0326298,87081
youtube2007,8,sparse,95,9.81764,2.2417,2.60806,262.622,198348860155.0,mixed,8.25515,104068538
youtube2007,8,sparse,97,1.38368,1.10222,1.29493,33.8937,654489948.0,mixed,1.03262,13958622
youtube2007,8,sparse,99,0.0750614,0.173073,0.0827539,1.34091,10737740.0,mixed,0.0336369,162118
youtube2007,8,sparse,100,882.157,2.7424,4.14505,26672.3,11472287969677.0,mixed,713.873,5789825573
