dataset,query_size,query_mode,query_index,elapsed_execution_time,filter_time,plan_time,enumerate_time,n_embeddings,order,max_task_time,n_intersections
youtube2007,8,dense,4,15.0952,0.717199,0.00105194,472.029,905485938,mixed,12.2404,421263812
youtube2007,8,dense,5,0.0116102,0.224601,0.000995287,0.221487,37928,mixed,0.00421109,26801
youtube2007,8,dense,6,40.6808,1.76124,0.00104815,1287.28,2078402394,mixed,32.2681,232918639
youtube2007,8,dense,9,0.180796,0.135547,0.00109235,4.748,1796513,mixed,0.121591,1516455
youtube2007,8,dense,10,512.189,1.91047,0.00101114,15904.4,30074837469,mixed,242.352,13464416476
youtube2007,8,dense,12,0.0402356,0.148695,0.00102072,0.851964,1166590,mixed,0.0213451,610607
youtube2007,8,dense,14,5.04652,0.244313,0.000905545,154.618,467322693,mixed,4.17627,53101812
youtube2007,8,dense,18,0.0255445,0.252538,0.00148764,0.525389,275229,mixed,0.0137857,263479
youtube2007,8,dense,19,0.0495363,0.24122,0.0010008,1.11441,2444936,mixed,0.033774,513057
youtube2007,8,dense,20,40.3772,3.08264,0.00104442,1268.27,1110842969,mixed,25.6581,607502847
youtube2007,8,dense,21,0.181141,0.26488,0.00106276,4.69789,14471590,mixed,0.124068,1946627
youtube2007,8,dense,23,1.00318,0.320501,0.00103034,31.0137,5794869,mixed,0.553679,10870572
youtube2007,8,dense,24,114.985,0.595903,0.00101615,3587.1,9586384619,mixed,67.2302,1852549374
youtube2007,8,dense,26,0.0262051,0.210322,0.000933228,0.543223,162032,mixed,0.0106102,200673
youtube2007,8,dense,27,0.0339349,0.436349,0.000918509,0.544413,565319,mixed,0.0253617,446581
youtube2007,8,dense,28,0.0151499,0.287105,0.000922184,0.145929,209248,mixed,0.00679004,49357
youtube2007,8,dense,29,2.717,0.760095,0.000903556,85.8177,91068504,mixed,1.8689,104868285
youtube2007,8,dense,30,298.022,0.758641,0.00129884,9505.89,28310969676,mixed,150.966,1957257462
youtube2007,8,dense,31,1.00167,0.578701,0.000825443,31.4493,73058160,mixed,0.758372,21635599
youtube2007,8,dense,32,19.6657,2.32474,0.00100099,620.278,1468227389,mixed,17.3401,120028235
youtube2007,8,dense,35,0.0455845,0.117201,0.000946335,0.927799,935485,mixed,0.0323006,840154
youtube2007,8,dense,37,966.377,5.32792,0.000920181,30671.7,56926402385,mixed,797.049,24060591619
youtube2007,8,dense,39,0.0136447,0.067869,0.00084714,0.16459,114182,mixed,0.00506188,56925
youtube2007,8,dense,40,27.9996,0.665019,0.000973312,882.541,319003190,mixed,22.9047,193625869
youtube2007,8,dense,41,10.5929,0.953723,0.0009888,335.185,563541953,mixed,7.48411,298421609
youtube2007,8,dense,42,19.3492,0.565811,0.00112427,593.074,889508800,mixed,16.5808,91278784
youtube2007,8,dense,44,836.104,4.05673,0.000998908,26188.5,63603910274,mixed,496.095,3195171236
youtube2007,8,dense,45,249.796,1.05224,0.00125358,7756.8,2729183019,mixed,186.835,1636591168
youtube2007,8,dense,47,110.789,2.60192,0.000919718,3520.7,8636631393,mixed,88.5096,662348865
youtube2007,8,dense,48,0.010252,0.149774,0.000974099,0.118043,11604,mixed,0.00218885,26361
youtube2007,8,dense,50,0.0185747,0.0478687,0.000854343,0.212621,28079,mixed,0.00552593,33795
youtube2007,8,dense,51,28.0443,0.972809,0.00104362,886.196,1673377853,mixed,18.2597,857892642
youtube2007,8,dense,52,0.00256514,0.159726,0.000823186,0.0252077,1759,mixed,0.00152495,3721
youtube2007,8,dense,53,0.0100852,0.160223,0.000959234,0.13457,21807,mixed,0.00620689,56830
youtube2007,8,dense,54,3.8984,0.82329,0.00104125,121.63,71999588,mixed,2.23595,120419562
youtube2007,8,dense,56,0.00768721,0.168702,0.000954021,0.143891,28559,mixed,0.00402403,30598
youtube2007,8,dense,60,0.122671,0.111645,0.00127824,3.11313,857912,mixed,0.088151,2836703
youtube2007,8,dense,62,0.57822,0.140972,0.00100681,17.6803,28048280,mixed,0.344285,20166049
youtube2007,8,dense,63,1.26286,0.669496,0.00106784,39.0131,76220983,mixed,0.644221,33804035
youtube2007,8,dense,64,0.229281,0.541431,0.000972276,5.9535,11603776,mixed,0.13154,5228394
youtube2007,8,dense,67,1.03403,0.35227,0.00099368,31.8569,6068896,mixed,0.718705,6193539
youtube2007,8,dense,68,0.136093,0.400651,0.000944117,3.3772,9340899,mixed,0.0480631,1958623
youtube2007,8,dense,69,0.069137,0.284041,0.0010131,1.64513,1232423,mixed,0.0545516,2113366
youtube2007,8,dense,73,0.237489,0.151321,0.00097827,6.7211,12950230,mixed,0.0937346,5444516
youtube2007,8,dense,75,0.0461684,0.224048,0.000923871,0.769405,1030088,mixed,0.0220386,214261
youtube2007,8,dense,76,449.332,1.07681,0.00107695,14358.2,28290121663,mixed,290.779,11002483440
youtube2007,8,dense,77,270.718,1.9064,0.00101608,8588.01,15568474914,mixed,224.373,7378616146
youtube2007,8,dense,78,186.702,0.370907,0.00114591,5773.15,4656768079,mixed,157.827,1022866897
youtube2007,8,dense,79,58.0261,0.712951,0.00103026,1851.76,4407631213,mixed,25.7427,659095757
youtube2007,8,dense,81,234.291,2.96741,0.000916912,7486.45,4946920097,mixed,201.464,8354883372
youtube2007,8,dense,84,71.1803,1.10832,0.00094307,2269.57,5765328428,mixed,34.1472,550590075
youtube2007,8,dense,85,0.285727,0.57336,0.000932066,8.69554,24644806,mixed,0.178016,3297278
youtube2007,8,dense,86,225.123,3.62737,0.00100974,7181.91,20871361977,mixed,171.64,1461836884
youtube2007,8,dense,87,6.93944,0.265432,0.000916253,220.393,568386735,mixed,5.57033,128225546
youtube2007,8,dense,89,16.1297,1.3677,0.00111582,514.022,726753039,mixed,13.0619,503527863
youtube2007,8,dense,90,0.00620199,0.138002,0.000789083,0.0800713,3698,mixed,0.00197057,7723
youtube2007,8,dense,91,184.732,1.19839,0.00104025,5852.06,14065865196,mixed,166.296,878316697
youtube2007,8,dense,92,233.364,1.59079,0.00108823,7418.44,14718039248,mixed,166.988,6144145836
youtube2007,8,dense,94,3.80483,0.976112,0.0008571,118.336,128830004,mixed,1.81872,134779747
youtube2007,8,dense,95,83.6796,0.519268,0.00100863,2595.78,8128678615,mixed,81.2655,952170443
youtube2007,8,dense,98,47.8934,0.13978,0.000816521,1522.74,3867011564,mixed,31.8645,722509094
youtube2007,8,dense,99,0.00708066,0.116573,0.00101193,0.105391,21995,mixed,0.00234979,40708
youtube2007,8,sparse,1,0.0943979,0.195537,0.00109082,2.31593,6801281,mixed,0.0356976,955030
youtube2007,8,sparse,2,326.775,0.936547,0.000821837,10426.5,21830099425,mixed,236.02,2739462343
youtube2007,8,sparse,5,22.3775,0.147176,0.00100274,710.107,447209421,mixed,18.6985,76167135
youtube2007,8,sparse,6,1.83583,0.702617,0.000981965,55.874,202680341,mixed,1.61486,4993523
youtube2007,8,sparse,7,1.24517,0.187561,0.000849118,38.5366,94999955,mixed,1.18418,12382234
youtube2007,8,sparse,8,27.1083,0.484966,0.00092911,841.175,2025500362,mixed,20.7109,609447668
youtube2007,8,sparse,10,0.00340282,0.121893,0.000801559,0.0309989,38499,mixed,0.00166092,6912
youtube2007,8,sparse,13,34.8229,1.99457,0.00087755,1101.22,1556865196,mixed,30.3723,820534089
youtube2007,8,sparse,14,110.944,2.95364,0.000893426,3497.43,10218984832,mixed,59.7022,501494184
youtube2007,8,sparse,15,3.3861,0.618985,0.00127455,104.982,388611357,mixed,3.23505,8111080
youtube2007,8,sparse,16,16.6557,1.24481,0.000983678,530.007,771863463,mixed,13.7179,446403983
youtube2007,8,sparse,19,0.033231,0.296999,0.000967926,0.55581,80157,mixed,0.016805,174289
youtube2007,8,sparse,21,1.07482,0.329225,0.00102153,33.5247,7542769,mixed,0.855042,4650126
youtube2007,8,sparse,23,0.150018,0.366849,0.000795981,3.40517,6328838,mixed,0.068552,1691027
youtube2007,8,sparse,24,105.893,1.02904,0.000852327,3328.18,7629220299,mixed,75.3757,531647384
youtube2007,8,sparse,25,29.4713,0.328525,0.00108397,928.791,1923620631,mixed,23.2434,679200647
youtube2007,8,sparse,26,1.03116,0.612522,0.000944485,31.3691,77866313,mixed,0.835902,18384790
youtube2007,8,sparse,28,355.877,1.2508,0.000891023,11356.3,30794348148,mixed,255.069,2201875941
youtube2007,8,sparse,29,0.064856,0.0906928,0.00100642,1.50557,278881,mixed,0.0198029,562811
youtube2007,8,sparse,31,72.185,2.97903,0.000974225,2275.14,5859646000,mixed,57.0162,923224545
youtube2007,8,sparse,32,162.227,0.578703,0.000809966,5149.52,12519768722,mixed,137.868,3715070761
youtube2007,8,sparse,33,1.01616,0.258991,0.000931756,30.7601,84169176,mixed,0.706057,3784337
youtube2007,8,sparse,34,0.0693121,0.154591,0.00107016,1.63517,1507735,mixed,0.018754,684977
youtube2007,8,sparse,36,11.6074,2.00914,0.000924282,363.425,522870260,mixed,8.26444,322949425
youtube2007,8,sparse,39,0.00531743,0.149246,0.000728201,0.0237442,3037,mixed,0.00125747,10051
youtube2007,8,sparse,41,26.231,0.949321,0.000903337,824.295,96660576,mixed,19.5277,145340072
youtube2007,8,sparse,42,493.624,0.646051,0.000995822,15745.8,54161194333,mixed,386.929,1821152358
youtube2007,8,sparse,43,159.312,0.953725,0.000963929,4937.14,5519602526,mixed,79.9699,4267384023
youtube2007,8,sparse,44,161.438,1.63339,0.000957877,5163.03,15269104973,mixed,97.9229,802086131
youtube2007,8,sparse,45,1.91512,0.669759,0.000922131,59.8176,119899767,mixed,1.85239,29142380
youtube2007,8,sparse,46,761.595,2.51694,0.000952864,24198.2,72308120782,mixed,542.99,730747878
youtube2007,8,sparse,47,0.0187245,0.177818,0.00103088,0.408794,33738,mixed,0.00783897,51743
youtube2007,8,sparse,49,1.7676,0.589908,0.00106981,50.5582,36084522,mixed,1.10406,36938916
youtube2007,8,sparse,50,558.331,4.31107,0.00105081,17841.7,47409265568,mixed,450.788,8819466598
youtube2007,8,sparse,51,840.675,1.07826,0.00103275,26820.2,80147648530,mixed,657.024,10539784103
youtube2007,8,sparse,53,6.61845,1.85207,0.000911282,209.595,374533618,mixed,3.22974,152291979
youtube2007,8,sparse,54,0.0393248,0.383544,0.000984058,1.00972,175996,mixed,0.0223571,223103
youtube2007,8,sparse,55,0.0130234,0.127698,0.000854962,0.120916,74901,mixed,0.00579232,46539
youtube2007,8,sparse,57,492.947,1.66613,0.00106875,15519.5,52709740498,mixed,388.528,3664161421
youtube2007,8,sparse,58,0.0488191,0.129682,0.000917888,1.19234,618334,mixed,0.0176662,144653
youtube2007,8,sparse,59,0.0211361,0.295034,0.000975775,0.418992,384423,mixed,0.0180793,111460
youtube2007,8,sparse,61,3.44744,0.525188,0.000879034,105.025,50360120,mixed,2.16096,21646028
youtube2007,8,sparse,62,79.6386,1.03233,0.000916155,2456.96,5819592620,mixed,52.2396,365487303
youtube2007,8,sparse,63,269.696,0.469709,0.00121175,8489.8,23493698411,mixed,218.212,1155521906
youtube2007,8,sparse,66,168.004,1.21738,0.00107203,5342.73,11131759822,mixed,156.593,3225336928
youtube2007,8,sparse,67,62.3055,1.86357,0.000928898,1919.15,4045457427,mixed,49.8558,866469326
youtube2007,8,sparse,68,997.332,0.424921,0.00108514,31554.3,95799616838,mixed,718.311,4794878074
youtube2007,8,sparse,69,0.0330317,0.178586,0.000904015,0.723843,771568,mixed,0.0243003,278425
youtube2007,8,sparse,70,146.433,0.58566,0.000875141,4582.06,13082101753,mixed,119.875,2484177571
youtube2007,8,sparse,71,0.012242,0.172419,0.000898982,0.263869,26132,mixed,0.00770623,47740
youtube2007,8,sparse,74,3.96299,0.523157,0.00104012,125.001,217284030,mixed,2.45468,97189448
youtube2007,8,sparse,75,0.51044,0.368205,0.0011155,13.9769,32165271,mixed,0.414147,9987571
youtube2007,8,sparse,77,9.64242,0.759021,0.00103082,293.846,19720066,mixed,8.48472,211015979
youtube2007,8,sparse,78,5.81643,0.692202,0.000959804,183.322,281908678,mixed,3.73832,104181831
youtube2007,8,sparse,79,0.0422816,0.0785576,0.00100179,0.845706,1019974,mixed,0.023476,746071
youtube2007,8,sparse,81,1.41231,0.359779,0.00100123,43.465,34042831,mixed,0.774509,44387918
youtube2007,8,sparse,82,704.416,0.61728,0.00120772,22536.3,28641757082,mixed,671.427,7630182654
youtube2007,8,sparse,84,0.0175356,0.22997,0.00103427,0.240745,120209,mixed,0.00759117,30154
youtube2007,8,sparse,85,0.00294611,0.131905,0.000618571,0.011652,2042,mixed,0.000969543,2469
youtube2007,8,sparse,86,95.0505,0.653794,0.00103608,2820.05,8791606868,mixed,90.7074,1202117349
youtube2007,8,sparse,87,52.4608,0.667117,0.000921262,1609.58,633891481,mixed,44.5376,329726869
youtube2007,8,sparse,88,21.017,2.66893,0.00117839,658.162,256382988,mixed,18.5294,153863765
youtube2007,8,sparse,89,0.0103297,0.0865845,0.000677787,0.154215,157728,mixed,0.00362555,12269
youtube2007,8,sparse,91,590.926,2.15743,0.000975146,18681.3,45977734959,mixed,435.662,11780061655
youtube2007,8,sparse,94,0.0856965,1.33701,0.0010691,1.47324,1024858,mixed,0.0508373,899635
youtube2007,8,sparse,97,21.5086,1.12757,0.000876685,668.136,654489948,mixed,13.8413,529764630
youtube2007,8,sparse,99,0.174515,0.172338,0.000967086,4.91819,10737740,mixed,0.142284,2732671
