dataset,query_size,query_mode,query_index,elapsed_execution_time,filter_time,plan_time,enumerate_time,n_embeddings,order,max_task_time,n_intersections
orkut,16,dense,1,0.339881,1.23306,0.00055313,1.22052,7602870.0,mixed,0.260386,1256347
orkut,16,dense,2,0.696007,1.32088,0.000336372,2.38155,2968326.0,mixed,0.20599,3633532
orkut,16,dense,3,672.397,1.19913,0.000232197,21452.9,77100078326.0,mixed,402.243,369121766
orkut,16,dense,4,1755.62,1.16879,0.000277204,55974.5,169942725060.0,mixed,1016.49,4221990227
orkut,16,dense,5,1.05046,1.27324,0.000343838,5.55726,27764909.0,mixed,0.204228,8306630
orkut,16,dense,6,7.06586,1.21121,0.000266586,160.752,746802130.0,mixed,3.48205,7191866
orkut,16,dense,7,0.205975,1.22991,0.000235828,0.172511,1354086.0,mixed,0.125507,255581
orkut,16,dense,8,197.31,1.22361,0.000277737,6204.92,20708459378.0,mixed,120.34,1307530334
orkut,16,dense,9,3.95834,1.25149,0.00026439,102.853,384906234.0,mixed,2.34437,4069223
orkut,16,dense,10,125.986,1.26168,0.000226543,3977.72,12692883705.0,mixed,69.9005,222745889
orkut,16,dense,11,1058.77,1.28466,0.000220343,33848.7,110883781280.0,mixed,442.29,676833723
orkut,16,dense,12,61.3866,1.17177,0.000231833,1931.52,6917432328.0,mixed,39.2072,78175444
orkut,16,dense,14,1.68841,1.3234,0.000229133,22.1601,138786763.0,mixed,1.01633,3143354
orkut,16,dense,15,1216.4,1.26177,0.000330937,38897.1,136557401855.0,mixed,881.573,787188162
orkut,16,dense,16,0.757528,1.30442,0.000225319,3.30367,3665905.0,mixed,0.204672,6755754
orkut,16,dense,17,3.13592,1.45889,0.000274052,62.7295,33792309.0,mixed,0.678389,96397140
orkut,16,dense,18,1.8946,1.31647,0.000311034,31.0853,143467995.0,mixed,0.548446,6516318
orkut,16,dense,19,0.55165,1.32689,0.000293937,1.89823,1202332.0,mixed,0.203458,3337906
orkut,16,dense,20,0.428364,1.42359,0.000285933,1.14987,299714.0,mixed,0.20295,2146549
orkut,16,dense,21,1.30923,1.15922,0.000262613,18.3882,95665742.0,mixed,0.260308,8986167
orkut,16,dense,22,55.7902,1.24633,0.000283968,1726.6,5411824086.0,mixed,27.8696,196816318
orkut,16,dense,23,0.928485,1.34664,0.00023796,6.03363,31852713.0,mixed,0.211461,8989776
orkut,16,dense,24,12.292,1.16188,0.000233738,364.437,1234487712.0,mixed,7.01149,61563920
orkut,16,dense,25,0.961204,1.25512,0.000489316,7.90353,15964698.0,mixed,0.367903,11300724
orkut,16,dense,26,3.63983,1.25746,0.000462156,86.3582,337822668.0,mixed,2.67891,32627864
orkut,16,dense,27,0.233412,1.36423,0.000363727,0.29867,10216.0,mixed,0.111627,546913
orkut,16,dense,28,1.1357,1.283,0.00047425,14.6356,62779549.0,mixed,0.217934,12895798
orkut,16,dense,29,1.00883,1.368,0.000254102,4.19855,6708943.0,mixed,0.204545,8551992
orkut,16,dense,30,0.714923,1.27118,0.000223811,2.71304,14456010.0,mixed,0.242606,4031753
orkut,16,dense,31,0.18514,1.31038,0.000416682,0.261048,434018.0,mixed,0.181943,428347
orkut,16,dense,32,1.4187,1.13548,0.000257666,23.8814,83090044.0,mixed,0.369675,17481106
orkut,16,dense,33,8.5686,1.26877,0.000318154,247.908,601606534.0,mixed,3.32854,105344547
orkut,16,dense,34,0.965538,1.24642,0.000243914,7.28617,57278534.0,mixed,0.416407,2479077
orkut,16,dense,35,0.417377,1.15544,0.0003689,1.36421,7080935.0,mixed,0.202909,1903013
orkut,16,dense,36,5.14219,1.29386,0.000487438,137.968,485290465.0,mixed,1.91566,30550360
orkut,16,dense,37,1.82767,1.39748,0.000199055,2.14748,832352.0,mixed,0.217368,2906359
orkut,16,dense,38,42.2306,1.18452,0.000210321,1312.67,4822065396.0,mixed,28.3891,86823402
orkut,16,dense,39,1615.03,1.32845,0.000247924,51622.0,155950122627.0,mixed,542.605,294801969
orkut,16,dense,40,3.52283,1.17159,0.000232585,65.9135,311398540.0,mixed,0.616631,4737071
orkut,16,dense,41,0.930085,1.25101,0.000245569,5.05017,25808032.0,mixed,0.236949,7266124
orkut,16,dense,42,56.2671,1.20507,0.000202049,1716.07,5415906584.0,mixed,26.1203,399586518
orkut,16,dense,43,0.270647,1.47817,0.0002508,0.372279,288811.0,mixed,0.0673295,703384
orkut,16,dense,44,1.21746,1.22218,0.00028143,10.9838,35142250.0,mixed,0.217328,15596708
orkut,16,dense,45,0.795273,1.30658,0.000422359,5.11077,8860679.0,mixed,0.345619,7890727
orkut,16,dense,46,8.62216,1.19394,0.000264219,234.687,852896630.0,mixed,3.45391,24034625
orkut,16,dense,48,0.633849,1.2683,0.000358502,2.31059,2553530.0,mixed,0.238353,4124828
orkut,16,dense,49,0.414997,1.29961,0.000231617,0.778584,3327057.0,mixed,0.203595,1421849
orkut,16,dense,50,1.21917,1.50691,0.000259998,11.0882,14732073.0,mixed,0.20488,19823192
orkut,16,dense,52,0.634135,1.31436,0.000236208,1.60844,15037122.0,mixed,0.240684,1381359
orkut,16,dense,53,2.99993,1.38818,0.000256505,61.3478,112904317.0,mixed,0.618327,86890779
orkut,16,dense,54,0.522542,1.3126,0.000218535,2.09999,13519204.0,mixed,0.340553,1575996
orkut,16,dense,55,4.13308,1.31574,0.000202195,9.69722,24817256.0,mixed,0.237144,11649010
orkut,16,dense,56,2.34964,1.45174,0.000214441,41.9075,91336654.0,mixed,0.406447,45070652
orkut,16,dense,57,0.898128,1.35831,0.000317175,7.87891,32050942.0,mixed,0.413181,9660432
orkut,16,dense,58,1.28156,1.3183,0.000227203,10.3414,54380716.0,mixed,0.204559,11775321
orkut,16,dense,59,0.459937,1.2649,0.000253198,1.28593,1367171.0,mixed,0.203643,2589717
orkut,16,dense,60,2.66454,1.27107,0.000251857,55.51,193429354.0,mixed,0.909308,22237238
orkut,16,dense,61,1539.36,1.26934,0.000239821,49026.7,174025677113.0,mixed,861.2,1073393025
orkut,16,dense,62,63.025,1.15428,0.000284567,1956.94,6937261237.0,mixed,34.9903,81946447
orkut,16,dense,63,734.232,1.22817,0.000394788,23432.1,79789383632.0,mixed,391.013,2235538086
orkut,16,dense,64,2.7351,1.10146,0.000232981,48.0744,243674595.0,mixed,0.583193,10818068
orkut,16,dense,65,0.839297,1.25935,0.000247028,2.21436,2225588.0,mixed,0.195093,2344082
orkut,16,dense,66,90.6331,1.25972,0.000244477,2868.37,10601349670.0,mixed,47.2361,105378102
orkut,16,dense,67,1645.91,1.17151,0.000242133,52609.1,189004689841.0,mixed,862.42,10593576671
orkut,16,dense,68,26.0875,1.32729,0.00024839,766.016,2439211818.0,mixed,14.3022,37413342
orkut,16,dense,69,2.04104,1.3907,0.000417014,32.292,57704418.0,mixed,0.282297,46644139
orkut,16,dense,70,2.67478,1.16686,0.000485367,58.604,243840966.0,mixed,1.20561,14654257
orkut,16,dense,71,6.04546,1.30929,0.000213671,139.999,585336695.0,mixed,4.70609,8048825
orkut,16,dense,72,1.64426,1.28046,0.000231715,19.029,118951155.0,mixed,0.506347,3023499
orkut,16,dense,73,1.60166,1.31061,0.000458412,4.95113,7997074.0,mixed,0.266984,5043669
orkut,16,dense,74,3.07523,1.18143,0.000197968,44.6819,218699561.0,mixed,0.658163,7827401
orkut,16,dense,75,3.97667,1.32536,0.000482593,107.077,347241836.0,mixed,2.16595,6030840
orkut,16,dense,76,11.1502,1.22107,0.000242403,336.506,1035136142.0,mixed,8.15409,17349923
orkut,16,dense,77,1.28021,1.1744,0.000206244,24.4417,115510647.0,mixed,0.553435,2100626
orkut,16,dense,78,178.674,1.16666,0.000225659,5647.82,19794301570.0,mixed,95.472,398442122
orkut,16,dense,79,1.86026,1.22681,0.000222868,21.5581,122478786.0,mixed,0.37603,9629796
orkut,16,dense,80,1.59608,1.22758,0.000226301,16.1091,118077508.0,mixed,0.478874,1987524
orkut,16,dense,81,0.89745,1.33228,0.000276104,2.53361,14049127.0,mixed,0.21259,4291049
orkut,16,dense,82,0.644929,1.48748,0.000325223,2.46788,651219.0,mixed,0.207738,4159137
orkut,16,dense,83,0.449098,1.24067,0.000221597,1.88816,1436581.0,mixed,0.20311,4340143
orkut,16,dense,84,1.32422,1.30489,0.00023995,14.9292,105251584.0,mixed,0.475463,4012001
orkut,16,dense,85,0.648361,1.31642,0.000272938,1.90026,19057520.0,mixed,0.213588,1689409
orkut,16,dense,86,12.6841,1.25431,0.000224107,327.368,1305579892.0,mixed,5.98259,17042674
orkut,16,dense,87,1.14967,1.41892,0.000229037,9.26048,17952464.0,mixed,0.206566,7355575
orkut,16,dense,88,0.891005,1.341,0.000340452,1.68787,563943.0,mixed,0.201557,2560583
orkut,16,dense,89,1.4183,1.26301,0.000305568,17.9391,74146719.0,mixed,0.24825,14331477
orkut,16,dense,90,1.91334,1.33053,0.000231579,14.9752,20068542.0,mixed,0.26357,13831193
orkut,16,dense,91,3.0972,1.26471,0.000403108,74.7905,305083100.0,mixed,1.24781,17931000
orkut,16,dense,92,102.681,1.35463,0.00024219,3243.32,11304580974.0,mixed,44.2695,190751423
orkut,16,dense,93,0.60616,1.37941,0.000495219,0.989493,1747074.0,mixed,0.218637,1194043
orkut,16,dense,94,0.380111,1.258,0.00021819,1.01435,1159071.0,mixed,0.205486,1507071
orkut,16,dense,95,1.31931,1.23789,0.00040717,4.82505,49574879.0,mixed,0.222589,3390825
orkut,16,dense,97,3.72628,1.15272,0.000225396,78.0355,326661189.0,mixed,1.74982,9785865
orkut,16,dense,98,1.07894,1.35286,0.00045075,4.20241,18410528.0,mixed,0.20373,5126073
orkut,16,dense,99,0.659762,1.17688,0.0003723,3.54009,18762449.0,mixed,0.20471,3808439
orkut,16,dense,100,0.368776,1.28909,0.000242425,0.477357,228960.0,mixed,0.165684,644907
orkut,16,sparse,1,2.43738,1.16935,0.000368413,45.4366,217527644.0,mixed,2.01795,9683365
orkut,16,sparse,3,685.5,1.07123,0.000321432,21738.3,73955784939.0,mixed,554.838,1007606836
orkut,16,sparse,4,36.1798,1.19172,0.000238954,1123.09,4099594861.0,mixed,16.9178,14875673
orkut,16,sparse,5,32.415,1.23993,0.000190882,989.204,3751947937.0,mixed,19.5145,24200967
orkut,16,sparse,6,15.0568,1.17122,0.00021572,409.852,1694574037.0,mixed,7.24921,31915232
orkut,16,sparse,7,20.666,1.04168,0.000365699,573.263,1767547023.0,mixed,7.37207,152408720
orkut,16,sparse,10,1398.64,1.0833,0.000190753,44713.4,157594527862.0,mixed,688.418,9512899328
orkut,16,sparse,11,84.3219,1.15098,0.000273891,2651.34,9676386213.0,mixed,46.508,32317512
orkut,16,sparse,12,1.5568,1.14541,0.000277109,12.2466,28307466.0,mixed,0.657619,6687459
orkut,16,sparse,13,588.15,1.09208,0.000383171,18762.3,63954121439.0,mixed,447.841,327357807
orkut,16,sparse,16,813.61,1.02934,0.000229113,25786.6,84229135996.0,mixed,432.632,4677898109
orkut,16,sparse,17,875.07,1.11982,0.000201694,27791.0,86464009551.0,mixed,374.168,794150841
orkut,16,sparse,19,633.788,1.09516,0.000240658,20259.9,70929759678.0,mixed,161.098,3145413941
orkut,16,sparse,20,34.9549,1.27696,0.000232404,1011.79,3852067812.0,mixed,21.8834,71829285
orkut,16,sparse,21,2.26394,1.12208,0.00021741,44.2281,92386241.0,mixed,0.541711,26519636
orkut,16,sparse,22,1245.4,1.12154,0.000224536,39388.6,143835981606.0,mixed,370.263,753757910
orkut,16,sparse,23,5.85369,1.06828,0.00023366,165.117,484462789.0,mixed,4.27046,55971767
orkut,16,sparse,25,234.495,1.15807,0.000491569,6881.89,20281032020.0,mixed,54.348,2472715771
orkut,16,sparse,26,31.2109,1.19612,0.000238744,923.446,1687597138.0,mixed,6.89907,468686304
orkut,16,sparse,30,171.758,1.06009,0.000238569,5200.62,16176055399.0,mixed,42.9532,849118913
orkut,16,sparse,31,106.301,1.07573,0.000234054,3287.49,11110949943.0,mixed,51.9672,651926633
orkut,16,sparse,32,670.318,1.11642,0.000252972,21371.3,74923600131.0,mixed,573.003,455777878
orkut,16,sparse,33,151.058,1.16561,0.000446544,4631.58,16072872911.0,mixed,106.322,304668021
orkut,16,sparse,34,7.38048,1.15116,0.000217669,150.51,661550119.0,mixed,6.65961,19356761
orkut,16,sparse,35,10.9136,1.23736,0.000225043,311.267,1030560415.0,mixed,6.41006,45657526
orkut,16,sparse,37,8.49818,1.19021,0.000442561,199.922,843704354.0,mixed,2.93879,23236577
orkut,16,sparse,39,723.482,1.13775,0.000235494,22988.6,81511539401.0,mixed,319.833,5569318221
orkut,16,sparse,42,3.32095,1.25412,0.000229516,62.15,306106016.0,mixed,1.26345,5297153
orkut,16,sparse,43,303.912,1.11207,0.000473361,9587.39,33257427981.0,mixed,117.739,395519934
orkut,16,sparse,44,138.09,1.07191,0.000224958,4297.14,13126727898.0,mixed,87.6951,230337322
orkut,16,sparse,46,179.866,1.15453,0.000222728,5698.71,20855429220.0,mixed,72.008,123988271
orkut,16,sparse,49,21.7933,1.04941,0.000375472,669.676,2460630054.0,mixed,9.61429,115803767
orkut,16,sparse,51,33.9844,1.11196,0.000518096,1054.97,4069293590.0,mixed,19.3947,152242750
orkut,16,sparse,52,34.3586,1.06502,0.000256262,1059.72,3725492878.0,mixed,10.0426,215880512
orkut,16,sparse,53,96.1431,1.16127,0.000442822,3033.9,10291902350.0,mixed,46.8597,75519317
orkut,16,sparse,54,104.498,1.06087,0.000215655,3280.56,11190776898.0,mixed,19.3392,724409726
orkut,16,sparse,55,1503.23,1.08047,0.000206618,48061.1,155861322997.0,mixed,595.479,556843198
orkut,16,sparse,58,608.47,1.01807,0.000499745,19374.6,68573936571.0,mixed,528.236,1909738935
orkut,16,sparse,59,24.3923,1.08757,0.000224593,714.538,2566248029.0,mixed,14.4955,36411363
orkut,16,sparse,62,18.3979,1.13973,0.000255007,539.222,2096707731.0,mixed,17.4688,40132479
orkut,16,sparse,63,298.971,1.19173,0.000190383,9510.23,34970596066.0,mixed,200.539,347484607
orkut,16,sparse,64,648.416,1.14755,0.00022959,20725.0,74952478645.0,mixed,322.042,445739124
orkut,16,sparse,65,1528.41,1.14208,0.000232073,47178.7,160439434737.0,mixed,1100.08,2044396994
orkut,16,sparse,66,2.22053,1.1761,0.000230725,45.6071,180409306.0,mixed,0.940173,5071275
orkut,16,sparse,68,1.3898,1.13281,0.000223503,19.8892,104330332.0,mixed,0.315403,6213819
orkut,16,sparse,71,10.2196,1.14138,0.000456902,308.242,1102425000.0,mixed,4.93564,55090044
orkut,16,sparse,74,242.176,1.16243,0.000231605,7715.5,27756626209.0,mixed,93.6921,661138015
orkut,16,sparse,75,84.9455,1.09742,0.000486274,2682.44,10120860217.0,mixed,40.8413,133643457
orkut,16,sparse,77,592.489,1.02374,0.000323779,18721.6,60720932028.0,mixed,356.134,3825716665
orkut,16,sparse,78,20.7983,1.1941,0.000270403,644.597,2188970856.0,mixed,14.0842,62246859
orkut,16,sparse,79,100.719,1.19964,0.000340248,3171.43,11213333066.0,mixed,65.9891,755627312
orkut,16,sparse,81,282.27,1.11622,0.000271244,8914.1,33857575736.0,mixed,122.947,417308043
orkut,16,sparse,82,11.3216,1.16795,0.000446588,322.45,1191177037.0,mixed,6.22195,24579190
orkut,16,sparse,83,510.412,1.0342,0.000237438,16277.8,58670581306.0,mixed,358.343,616065633
orkut,16,sparse,84,1.99183,1.16606,0.000255341,42.6421,61451660.0,mixed,0.552761,23583226
orkut,16,sparse,85,1108.92,1.12862,0.000237184,35463.5,121286820181.0,mixed,880.519,1927846934
orkut,16,sparse,87,7.34703,1.16694,0.00031622,200.799,459663607.0,mixed,1.80502,88255803
orkut,16,sparse,88,5.78375,1.11914,0.000296987,156.082,584779833.0,mixed,3.03209,13736694
orkut,16,sparse,90,399.417,1.13155,0.000484267,12763.6,44817346912.0,mixed,314.693,313999424
orkut,16,sparse,91,1.76748,1.13133,0.0002327,15.947,139938897.0,mixed,0.434816,5638320
orkut,16,sparse,93,81.7126,1.16839,0.000242793,2566.2,8965456558.0,mixed,38.3882,566212980
orkut,16,sparse,94,1.07406,1.11613,0.000231676,9.81118,63760154.0,mixed,0.458379,6828026
orkut,16,sparse,95,1598.0,1.08681,0.000232626,51057.4,186961786487.0,mixed,936.338,3388025017
orkut,16,sparse,96,141.407,1.11628,0.000228932,4484.82,14988898760.0,mixed,89.75,102764893
orkut,16,sparse,97,592.257,1.16155,0.000310449,18741.4,27508835743.0,mixed,261.05,706333319
orkut,16,sparse,98,21.1463,1.13354,0.000254654,617.408,1704148457.0,mixed,5.12,434142041
