dataset,query_size,query_mode,query_index,elapsed_execution_time,filter_time,plan_time,enumerate_time,n_embeddings,order,max_task_time,n_intersections
youtube2007,8,dense,1,201.859,0.11375,1.22046,6385.99,1304704230570.0,mixed,151.285,3126577336
youtube2007,8,dense,2,617.313,0.1513,2.46813,19728.7,1944333279323.0,mixed,491.773,3712869194
youtube2007,8,dense,3,109.871,0.419349,10.0662,3279.41,355231479177.0,mixed,103.267,1459937884
youtube2007,8,dense,4,2.2587,0.133185,0.547978,61.0794,905485938.0,mixed,1.15368,21477984
youtube2007,8,dense,5,0.0117094,0.111128,0.0183657,0.051072,37928.0,mixed,0.00312825,13958
youtube2007,8,dense,6,2.06081,0.278365,3.79813,50.7809,2078402394.0,mixed,1.26709,21089068
youtube2007,8,dense,7,156.899,0.0934297,1.41622,4854.29,335740935534.0,mixed,110.568,1831314438
youtube2007,8,dense,9,0.0410023,0.0589061,0.0548938,0.177734,1796513.0,mixed,0.00888445,60749
youtube2007,8,dense,10,26.0719,0.194658,2.20685,767.855,30074837469.0,mixed,15.7555,362050490
youtube2007,8,dense,11,364.408,0.177076,5.42622,11648.0,4643680434596.0,mixed,284.439,2730960463
youtube2007,8,dense,12,0.0322174,0.07645,0.0344736,0.139027,1166590.0,mixed,0.00695743,42446
youtube2007,8,dense,13,962.46,0.302304,4.90305,30079.3,2439015622385.0,mixed,745.442,9736750466
youtube2007,8,dense,14,0.447725,0.110255,0.139406,9.31079,467322693.0,mixed,0.324785,2597808
youtube2007,8,dense,15,23.486,0.178993,2.82249,726.205,83621425335.0,mixed,14.8551,314763027
youtube2007,8,dense,16,1388.49,0.184252,3.579,43220.9,2037932693926.0,mixed,961.48,491380470
youtube2007,8,dense,17,97.4468,0.0446307,0.921688,2859.08,340644655268.0,mixed,93.0147,878034795
youtube2007,8,dense,18,0.0445017,0.100956,0.0989412,0.248642,275229.0,mixed,0.0151212,98854
youtube2007,8,dense,19,0.0473131,0.105508,0.0812241,0.360058,2444936.0,mixed,0.0146731,160613
youtube2007,8,dense,20,5.73826,0.373137,4.51043,161.246,1110842969.0,mixed,5.07488,57400364
youtube2007,8,dense,21,0.0814867,0.112024,0.103911,0.589746,13491868.0,mixed,0.035162,190504
youtube2007,8,dense,22,70.9568,0.256159,3.5031,2248.78,75657970767.0,mixed,43.1754,755398548
youtube2007,8,dense,23,0.215739,0.0899754,0.329393,1.90074,4397255.0,mixed,0.129831,818973
youtube2007,8,dense,24,9.91882,0.107261,0.999179,292.084,9586384619.0,mixed,7.39235,107249084
youtube2007,8,dense,25,545.731,0.116023,2.0923,15382.6,564177933989.0,mixed,499.1,4296461289
youtube2007,8,dense,26,0.0230722,0.091072,0.0463827,0.151424,162032.0,mixed,0.0118856,64870
youtube2007,8,dense,27,0.0583875,0.164656,0.136487,0.313442,565319.0,mixed,0.0303897,163799
youtube2007,8,dense,28,0.0100045,0.134035,0.0198016,0.0602112,209248.0,mixed,0.00520613,19428
youtube2007,8,dense,29,1.40355,0.195644,0.968254,28.1774,91068504.0,mixed,0.691383,12733042
youtube2007,8,dense,30,5.2096,0.122863,1.21816,145.582,28310969676.0,mixed,2.03661,41603598
youtube2007,8,dense,31,0.409305,0.159209,0.565243,4.73996,73058160.0,mixed,0.174418,1915192
youtube2007,8,dense,32,2.37787,0.345189,2.6309,63.6828,1468227389.0,mixed,1.34868,26725454
youtube2007,8,dense,33,2359.94,0.17408,3.03142,71178.1,2263820993483.0,mixed,1372.19,19535879499
youtube2007,8,dense,34,550.346,0.100628,1.23258,16529.1,2054610200047.0,mixed,412.301,9614090210
youtube2007,8,dense,35,0.0366828,0.0579885,0.0357946,0.161872,935485.0,mixed,0.0204742,71549
youtube2007,8,dense,36,3178.63,0.456153,12.9511,96517.1,61919080881229.0,mixed,2412.96,39904037946
youtube2007,8,dense,37,115.397,0.446928,8.86647,3519.75,56926402385.0,mixed,100.493,1019582039
youtube2007,8,dense,38,410.236,0.266781,4.62355,12161.3,7203959831160.0,mixed,278.177,2230526067
youtube2007,8,dense,39,0.01239,0.0500912,0.00916863,0.0563359,114182.0,mixed,0.00273907,15934
youtube2007,8,dense,40,1.66991,0.17061,0.592923,44.6973,319003190.0,mixed,1.14852,18573484
youtube2007,8,dense,41,1.47861,0.159391,1.177,35.7388,562997708.0,mixed,0.873127,21061726
youtube2007,8,dense,42,0.533008,0.167376,0.484853,11.0904,889508800.0,mixed,0.428044,7167637
youtube2007,8,dense,43,180.068,0.136656,2.05827,5747.81,1336174314495.0,mixed,124.904,1452449458
youtube2007,8,dense,44,37.1016,0.396653,6.14366,1095.83,63603910274.0,mixed,29.533,360645985
youtube2007,8,dense,45,7.19727,0.219324,1.01265,216.312,2729183019.0,mixed,3.16198,61183800
youtube2007,8,dense,46,61.2514,0.181605,4.5071,1934.11,507907948981.0,mixed,39.0767,571721039
youtube2007,8,dense,47,5.07304,0.362166,1.59601,147.461,8636631393.0,mixed,2.73258,47095105
youtube2007,8,dense,48,0.00425598,0.0862496,0.00403598,0.0225867,11604.0,mixed,0.00242577,2293
youtube2007,8,dense,49,1034.83,0.197872,5.65933,31966.8,4928524691434.0,mixed,620.793,17453218823
youtube2007,8,dense,50,0.0127588,0.0265021,0.00616167,0.0509293,28079.0,mixed,0.00139873,12537
youtube2007,8,dense,51,1.94918,0.253017,0.801579,55.1941,1673377853.0,mixed,1.08776,28262135
youtube2007,8,dense,52,0.00506927,0.108857,0.00461732,0.0261117,1759.0,mixed,0.00190357,1587
youtube2007,8,dense,53,0.0105749,0.102478,0.00891336,0.0467585,21807.0,mixed,0.00199545,7513
youtube2007,8,dense,54,0.638997,0.169651,1.48944,13.6378,71999588.0,mixed,0.261716,6619199
youtube2007,8,dense,55,1036.27,0.169432,1.99432,26585.2,1368243336253.0,mixed,723.012,340428167
youtube2007,8,dense,56,0.0134393,0.09701,0.00909417,0.0652037,28559.0,mixed,0.00183645,13353
youtube2007,8,dense,57,97.179,0.417539,8.55982,3089.43,296701768980.0,mixed,84.1356,1007385386
youtube2007,8,dense,58,34.9345,0.125228,0.91955,1112.92,80475040022.0,mixed,15.5193,465311053
youtube2007,8,dense,60,0.0301012,0.0664069,0.0454719,0.144513,857912.0,mixed,0.0155072,39873
youtube2007,8,dense,61,602.736,0.481798,11.6385,17693.2,22208852683894.0,mixed,361.52,3718260254
youtube2007,8,dense,62,0.218163,0.0745204,0.0706251,3.98828,28048280.0,mixed,0.176204,2606844
youtube2007,8,dense,63,0.304122,0.14795,0.396318,3.78774,76220983.0,mixed,0.199017,2376230
youtube2007,8,dense,64,0.15384,0.111642,0.575376,1.79917,11603776.0,mixed,0.0885519,884157
youtube2007,8,dense,65,1502.54,0.427377,12.431,44155.0,57614737718224.0,mixed,1099.39,14179228537
youtube2007,8,dense,67,0.156762,0.133665,0.198353,3.30801,5624892.0,mixed,0.115503,943099
youtube2007,8,dense,68,0.123203,0.164015,0.151184,2.47558,9340899.0,mixed,0.07593,362870
youtube2007,8,dense,69,0.165968,0.12832,0.165853,3.7928,1232423.0,mixed,0.089222,275659
youtube2007,8,dense,70,462.329,0.14311,1.68782,10648.2,591448566080.0,mixed,350.55,104606467
youtube2007,8,dense,72,227.456,0.101441,1.31761,6939.56,1250100763806.0,mixed,172.785,3129322689
youtube2007,8,dense,73,0.094063,0.070647,0.0453432,1.81504,12950230.0,mixed,0.0334158,124189
youtube2007,8,dense,74,114.908,0.187793,4.10189,3517.9,1323420786930.0,mixed,88.3085,819342370
youtube2007,8,dense,75,0.0695663,0.12158,0.118443,1.53244,1030088.0,mixed,0.0237398,88177
youtube2007,8,dense,76,61.8882,0.107481,1.4949,1870.2,28290121663.0,mixed,50.6369,1046543854
youtube2007,8,dense,77,61.0333,0.253067,3.78825,1883.66,15568474914.0,mixed,30.2514,491473936
youtube2007,8,dense,78,2.53888,0.0891421,0.321697,53.3665,4656768079.0,mixed,0.560721,24416296
youtube2007,8,dense,79,0.962291,0.159546,0.663389,26.9979,4407631213.0,mixed,0.341638,11151117
youtube2007,8,dense,80,525.458,0.154221,2.13644,14896.0,772714916775.0,mixed,464.348,203498634
youtube2007,8,dense,81,21.1856,0.34663,4.31447,540.948,4925662512.0,mixed,17.9905,344913378
youtube2007,8,dense,82,913.029,0.134855,1.59578,28636.7,1281878043670.0,mixed,710.247,273851476
youtube2007,8,dense,84,2.69235,0.169809,1.58224,76.3986,5765328428.0,mixed,1.70259,25803670
youtube2007,8,dense,85,0.151297,0.187388,0.144748,3.33883,22180859.0,mixed,0.0682413,591796
youtube2007,8,dense,86,18.957,0.363899,6.41032,568.068,20871361977.0,mixed,13.148,193144983
youtube2007,8,dense,87,0.542463,0.106755,0.0752392,13.2459,568386735.0,mixed,0.275772,2992918
youtube2007,8,dense,89,4.72373,0.155391,2.29063,133.152,726753039.0,mixed,3.05314,34260189
youtube2007,8,dense,90,0.0275834,0.105552,0.00903326,0.639268,3698.0,mixed,0.0121381,2673
youtube2007,8,dense,91,7.92726,0.148734,1.85436,245.64,14065865196.0,mixed,7.53642,52165879
youtube2007,8,dense,92,24.4553,0.169196,1.90166,757.127,14718039248.0,mixed,13.9591,272040984
youtube2007,8,dense,94,1.00697,0.210999,1.57716,22.9868,128830004.0,mixed,0.484772,9148248
youtube2007,8,dense,95,1.66161,0.151964,0.602897,47.0222,8128678614.0,mixed,0.768183,11999466
youtube2007,8,dense,96,745.774,0.460714,10.1919,23611.8,107344189179706.0,mixed,458.415,5333893128
youtube2007,8,dense,97,322.575,0.452668,12.2995,10023.5,11551852297414.0,mixed,273.042,1142753006
youtube2007,8,dense,98,2.36003,0.046075,0.141938,60.363,3867011564.0,mixed,1.15167,18328713
youtube2007,8,dense,99,0.0556197,0.0660609,0.0150551,1.39581,21995.0,mixed,0.0200539,22326
youtube2007,8,dense,100,384.599,0.133814,2.9295,11602.2,1695310095988.0,mixed,224.024,3681460594
youtube2007,8,sparse,1,0.0939439,0.0930445,0.044784,1.75983,6801281.0,mixed,0.0660977,137288
youtube2007,8,sparse,2,4.29107,0.158781,1.53759,104.31,21830099425.0,mixed,3.32501,35893222
youtube2007,8,sparse,5,0.571146,0.0580907,0.0721997,9.72977,447209421.0,mixed,0.530038,424305
youtube2007,8,sparse,6,0.284752,0.228431,0.317205,5.05198,202680341.0,mixed,0.188241,510769
youtube2007,8,sparse,7,0.131406,0.119426,0.0597972,2.786,94999955.0,mixed,0.0449253,133783
youtube2007,8,sparse,8,2.11514,0.089768,0.738317,57.6958,2025500362.0,mixed,1.54048,17314113
youtube2007,8,sparse,10,0.00601883,0.109028,0.00349322,0.0340351,38499.0,mixed,0.00277568,668
youtube2007,8,sparse,11,826.389,0.0891236,1.37057,23390.4,592603075835.0,mixed,739.229,6046347013
youtube2007,8,sparse,12,133.316,0.140015,3.79879,3873.42,125775247941.0,mixed,102.004,1348948057
youtube2007,8,sparse,13,9.55795,0.201329,6.24928,275.879,1556865196.0,mixed,5.85981,73388074
youtube2007,8,sparse,14,14.6537,0.344227,5.46102,405.879,10218984832.0,mixed,12.7242,66873792
youtube2007,8,sparse,15,0.126059,0.164259,0.439827,2.30081,388611357.0,mixed,0.0552253,317033
youtube2007,8,sparse,16,3.83732,0.240963,3.16654,77.4783,719194911.0,mixed,1.62195,32885819
youtube2007,8,sparse,17,176.555,0.0391723,0.516463,5015.89,395398561981.0,mixed,153.622,61768181
youtube2007,8,sparse,18,139.977,0.113047,0.322074,268.248,24488001449.0,mixed,139.685,18266367
youtube2007,8,sparse,19,0.0854354,0.158938,0.156731,1.86095,80157.0,mixed,0.0380624,166776
youtube2007,8,sparse,20,76.2215,0.346616,4.01654,2290.86,162093380792.0,mixed,75.2298,20956690
youtube2007,8,sparse,21,0.344185,0.100297,0.131654,8.13953,7542769.0,mixed,0.110958,433757
youtube2007,8,sparse,23,0.114471,0.140417,0.170029,2.49333,6328838.0,mixed,0.0980132,223444
youtube2007,8,sparse,24,4.17652,0.182083,2.96763,122.058,7629220299.0,mixed,2.68531,33002458
youtube2007,8,sparse,25,1.52191,0.0511779,0.441477,37.0271,1923620631.0,mixed,0.993268,10645871
youtube2007,8,sparse,26,0.351324,0.180811,0.971138,8.15992,77866313.0,mixed,0.130149,1969626
youtube2007,8,sparse,27,87.2355,0.0418984,0.63871,2777.47,424039097103.0,mixed,74.9858,540458822
youtube2007,8,sparse,28,1.95413,0.232097,2.16803,46.2061,30794348148.0,mixed,0.900223,11296930
youtube2007,8,sparse,29,0.0615328,0.0632348,0.051787,1.15011,262205.0,mixed,0.0298492,65858
youtube2007,8,sparse,30,521.502,0.360767,7.82891,16046.6,1553252338654.0,mixed,454.679,4335214191
youtube2007,8,sparse,31,2.08765,0.382698,2.03753,49.7434,5859646000.0,mixed,1.45626,11302167
youtube2007,8,sparse,32,9.05207,0.159198,0.449831,262.399,12519768722.0,mixed,7.14659,7776189
youtube2007,8,sparse,33,0.36366,0.0904199,0.171565,8.24985,84169176.0,mixed,0.0429651,281859
youtube2007,8,sparse,34,0.149259,0.0702961,0.104011,3.26717,1507735.0,mixed,0.0548483,301338
youtube2007,8,sparse,36,1.79388,0.313361,2.14265,49.2901,522870260.0,mixed,1.27819,20096049
youtube2007,8,sparse,38,7.43484,0.371153,4.14974,186.212,263842843252.0,mixed,6.87285,28800286
youtube2007,8,sparse,39,0.0149963,0.105398,0.0053573,0.27626,3037.0,mixed,0.00850874,1929
youtube2007,8,sparse,40,1.59349,0.19505,2.14927,35.9591,56562762953.0,mixed,1.0388,9432062
youtube2007,8,sparse,41,0.833364,0.154892,1.33555,18.4254,96660576.0,mixed,0.378508,6315241
youtube2007,8,sparse,42,26.6338,0.0848114,0.742253,718.553,54161194333.0,mixed,18.2846,8948593
youtube2007,8,sparse,43,7.3126,0.139093,0.833356,198.271,5519602526.0,mixed,6.24603,15145369
youtube2007,8,sparse,44,4.54994,0.223938,3.82042,78.7015,15269104973.0,mixed,2.78047,26597164
youtube2007,8,sparse,45,0.444448,0.156952,0.420111,10.7218,119899767.0,mixed,0.197412,2520171
youtube2007,8,sparse,46,1.48018,0.340511,2.27749,24.3016,72308120782.0,mixed,0.470001,4981717
youtube2007,8,sparse,47,0.0384282,0.106942,0.0389393,0.919169,33738.0,mixed,0.0151069,9617
youtube2007,8,sparse,48,69.4747,0.394574,4.41159,2143.95,1125141331153.0,mixed,38.3997,681027069
youtube2007,8,sparse,49,0.263651,0.177309,0.446025,5.25973,36084522.0,mixed,0.233398,754469
youtube2007,8,sparse,50,19.5254,0.381445,7.34732,605.028,47409265568.0,mixed,14.5337,184035712
youtube2007,8,sparse,51,7.72093,0.132692,1.75318,232.322,34136792637.0,mixed,6.71442,66536607
youtube2007,8,sparse,52,189.86,0.107347,2.22872,6042.35,4597625712847.0,mixed,175.632,697212343
youtube2007,8,sparse,53,2.15094,0.31927,2.01924,40.0355,374533618.0,mixed,0.888654,10658319
youtube2007,8,sparse,54,0.0591784,0.140925,0.0968803,1.37875,175996.0,mixed,0.042218,67390
youtube2007,8,sparse,55,0.026212,0.0760101,0.010936,0.616781,74901.0,mixed,0.0145668,8764
youtube2007,8,sparse,56,518.783,0.249113,5.54038,16081.4,10766163506750.0,mixed,304.871,2544367879
youtube2007,8,sparse,57,20.0917,0.160648,2.99587,542.098,52709740498.0,mixed,15.1501,155712115
youtube2007,8,sparse,58,0.039234,0.106649,0.0152968,0.896226,618334.0,mixed,0.0163833,14873
youtube2007,8,sparse,59,0.033315,0.142555,0.052539,0.73103,384423.0,mixed,0.0264589,18948
youtube2007,8,sparse,60,177.77,0.357064,13.4126,5554.46,7349241216191.0,mixed,94.9851,2646191360
youtube2007,8,sparse,61,0.352485,0.13243,0.467247,7.88087,50360120.0,mixed,0.18685,1843949
youtube2007,8,sparse,62,3.95692,0.238115,0.892329,106.586,5819592620.0,mixed,3.39686,6039080
youtube2007,8,sparse,63,2.96773,0.122383,0.545228,84.1355,23493698397.0,mixed,2.11729,10292944
youtube2007,8,sparse,64,184.576,0.340247,4.1245,5179.99,275992254589.0,mixed,133.206,40493361
youtube2007,8,sparse,65,54.2487,0.350404,7.41951,1671.8,2072067943225.0,mixed,37.8062,453979160
youtube2007,8,sparse,66,1.99168,0.136522,0.944094,54.8134,11125542072.0,mixed,1.25164,9165789
youtube2007,8,sparse,67,2.94273,0.33971,1.76854,70.3344,4045457427.0,mixed,2.27378,31718427
youtube2007,8,sparse,68,61.1509,0.0371983,1.13505,1375.41,95415247450.0,mixed,19.256,180626122
youtube2007,8,sparse,69,0.0454325,0.0929335,0.0613976,0.740878,771568.0,mixed,0.0280094,49399
youtube2007,8,sparse,70,5.12715,0.0822844,1.16643,123.514,13082101753.0,mixed,4.23433,29661255
youtube2007,8,sparse,71,0.0654476,0.110536,0.031702,1.60377,26132.0,mixed,0.0153463,11579
youtube2007,8,sparse,72,250.919,0.126319,2.66987,6342.07,593219625388.0,mixed,112.581,53535543
youtube2007,8,sparse,73,79.6834,0.0427218,0.334781,2511.19,247214941549.0,mixed,76.7562,672457336
youtube2007,8,sparse,74,0.663866,0.131874,0.804365,14.2553,217146748.0,mixed,0.424111,5398097
youtube2007,8,sparse,75,0.538297,0.0984368,0.520565,8.5179,32165271.0,mixed,0.320852,3083781
youtube2007,8,sparse,76,624.329,0.0853262,1.15301,18683.5,5735778233726.0,mixed,425.255,2689845918
youtube2007,8,sparse,77,0.628736,0.171143,1.11551,14.4001,19720066.0,mixed,0.197484,1402682
youtube2007,8,sparse,78,0.5229,0.137866,0.404219,11.2121,278106771.0,mixed,0.385811,3310758
youtube2007,8,sparse,79,0.0605508,0.0582316,0.0277056,1.17864,1019974.0,mixed,0.0269711,40478
youtube2007,8,sparse,80,572.539,0.169364,4.92922,16631.6,4754887170343.0,mixed,349.457,3426764687
youtube2007,8,sparse,81,0.676776,0.101643,0.942738,13.481,34042831.0,mixed,0.303737,4806748
youtube2007,8,sparse,82,0.432179,0.121783,0.818893,7.37669,28641757082.0,mixed,0.270778,1015997
youtube2007,8,sparse,84,0.0326623,0.0993021,0.0096974,0.75901,120209.0,mixed,0.0174234,7603
youtube2007,8,sparse,85,0.011263,0.0953608,0.00506896,0.151139,2042.0,mixed,0.00705472,649
youtube2007,8,sparse,86,5.93135,0.0831322,0.75284,167.127,8692214281.0,mixed,4.19658,60411764
youtube2007,8,sparse,87,1.43523,0.155186,1.27271,36.7863,633763305.0,mixed,0.956231,19347332
youtube2007,8,sparse,88,0.913296,0.343906,2.91497,19.8236,256382988.0,mixed,0.737523,8595383
youtube2007,8,sparse,89,0.0260324,0.0719406,0.0119866,0.576254,157728.0,mixed,0.0118611,3237
youtube2007,8,sparse,90,96.2036,0.360446,13.1948,3008.46,7977142375551.0,mixed,93.0236,723934984
youtube2007,8,sparse,91,15.1144,0.277745,1.89231,461.517,45977734959.0,mixed,12.2658,122643064
youtube2007,8,sparse,94,0.131891,0.27111,0.18907,2.34981,1024858.0,mixed,0.0369199,119828
youtube2007,8,sparse,95,9.45341,0.241487,4.58869,287.926,198348860155.0,mixed,4.49025,106985150
youtube2007,8,sparse,97,2.09392,0.191747,0.971696,50.9566,654489893.0,mixed,1.21768,9702271
youtube2007,8,sparse,99,0.451034,0.0723658,0.161616,11.2609,10737740.0,mixed,0.0223302,269498
youtube2007,8,sparse,100,881.272,0.179066,3.62618,27349.1,11472287969713.0,mixed,745.382,5951505627
