dataset,query_size,query_mode,query_index,elapsed_execution_time,filter_time,plan_time,enumerate_time,n_embeddings,order,max_task_time,n_intersections
orkut,12,dense,1,0.648795,0.859473,2.74253,2.83115,6164009,mixed,0.0331335,243235
orkut,12,dense,2,0.195439,0.799715,2.6228,0.347461,1779145475,mixed,0.183945,243886
orkut,12,dense,3,0.128586,0.813968,2.25988,0.550639,18313414884,mixed,0.0312376,268884
orkut,12,dense,4,0.848474,0.865076,2.89241,1.99083,4722778,mixed,0.0835563,270394
orkut,12,dense,5,0.128022,0.873065,2.09702,0.329705,1823651,mixed,0.117275,254769
orkut,12,dense,6,0.134301,0.851803,2.51056,0.471849,638121960,mixed,0.119485,359716
orkut,12,dense,7,0.104963,0.800835,2.13541,0.209676,15314284,mixed,0.101236,221824
orkut,12,dense,8,0.904566,0.909522,3.98127,4.76184,587414,mixed,0.641608,2609347
orkut,12,dense,9,0.0930519,0.895323,2.42393,0.179621,785975,mixed,0.0841976,188078
orkut,12,dense,10,0.193206,0.853398,2.25289,0.384434,104141578,mixed,0.18323,330362
orkut,12,dense,11,0.924693,0.841726,2.89323,2.53648,1309209,mixed,0.0487578,544778
orkut,12,dense,12,0.126122,0.825316,2.21716,0.327745,8899324,mixed,0.117401,272946
orkut,12,dense,13,0.160157,0.928123,1.60142,0.32111,241168,mixed,0.15522,266161
orkut,12,dense,14,1.18548,0.819355,1.99092,4.08055,1153864655,mixed,0.224638,3786831
orkut,12,dense,15,0.487969,0.883296,2.0382,1.66676,1602724,mixed,0.0816907,478340
orkut,12,dense,16,0.976217,0.841796,5.31695,2.44151,26225156,mixed,0.442822,1919496
orkut,12,dense,17,0.288014,0.858601,2.39824,0.754608,311048088,mixed,0.214236,721322
orkut,12,dense,18,0.273232,0.832677,2.80075,0.641354,2119092268,mixed,0.203301,439670
orkut,12,dense,19,0.140713,0.827164,2.43402,0.538131,64388467,mixed,0.128558,319033
orkut,12,dense,20,0.951736,0.89547,2.53173,21.8573,1036888,mixed,0.0349709,361297
orkut,12,dense,21,0.78967,0.766948,2.96851,2.19217,388122265,mixed,0.0410772,581262
orkut,12,dense,22,0.421257,0.788764,2.90886,0.758801,120957950,mixed,0.214111,577652
orkut,12,dense,23,0.145468,0.904102,2.08477,0.542996,14075084,mixed,0.137194,456667
orkut,12,dense,24,0.155847,0.90228,2.32767,0.312886,2544803,mixed,0.146918,299704
orkut,12,dense,25,4.11272,0.95057,3.47796,47.3954,1110635,mixed,0.795014,32397123
orkut,12,dense,26,0.424912,0.89184,3.59671,1.43954,1862940,mixed,0.219942,1129877
orkut,12,dense,27,0.921778,0.82759,4.97753,4.1849,81329250,mixed,0.434647,1488992
orkut,12,dense,28,0.185865,0.805006,2.31188,0.6739,32104427,mixed,0.177901,633226
orkut,12,dense,29,0.189262,0.871936,2.42966,0.395681,947585,mixed,0.178309,307816
orkut,12,dense,30,0.147135,0.866874,2.01325,0.297325,2496700,mixed,0.137827,246111
orkut,12,dense,31,0.0291435,0.920026,1.87948,0.27249,8385575,mixed,0.0199889,143694
orkut,12,dense,32,0.241818,0.854448,3.33971,2.91241,14939556,mixed,0.0405827,480094
orkut,12,dense,33,0.390798,0.850259,2.51029,4.25603,19946656,mixed,0.0504798,585080
orkut,12,dense,34,0.226895,0.864116,2.53799,0.408131,38701530,mixed,0.0217329,285059
orkut,12,dense,35,0.702146,0.761833,2.7007,1.79966,31141822,mixed,0.0337621,283358
orkut,12,dense,36,0.126551,0.885745,3.90038,1.46189,3500983,mixed,0.114192,263736
orkut,12,dense,37,1.34897,0.788671,2.01917,18.0192,964467713,mixed,0.908258,1429671
orkut,12,dense,38,0.908911,0.931919,2.63483,6.6375,5200899,mixed,0.082137,728409
orkut,12,dense,39,0.464812,0.815995,1.98756,1.3677,3246127331,mixed,0.0238977,336185
orkut,12,dense,40,5.24509,0.83485,2.74307,161.024,3667664135,mixed,0.298351,670997
orkut,12,dense,41,0.786755,0.869291,2.28344,2.40626,177486159,mixed,0.127081,458656
orkut,12,dense,42,0.516013,0.893984,2.30685,1.63945,7984455,mixed,0.0242454,317829
orkut,12,dense,43,0.405958,0.822095,2.99215,2.20957,2374488,mixed,0.210127,1955962
orkut,12,dense,44,1.17103,0.85107,3.90058,7.66767,2297452,mixed,0.122383,1108892
orkut,12,dense,45,0.353145,0.835655,1.75656,0.954727,3659718,mixed,0.0219824,166797
orkut,12,dense,46,0.823793,0.854975,2.23058,2.42567,28050640,mixed,0.0759856,377293
orkut,12,dense,47,0.444241,0.865362,2.045,1.65105,929575,mixed,0.0511414,473605
orkut,12,dense,48,0.67781,0.890029,2.95332,1.96874,2506858,mixed,0.0237359,260578
orkut,12,dense,49,0.310919,0.847357,1.98391,1.17678,531165312,mixed,0.0312047,297652
orkut,12,dense,50,0.314716,0.964055,2.70558,2.29568,3628289,mixed,0.0436233,570831
orkut,12,dense,51,0.409697,0.887165,2.13179,2.65202,416121,mixed,0.0114575,190937
orkut,12,dense,52,5.75945,0.945444,2.41369,182.248,64703,mixed,0.119349,898903
orkut,12,dense,53,0.223749,0.784107,2.17098,0.492866,3420511,mixed,0.204152,485832
orkut,12,dense,54,0.88448,0.859913,2.5171,2.74094,1322464,mixed,0.225339,817955
orkut,12,dense,55,0.183194,0.892982,2.1328,0.268549,4457801,mixed,0.179546,300335
orkut,12,dense,56,0.825599,0.842628,2.44013,2.90128,16072774,mixed,0.288899,558550
orkut,12,dense,57,0.763688,0.836195,2.74665,1.989,14963375,mixed,0.0221971,257142
orkut,12,dense,58,0.108747,0.899266,2.28128,0.287072,170914,mixed,0.0965288,204974
orkut,12,dense,59,0.1366,0.81823,1.88165,0.366994,2405655,mixed,0.126093,283570
orkut,12,dense,60,0.704112,0.804587,3.11771,8.05205,86443906,mixed,0.0942444,1344963
orkut,12,dense,61,0.709626,0.926957,3.54018,2.0182,227928,mixed,0.00933542,225582
orkut,12,dense,62,0.215301,0.900987,2.0745,0.173569,12955846,mixed,0.0495951,151776
orkut,12,dense,63,0.388231,0.841775,2.00965,0.515295,182810958,mixed,0.14207,396081
orkut,12,dense,64,0.955649,0.935278,2.72852,16.7528,4360556,mixed,0.0386219,333869
orkut,12,dense,65,0.130102,0.844862,2.81183,0.328299,6315933,mixed,0.120741,235571
orkut,12,dense,66,0.694975,0.805183,2.57559,2.99765,30095979,mixed,0.286603,704865
orkut,12,dense,67,0.0328288,0.767795,1.63688,0.308994,387022562,mixed,0.0302897,195570
orkut,12,dense,68,0.326766,0.901041,2.01287,1.127,5900594,mixed,0.258285,474626
orkut,12,dense,69,0.590685,0.818001,2.13227,2.14999,4188440395,mixed,0.0970529,516282
orkut,12,dense,70,0.707326,0.846268,2.1696,1.83241,10772072854,mixed,0.0222286,276254
orkut,12,dense,71,0.495871,0.827652,2.77347,2.73207,5525285,mixed,0.0710948,1235710
orkut,12,dense,72,0.220307,0.939372,2.7641,0.392792,1113659,mixed,0.0253795,176310
orkut,12,dense,73,0.293375,0.954598,2.12563,0.808547,7163955,mixed,0.217987,764314
orkut,12,dense,74,1.18662,0.85769,2.50971,23.3238,25792580,mixed,0.166084,799482
orkut,12,dense,75,0.197026,0.842985,2.59625,0.357108,338574519,mixed,0.191791,344696
orkut,12,dense,76,0.646995,0.846677,2.84123,5.81468,2766734,mixed,0.0849323,338806
orkut,12,dense,77,0.125801,0.809222,2.09376,0.404315,121800527,mixed,0.1139,309753
orkut,12,dense,78,0.810825,0.951192,2.12106,2.42421,1297322,mixed,0.0321879,316605
orkut,12,dense,79,0.853102,0.847688,2.05066,3.4239,2412326,mixed,0.201568,1524586
orkut,12,dense,80,0.21903,0.979468,2.5776,0.230614,245627,mixed,0.0542806,173276
orkut,12,dense,81,0.239913,0.932143,3.83052,1.9521,362201,mixed,0.177693,361537
orkut,12,dense,82,0.132199,0.907934,1.67786,0.294065,3721973,mixed,0.126494,293272
orkut,12,dense,83,0.166335,0.800422,2.72658,0.347672,242658596,mixed,0.15406,261785
orkut,12,dense,84,0.646817,0.92929,2.84219,2.0994,802241,mixed,0.0191506,340442
orkut,12,dense,85,0.60406,0.991664,1.9847,1.78058,412898,mixed,0.0354721,327421
orkut,12,dense,86,0.293206,0.838452,1.69267,1.83787,186287984,mixed,0.0226499,212326
orkut,12,dense,87,0.174055,0.955308,2.18885,0.361354,1142458,mixed,0.164475,354467
orkut,12,dense,88,0.90706,0.814116,2.84263,13.2922,559053989,mixed,0.337797,351882
orkut,12,dense,89,0.735028,0.876755,2.43205,3.4712,378296213,mixed,0.0445191,1645978
orkut,12,dense,90,0.308404,0.868501,2.86615,1.083,440185,mixed,0.200706,702700
orkut,12,dense,91,0.490974,0.867801,2.32884,1.51726,73031202,mixed,0.0206321,239575
orkut,12,dense,92,0.243479,0.922387,3.46155,0.625074,814014,mixed,0.201301,584938
orkut,12,dense,93,0.293092,0.842943,3.00096,1.55225,99180438,mixed,0.204686,456607
orkut,12,dense,94,1.05262,0.921828,2.69351,16.241,1340939,mixed,0.165047,1302345
orkut,12,dense,95,0.343282,0.826188,2.82838,1.37554,201816623,mixed,0.22136,893689
orkut,12,dense,96,0.136136,0.832897,3.08629,0.342363,3926809,mixed,0.121303,285197
orkut,12,dense,97,0.638846,0.881942,2.32524,2.0927,512940739,mixed,0.10984,395748
orkut,12,dense,98,0.326815,0.856244,2.02686,2.18685,24319065,mixed,0.0325673,403438
orkut,12,dense,99,0.212697,0.904887,2.38206,0.322308,21329227,mixed,0.180675,374959
orkut,12,dense,100,0.153699,0.83758,2.35725,0.317786,45054691,mixed,0.141277,260299
orkut,12,sparse,1,0.125871,0.754397,2.64719,0.357162,70617033,mixed,0.1206,288659
orkut,12,sparse,2,0.849511,0.740195,2.7926,2.90221,7347119773,mixed,0.105257,781252
orkut,12,sparse,3,1.72772,0.840927,2.58618,1.45919,6127758497,mixed,0.240824,643379
orkut,12,sparse,4,0.454735,0.765686,2.81328,1.63766,2808695605,mixed,0.0830661,387500
orkut,12,sparse,5,2.13462,0.740527,3.64539,33.7111,7274486625,mixed,0.719136,9763333
orkut,12,sparse,6,0.183585,0.745167,2.34723,0.292671,875445718926,mixed,0.177806,261595
orkut,12,sparse,7,1.87129,0.731536,3.24114,2.67269,2050343569,mixed,0.211117,1244779
orkut,12,sparse,8,0.296844,0.75776,2.95575,2.64964,92709447,mixed,0.187295,1069009
orkut,12,sparse,9,0.290815,0.736337,3.46746,2.20706,1151105640985,mixed,0.210233,1127725
orkut,12,sparse,10,0.643956,0.78208,3.05041,0.709638,354551855,mixed,0.204541,617179
orkut,12,sparse,11,0.541745,0.76108,3.83454,4.21287,4563650060,mixed,0.309661,984892
orkut,12,sparse,12,0.739825,0.75261,2.98843,5.43579,2129071313,mixed,0.206879,538813
orkut,12,sparse,13,0.223839,0.745257,2.73561,0.36256,34065941780,mixed,0.0431544,306826
orkut,12,sparse,14,0.388815,0.728571,2.6512,0.674524,558212617,mixed,0.158091,514887
orkut,12,sparse,15,0.395309,0.754294,2.83561,2.71142,241859393,mixed,0.0377784,401866
orkut,12,sparse,16,0.103958,0.669881,1.73424,0.656904,2297235106968,mixed,0.0981519,312021
orkut,12,sparse,17,0.336288,0.723403,2.03644,1.36481,1491485607,mixed,0.254929,1251843
orkut,12,sparse,18,0.152145,0.771876,2.003,0.329232,11535471201,mixed,0.147906,364338
orkut,12,sparse,19,0.0540445,0.699028,2.1095,0.473841,52747627736,mixed,0.0504766,264071
orkut,12,sparse,20,1.27564,0.757221,4.10888,10.4177,338921322,mixed,0.432614,4312699
orkut,12,sparse,21,0.357816,0.751695,2.34857,0.920316,225380367,mixed,0.215982,1139833
orkut,12,sparse,22,0.406204,0.725765,2.6719,2.74987,2737546136,mixed,0.0837794,374483
orkut,12,sparse,23,7.798,0.769949,3.28708,56.3362,21682492424,mixed,0.760072,27838321
orkut,12,sparse,24,0.884511,0.709255,2.53486,1.81936,158798314648,mixed,0.278172,814374
orkut,12,sparse,25,0.393305,0.731117,2.42428,0.69039,186342788823,mixed,0.180938,657928
orkut,12,sparse,26,0.210043,0.809132,2.6659,0.370221,2539858908,mixed,0.202321,324917
orkut,12,sparse,27,0.218639,0.729529,1.8533,0.451878,28520821822,mixed,0.204204,177965
orkut,12,sparse,28,0.690163,0.766936,2.81436,1.75442,74066038,mixed,0.407116,1323771
orkut,12,sparse,29,0.574634,0.758052,2.39228,3.38867,16367852745,mixed,0.187964,1589620
orkut,12,sparse,30,0.725162,0.748309,2.53691,5.02062,17570375658987,mixed,0.432266,937014
orkut,12,sparse,31,0.754109,0.734818,2.4823,1.08767,10043473536,mixed,0.204519,754681
orkut,12,sparse,32,1.31284,0.718401,2.73258,24.386,29968034469,mixed,1.02955,2862278
orkut,12,sparse,33,0.570601,0.766698,2.53526,2.81005,30516398085,mixed,0.513469,950660
orkut,12,sparse,34,0.811621,0.720932,3.68669,2.9554,108330122998,mixed,0.114886,513059
orkut,12,sparse,35,0.270734,0.774253,2.37864,0.827144,289650940,mixed,0.210139,705946
orkut,12,sparse,36,0.24781,0.719952,3.2052,0.462058,9013777879,mixed,0.0265517,291665
orkut,12,sparse,37,1.34377,0.781421,2.92039,5.26985,32542690323,mixed,0.302717,2048358
orkut,12,sparse,38,0.36262,0.809988,2.31267,2.83599,2818476700,mixed,0.211306,1941815
orkut,12,sparse,39,0.38962,0.765207,2.68924,2.27601,449040928334,mixed,0.20918,732694
orkut,12,sparse,40,0.532391,0.791844,2.86008,0.761992,4541399447,mixed,0.0599188,678514
orkut,12,sparse,41,0.447171,0.720721,2.28282,0.453041,214006662219,mixed,0.0690132,254247
orkut,12,sparse,42,2.27676,0.736369,3.08203,14.0259,15151049902,mixed,0.353047,4704632
orkut,12,sparse,43,0.450507,0.740984,3.30325,2.24844,59252693049,mixed,0.106618,675310
orkut,12,sparse,44,0.0498428,0.712917,1.65838,0.568425,8249299891,mixed,0.0413817,322123
orkut,12,sparse,45,0.584373,0.742491,3.93796,4.68981,2129603706,mixed,0.530116,1051614
orkut,12,sparse,46,3.19098,0.716818,3.13965,62.1604,9209261458,mixed,1.76252,12905997
orkut,12,sparse,47,3.62402,0.740329,3.36361,115.583,827802197,mixed,0.107084,1725851
orkut,12,sparse,48,0.690682,0.736941,2.71445,0.805348,1239219687722,mixed,0.203542,620415
orkut,12,sparse,49,0.461421,0.691564,2.64511,0.88878,542789406666,mixed,0.20768,433846
orkut,12,sparse,50,0.224468,0.733111,2.48141,0.415286,73927910,mixed,0.204962,150998
orkut,12,sparse,51,0.507324,0.75905,3.08735,0.819131,225980944745,mixed,0.187126,825135
orkut,12,sparse,52,0.97464,0.692708,3.154,7.13416,289442532503,mixed,0.840561,2100822
orkut,12,sparse,53,0.481454,0.743045,3.20403,3.34899,2451457103,mixed,0.18117,727491
orkut,12,sparse,54,0.779026,0.810433,3.52529,3.27475,56310785,mixed,0.163412,769061
orkut,12,sparse,55,6.28762,0.774199,4.59793,29.0832,68078889371,mixed,0.554379,8144898
orkut,12,sparse,56,1.48873,0.725724,2.41884,16.3326,32482323683,mixed,0.893044,8492491
orkut,12,sparse,57,0.21761,0.695232,2.40852,0.371726,54528642390,mixed,0.205094,268703
orkut,12,sparse,58,0.323645,0.713993,1.80431,0.383561,114813414528,mixed,0.0737972,258835
orkut,12,sparse,59,0.335639,0.751463,2.03068,0.561708,413920281,mixed,0.102361,516931
orkut,12,sparse,60,0.116657,0.747913,2.64299,1.05734,83449467243,mixed,0.101049,867235
orkut,12,sparse,61,0.70198,0.730129,3.32021,1.21753,1325981362,mixed,0.20477,975520
orkut,12,sparse,62,0.585111,0.813171,3.4229,3.27083,124543497,mixed,0.113677,1275052
orkut,12,sparse,63,2.3575,0.777749,3.81731,53.8485,2618402804,mixed,1.39386,19361691
orkut,12,sparse,64,11.6004,0.734176,3.60911,41.7237,35720430461,mixed,0.454938,18245714
orkut,12,sparse,65,0.22624,0.775046,2.50184,1.77734,80151297891,mixed,0.214672,386589
orkut,12,sparse,66,0.207855,0.756604,2.21136,0.120297,42633001563,mixed,0.0387062,155500
orkut,12,sparse,67,0.22174,0.741416,3.26883,0.450646,109855883823,mixed,0.204078,331831
orkut,12,sparse,68,0.43581,0.71544,3.05711,2.35825,30995830371,mixed,0.284992,2149297
orkut,12,sparse,69,0.687999,0.777375,1.90883,5.24306,252885380,mixed,0.641632,1916185
orkut,12,sparse,70,0.342994,0.730012,2.53133,2.64164,249740166980,mixed,0.208776,796857
orkut,12,sparse,71,0.877915,0.760193,2.83989,4.53301,384088826085,mixed,0.335993,1226125
orkut,12,sparse,72,0.0529635,0.723154,1.78234,0.441316,5622743110840,mixed,0.0496313,301728
orkut,12,sparse,73,0.869124,0.763032,5.6433,8.80914,312859200,mixed,0.660353,3122145
orkut,12,sparse,74,0.232331,0.79765,3.09656,0.475273,23999906,mixed,0.0510277,351413
orkut,12,sparse,75,5.8017,0.858418,5.93024,8.82196,31851839,mixed,0.210171,6356209
orkut,12,sparse,76,0.665045,0.724685,3.08007,1.61486,265361807109,mixed,0.411943,775346
orkut,12,sparse,77,0.457939,0.727261,2.24459,0.553302,57031912849,mixed,0.176896,523854
orkut,12,sparse,78,0.451835,0.71532,2.89967,0.849441,147382817577,mixed,0.274191,756208
orkut,12,sparse,79,1.04232,0.743763,2.55828,1.09401,89709660181,mixed,0.205754,716012
orkut,12,sparse,80,0.723756,0.802059,2.53018,0.6437,27739772307,mixed,0.0404948,491273
orkut,12,sparse,81,0.530265,0.831334,3.70125,0.617101,1039492595,mixed,0.0668687,602426
orkut,12,sparse,82,1.37276,0.75283,2.34142,4.66261,15956832802,mixed,0.27517,1924248
orkut,12,sparse,83,2.16565,0.74965,3.89378,29.3644,74959010244,mixed,1.23029,6650547
orkut,12,sparse,84,1.02111,0.769575,3.70963,15.085,123160480,mixed,0.454528,1005024
orkut,12,sparse,85,2.78796,0.753751,2.48593,6.62444,953354126614,mixed,0.35296,2431864
orkut,12,sparse,86,0.928624,0.827065,3.19935,4.90127,311309713,mixed,0.415234,2727494
orkut,12,sparse,87,0.852043,0.73903,3.68959,8.18236,35469601875,mixed,0.466294,3799940
orkut,12,sparse,88,0.800632,0.762326,2.93089,4.76938,1146656523,mixed,0.353134,2081563
orkut,12,sparse,89,0.900435,0.735617,3.65781,0.932756,1939357227,mixed,0.13803,514453
orkut,12,sparse,90,0.810602,0.77736,2.74993,8.42885,1025439449,mixed,0.371989,3761410
orkut,12,sparse,91,5.87393,0.704007,3.28079,57.6862,833441580,mixed,3.26382,78900755
orkut,12,sparse,92,0.226882,0.747442,2.66492,0.691186,2551596863,mixed,0.207184,540665
orkut,12,sparse,93,0.644678,0.820711,3.45275,1.3485,7785307,mixed,0.210231,1376784
orkut,12,sparse,94,0.577636,0.794636,2.39411,3.84612,36701225,mixed,0.431154,1309634
orkut,12,sparse,95,0.207458,0.806172,2.81957,0.405871,138131120,mixed,0.196485,335066
orkut,12,sparse,96,1.21339,0.775011,2.85457,2.75536,269188155079,mixed,0.420991,1172411
orkut,12,sparse,97,0.12593,0.809114,2.33924,0.253477,24377627696,mixed,0.119738,228550
orkut,12,sparse,98,0.122374,0.750157,2.34802,0.259942,28083918933,mixed,0.11609,260971
orkut,12,sparse,99,0.862612,0.743329,3.50503,1.76745,1993512224,mixed,0.218907,1505217
orkut,12,sparse,100,1.39808,0.809065,2.56021,9.97622,3810372361,mixed,0.796772,4932597
