dataset,query_size,query_mode,query_index,elapsed_execution_time,filter_time,plan_time,enumerate_time,n_embeddings,order,max_task_time,n_intersections
friendster,8,dense,1,0.315821,0.995652,0.324985,1.95146,1594165.0,mixed,0.178873,493748
friendster,8,dense,2,0.491221,0.959092,0.466651,7.16159,286105.0,mixed,0.0746448,1744426
friendster,8,dense,3,0.478931,1.00933,0.528032,8.08805,32461.0,mixed,0.0790728,1389182
friendster,8,dense,4,0.223705,0.948923,0.458794,0.895724,1749560.0,mixed,0.201494,343076
friendster,8,dense,5,0.321112,0.963546,0.490883,2.29803,462068.0,mixed,0.201809,589782
friendster,8,dense,6,0.414967,1.01062,0.397336,4.77178,1365246.0,mixed,0.203355,900565
friendster,8,dense,7,0.375049,0.982178,0.606014,2.64853,171972.0,mixed,0.128462,602331
friendster,8,dense,8,7.9532,1.00767,0.722905,82.122,5694.0,mixed,0.4444,18170954
friendster,8,dense,9,0.212027,0.997957,0.349596,0.88443,1207804.0,mixed,0.186414,368164
friendster,8,dense,10,0.467599,0.978752,0.449208,5.19176,370374.0,mixed,0.137783,909599
friendster,8,dense,11,0.297201,0.978276,0.429924,1.62857,273913.0,mixed,0.201262,642362
friendster,8,dense,12,0.204807,0.888101,0.319682,1.07369,3430026.0,mixed,0.181395,411995
friendster,8,dense,13,0.177912,1.0263,0.42077,0.836942,368405.0,mixed,0.154661,290305
friendster,8,dense,14,0.362287,0.997602,0.495718,3.53314,49677.0,mixed,0.180982,633820
friendster,8,dense,15,0.209715,0.912296,0.342608,0.884358,971412.0,mixed,0.188943,367230
friendster,8,dense,16,0.201215,0.957345,0.335752,1.01353,1659526.0,mixed,0.178167,393242
friendster,8,dense,17,0.367078,0.950422,0.528826,1.59435,108009.0,mixed,0.20127,275108
friendster,8,dense,18,0.902728,0.955712,0.371563,3.10068,28082863.0,mixed,0.210102,1246542
friendster,8,dense,19,0.955609,1.1591,0.489797,4.02368,15638.0,mixed,0.192339,1206583
friendster,8,dense,20,0.340634,0.984539,0.429384,2.43061,247940.0,mixed,0.131705,510800
friendster,8,dense,21,0.446577,0.970741,0.537247,2.6019,285552.0,mixed,0.196564,876966
friendster,8,dense,22,0.359784,0.983062,0.4801,2.71466,91967.0,mixed,0.141821,860015
friendster,8,dense,23,0.172265,1.00019,0.383931,0.773115,228502.0,mixed,0.152993,260874
friendster,8,dense,24,0.151296,1.035,0.44155,0.753498,139149.0,mixed,0.128266,256708
friendster,8,dense,25,0.292027,1.03131,0.571298,2.0209,300793.0,mixed,0.117271,429939
friendster,8,dense,26,0.358518,0.934819,0.41462,2.44524,282658.0,mixed,0.102866,522555
friendster,8,dense,27,0.330146,1.03835,0.369793,1.99753,103681.0,mixed,0.113077,392280
friendster,8,dense,28,0.213688,1.02477,0.3961,0.939916,1023576.0,mixed,0.191532,392471
friendster,8,dense,29,1.30935,0.969348,0.626321,11.2547,49159.0,mixed,0.208045,3689100
friendster,8,dense,30,1.18923,0.965962,0.416597,7.88474,259296.0,mixed,0.201083,1905325
friendster,8,dense,31,0.416535,1.00473,0.427761,3.05333,1027133.0,mixed,0.200446,699231
friendster,8,dense,32,0.318231,0.941684,0.416523,1.90818,275009.0,mixed,0.111279,476249
friendster,8,dense,33,0.383729,0.966133,0.579112,3.30592,416496.0,mixed,0.12648,605551
friendster,8,dense,34,0.299999,1.05063,0.587135,2.35147,21142.0,mixed,0.200784,484982
friendster,8,dense,35,0.411954,1.05055,0.495073,2.33214,147533.0,mixed,0.158528,640789
friendster,8,dense,36,0.333699,1.02193,0.552372,2.66998,202011.0,mixed,0.189285,543149
friendster,8,dense,37,0.198553,0.9956,0.491937,0.944672,870623.0,mixed,0.175463,329623
friendster,8,dense,38,0.289656,1.03667,0.539939,0.989191,30002.0,mixed,0.148361,367664
friendster,8,dense,39,0.614328,1.0051,0.365304,1.85268,11951630.0,mixed,0.218232,719963
friendster,8,dense,40,0.373072,0.977376,0.453081,4.21243,185275.0,mixed,0.034041,656952
friendster,8,dense,41,0.175461,0.972023,0.437999,0.861416,461608.0,mixed,0.151646,291618
friendster,8,dense,42,0.373044,0.977158,0.426772,2.21792,1230616.0,mixed,0.200632,627481
friendster,8,dense,43,0.381248,0.982547,0.525641,2.19123,243646.0,mixed,0.127554,588475
friendster,8,dense,44,0.159838,1.07685,0.43751,0.729021,84836.0,mixed,0.139993,258629
friendster,8,dense,45,0.214589,0.998941,0.378073,0.934049,1196527.0,mixed,0.192044,424022
friendster,8,dense,46,0.301846,0.966971,0.534889,1.63336,1300737.0,mixed,0.181863,380686
friendster,8,dense,47,0.383524,0.958755,0.440553,3.56328,403398.0,mixed,0.107466,717588
friendster,8,dense,48,0.184054,0.97948,0.410969,0.921525,290120.0,mixed,0.160264,343507
friendster,8,dense,49,0.215476,1.06873,0.336301,0.969022,2287132.0,mixed,0.191849,389388
friendster,8,dense,50,0.302207,1.05215,0.500177,1.60031,106245.0,mixed,0.200898,283861
friendster,8,dense,51,0.199424,0.983157,0.442026,0.948818,1752169.0,mixed,0.176314,334983
friendster,8,dense,52,0.171224,1.03618,0.529372,0.798504,185575.0,mixed,0.153713,272501
friendster,8,dense,53,0.201798,0.93632,0.450818,0.922666,1151603.0,mixed,0.180362,359275
friendster,8,dense,54,0.417736,1.03049,0.568888,5.16717,26606.0,mixed,0.202867,1432530
friendster,8,dense,55,0.196944,1.03639,0.447846,0.932032,331782.0,mixed,0.174462,306202
friendster,8,dense,56,0.464852,1.00233,0.599425,1.62812,152054.0,mixed,0.171116,557739
friendster,8,dense,57,0.178425,1.04351,0.430658,0.87472,351401.0,mixed,0.154921,291804
friendster,8,dense,58,1.11318,1.02264,0.64023,5.40857,82161.0,mixed,0.200628,1838007
friendster,8,dense,59,0.326299,1.0958,0.586233,2.22629,49526.0,mixed,0.112751,472737
friendster,8,dense,60,0.194142,1.01931,0.453965,0.788108,290072.0,mixed,0.172777,274356
friendster,8,dense,61,0.287925,1.03139,0.460638,0.861088,8652.0,mixed,0.186433,300665
friendster,8,dense,62,0.180853,1.0484,0.567126,0.753921,38856.0,mixed,0.164347,235772
friendster,8,dense,63,0.194466,1.00078,0.43518,0.836189,307528.0,mixed,0.16941,300230
friendster,8,dense,64,1.22404,1.12218,0.760896,11.2135,8902.0,mixed,0.216193,4382073
friendster,8,dense,65,0.17041,1.0409,0.498802,0.743363,78781.0,mixed,0.149708,262230
friendster,8,dense,66,0.347586,0.913784,0.543231,3.85601,374813.0,mixed,0.201825,791012
friendster,8,dense,67,1.23993,1.01642,0.756707,10.9392,37292.0,mixed,0.20055,3812783
friendster,8,dense,68,0.214302,0.970713,0.38974,0.924916,743362.0,mixed,0.193002,355968
friendster,8,dense,69,0.211263,0.948853,0.413208,0.863892,959877.0,mixed,0.186042,333510
friendster,8,dense,70,0.241429,1.06098,0.461715,0.79775,92345.0,mixed,0.152539,248655
friendster,8,dense,71,0.19923,0.949235,0.42601,0.79744,345032.0,mixed,0.177079,288596
friendster,8,dense,72,0.315816,1.0444,0.52456,1.59992,714325.0,mixed,0.201316,345881
friendster,8,dense,73,0.993876,1.02625,0.53216,5.06741,270675.0,mixed,0.201251,1570801
friendster,8,dense,74,0.333054,1.05929,0.452068,2.99541,69500.0,mixed,0.201449,601259
friendster,8,dense,75,0.3651,0.973711,0.478885,1.55899,415280.0,mixed,0.138488,342611
friendster,8,dense,76,0.211749,1.09614,0.521065,1.01985,673049.0,mixed,0.189194,356388
friendster,8,dense,77,0.182588,0.974417,0.431353,0.82695,349246.0,mixed,0.161647,302713
friendster,8,dense,78,0.199777,0.971153,0.386845,0.856873,741278.0,mixed,0.17793,293623
friendster,8,dense,79,0.163065,1.0258,0.364502,0.793085,86893.0,mixed,0.141741,270675
friendster,8,dense,80,0.173368,0.939845,0.458435,0.887137,278432.0,mixed,0.151195,289522
friendster,8,dense,81,0.642709,1.00847,0.498163,9.79331,220490.0,mixed,0.132392,2431567
friendster,8,dense,82,0.197359,0.949071,0.503629,0.883187,413180.0,mixed,0.178836,316727
friendster,8,dense,83,0.175196,1.04532,0.452377,0.835685,504928.0,mixed,0.154369,308733
friendster,8,dense,84,0.250506,0.918041,0.292611,1.04235,3086807.0,mixed,0.209356,442370
friendster,8,dense,85,0.389597,1.00361,0.413261,4.53096,71443.0,mixed,0.200915,750207
friendster,8,dense,86,0.216417,0.940228,0.402378,0.980659,1114967.0,mixed,0.189585,358056
friendster,8,dense,87,0.344082,0.954465,0.45924,2.82206,379846.0,mixed,0.171124,579823
friendster,8,dense,88,0.329956,1.04479,0.484711,2.55763,254939.0,mixed,0.178147,537458
friendster,8,dense,89,0.156411,1.03862,0.45742,0.82924,309939.0,mixed,0.137586,285532
friendster,8,dense,90,0.419347,1.01702,0.477762,4.90922,358344.0,mixed,0.201909,878595
friendster,8,dense,91,1.44192,1.03591,0.49263,13.5231,9806.0,mixed,0.183257,4013588
friendster,8,dense,92,0.209637,1.0072,0.40082,0.924402,1071882.0,mixed,0.187357,358780
friendster,8,dense,93,0.400619,1.10822,0.481978,4.24343,325753.0,mixed,0.201473,736172
friendster,8,dense,94,0.383609,1.00809,0.378252,4.2673,289111.0,mixed,0.200665,756745
friendster,8,dense,95,0.39601,0.969675,0.414862,3.8986,219036.0,mixed,0.200691,689912
friendster,8,dense,96,0.157732,0.978088,0.537173,0.751487,59949.0,mixed,0.140125,265509
friendster,8,dense,97,0.183677,1.02865,0.489764,0.823976,19775.0,mixed,0.164144,285446
friendster,8,dense,98,0.153448,1.03195,0.423751,0.727938,121073.0,mixed,0.132075,255175
friendster,8,dense,99,0.391,1.02616,0.458124,1.50296,131968.0,mixed,0.191226,320030
friendster,8,dense,100,0.241521,0.887668,0.437876,1.00229,2211249.0,mixed,0.203043,368421
friendster,8,sparse,1,80.9704,0.907067,0.3622,2540.68,8305487305.0,mixed,2.4256,700263371
friendster,8,sparse,2,65.6584,0.870842,0.531304,2060.65,6297510782.0,mixed,4.138,627741483
friendster,8,sparse,3,77.3861,0.852626,0.41326,2429.1,7232393137.0,mixed,2.05619,805645989
friendster,8,sparse,4,9.92573,1.00175,0.790886,121.088,10758.0,mixed,0.54437,36941623
friendster,8,sparse,5,53.3462,0.833355,0.488688,1655.01,4895401545.0,mixed,1.19654,489540646
friendster,8,sparse,6,56.5551,0.788863,0.464209,1749.55,5920402403.0,mixed,1.70194,332328095
friendster,8,sparse,7,97.0178,0.940518,0.36561,3079.04,9894027731.0,mixed,1.98038,481070923
friendster,8,sparse,8,0.298287,0.986084,0.628558,0.790937,172298.0,mixed,0.129945,325174
friendster,8,sparse,9,193.344,0.890605,0.228851,6161.58,20091400655.0,mixed,4.65209,794602947
friendster,8,sparse,10,95.6928,0.836659,0.337493,3027.83,9679643562.0,mixed,2.40638,464470049
friendster,8,sparse,11,38.7549,0.801272,0.50087,1210.97,3567336283.0,mixed,0.864113,344010571
friendster,8,sparse,12,1.00195,1.03575,0.611331,17.4554,29443.0,mixed,0.193898,4439446
friendster,8,sparse,13,252.407,0.822844,0.297302,8044.44,28176847450.0,mixed,8.55718,1110941185
friendster,8,sparse,14,0.409441,0.986642,0.595158,2.09308,158121.0,mixed,0.201592,684756
friendster,8,sparse,15,32.0193,0.856625,0.550641,962.713,2761583193.0,mixed,0.636097,196150098
friendster,8,sparse,16,35.7714,0.828731,0.58621,1098.97,3047156636.0,mixed,2.60678,197408725
friendster,8,sparse,17,25.2649,0.876565,0.634996,775.519,2295417796.0,mixed,1.62139,242680398
friendster,8,sparse,18,156.711,0.861304,0.365534,4932.23,14590264428.0,mixed,3.00562,1434038129
friendster,8,sparse,19,40.5795,0.823656,0.506197,1264.6,3931724398.0,mixed,2.77216,256444929
friendster,8,sparse,20,47.756,0.844129,0.488748,1480.91,4578759693.0,mixed,1.28433,445869428
friendster,8,sparse,21,42.7068,0.823341,0.579551,1343.06,3650217124.0,mixed,0.890135,371641114
friendster,8,sparse,22,0.265502,1.00998,0.680085,1.56101,189634.0,mixed,0.206839,883351
friendster,8,sparse,23,184.487,0.872838,0.344032,5834.34,19115475317.0,mixed,21.2295,740789940
friendster,8,sparse,24,71.8876,0.816012,0.377658,2260.4,7023190137.0,mixed,2.28215,664210452
friendster,8,sparse,25,0.36843,0.929499,0.640459,3.60592,79400.0,mixed,0.170446,657580
friendster,8,sparse,26,98.8415,0.863714,0.40156,3107.44,9634744509.0,mixed,6.41975,466911847
friendster,8,sparse,27,77.8919,0.861772,0.353456,2435.35,7817666476.0,mixed,2.05052,783463934
friendster,8,sparse,28,105.124,0.817375,0.374583,3317.37,9617468563.0,mixed,2.39275,434475468
friendster,8,sparse,29,50.537,0.840879,0.491933,1577.36,5035403215.0,mixed,3.36919,482972272
friendster,8,sparse,30,57.2675,0.829842,0.534602,1770.4,5402895859.0,mixed,3.45338,563303374
friendster,8,sparse,31,93.4645,0.785899,0.371726,2933.13,9017203579.0,mixed,3.60607,837376712
friendster,8,sparse,32,35.8254,0.837275,0.599616,1090.21,3290066466.0,mixed,1.03143,332775727
friendster,8,sparse,33,125.19,0.864433,0.358017,3956.01,11498330873.0,mixed,4.51586,1158716322
friendster,8,sparse,34,347.833,0.897234,0.305549,11071.9,38012840306.0,mixed,5.63659,1343249274
friendster,8,sparse,35,0.751152,0.985703,0.648128,16.0649,272995.0,mixed,0.114272,4395726
friendster,8,sparse,36,203.925,0.82841,0.22911,6477.06,22324303230.0,mixed,5.15425,901106408
friendster,8,sparse,37,86.164,0.840095,0.36904,2658.16,7867418929.0,mixed,2.46485,767149061
friendster,8,sparse,38,37.7829,0.827106,0.588817,1154.97,3350828901.0,mixed,1.31175,358960396
friendster,8,sparse,39,93.0622,0.879835,0.466561,2937.13,8532680630.0,mixed,1.84435,879166674
friendster,8,sparse,40,125.466,0.849673,0.349408,3972.64,13175656239.0,mixed,4.09268,725894223
friendster,8,sparse,41,0.394894,0.983262,0.569788,1.79006,124111.0,mixed,0.172751,581738
friendster,8,sparse,42,33.4222,0.797915,0.578769,1034.19,3063615122.0,mixed,2.38599,322983538
friendster,8,sparse,43,0.490389,1.00864,0.619903,6.11728,61209.0,mixed,0.201353,1506220
friendster,8,sparse,44,55.0456,0.888492,0.471181,1712.82,5465557104.0,mixed,1.89074,569305703
friendster,8,sparse,45,47.4876,0.875073,0.522533,1474.59,4442951602.0,mixed,3.80087,325431238
friendster,8,sparse,46,0.327249,1.03324,0.621134,2.88637,61428.0,mixed,0.200852,624356
friendster,8,sparse,47,30.3168,0.854362,0.6057,950.335,2513276371.0,mixed,2.29631,251993159
friendster,8,sparse,48,51.1814,0.808096,0.478112,1605.51,4835655228.0,mixed,2.57538,493610354
friendster,8,sparse,49,312.732,0.895439,0.288535,9947.35,34491705158.0,mixed,6.48511,1330226352
friendster,8,sparse,50,140.276,0.908159,0.345646,4440.03,12625212231.0,mixed,3.72323,1308420293
friendster,8,sparse,51,97.3406,0.875998,0.427825,3061.04,9516097247.0,mixed,1.91526,931516337
friendster,8,sparse,52,41.6277,0.908122,0.53177,1308.96,4269618675.0,mixed,1.56912,244179017
friendster,8,sparse,53,51.7094,0.848744,0.4456,1621.42,5274609610.0,mixed,1.16583,326640408
friendster,8,sparse,54,371.334,0.938775,0.241848,11857.3,42089707105.0,mixed,6.69893,1737520282
friendster,8,sparse,55,73.1771,0.890138,0.430009,2298.11,7461837490.0,mixed,2.1439,464257506
friendster,8,sparse,56,2.31108,0.891862,0.735793,58.8097,106854899.0,mixed,0.27621,13739705
friendster,8,sparse,57,34.257,0.891771,0.620043,1038.84,2853984172.0,mixed,3.1946,299326196
friendster,8,sparse,58,46.1736,0.855426,0.538239,1425.0,4691884784.0,mixed,5.42124,301795646
friendster,8,sparse,59,3.6391,0.945226,0.560851,98.4533,345003105.0,mixed,0.239469,23128645
friendster,8,sparse,60,24.2997,0.911368,0.767889,732.165,1279495258.0,mixed,2.23259,152071441
friendster,8,sparse,61,140.085,0.835008,0.339806,4430.83,13573107915.0,mixed,3.86411,1388819671
friendster,8,sparse,62,32.3723,0.859348,0.688814,997.585,2729754499.0,mixed,3.63904,293545916
friendster,8,sparse,63,3.00448,1.0456,0.660991,16.8636,4106.0,mixed,0.200487,6048124
friendster,8,sparse,64,0.872316,1.10417,0.605422,3.96811,84508.0,mixed,0.201786,1422176
friendster,8,sparse,66,77.648,0.916887,0.382895,2452.75,8226417643.0,mixed,1.43727,397838675
friendster,8,sparse,67,165.071,0.89904,0.323846,5237.25,15740878868.0,mixed,5.18956,1463346166
friendster,8,sparse,68,30.9005,0.871056,0.488519,958.722,3088668564.0,mixed,2.48937,183013078
friendster,8,sparse,69,143.471,0.911637,0.392026,4513.97,13344378963.0,mixed,5.42906,1329576910
friendster,8,sparse,70,26.5449,0.84965,0.637501,823.615,2385104873.0,mixed,1.82205,241476646
friendster,8,sparse,71,93.626,0.843902,0.353048,2963.37,10175634633.0,mixed,2.36991,513903610
friendster,8,sparse,72,1.86278,0.869808,0.665095,39.6604,116988793.0,mixed,0.263098,14357361
friendster,8,sparse,73,54.1605,0.831471,0.498711,1665.75,4543529644.0,mixed,2.76271,455805414
friendster,8,sparse,74,55.6955,0.866356,0.498511,1741.09,5152885987.0,mixed,2.56142,501556108
friendster,8,sparse,75,38.392,0.831847,0.515811,1184.61,3705321004.0,mixed,0.830944,353567450
friendster,8,sparse,76,274.285,0.861599,0.338846,8674.59,26917502049.0,mixed,5.57572,2795355690
friendster,8,sparse,77,59.4981,0.950811,0.520556,1854.09,5582987401.0,mixed,4.98177,598086203
friendster,8,sparse,78,118.128,0.875926,0.369181,3715.16,10934202388.0,mixed,3.6231,1035322105
friendster,8,sparse,79,55.6842,0.824151,0.435658,1727.16,5839504920.0,mixed,3.48681,320581457
friendster,8,sparse,80,432.268,0.951554,0.289987,13797.9,47373798340.0,mixed,8.82714,1606227883
friendster,8,sparse,81,19.1929,0.897253,0.681461,592.411,1901870853.0,mixed,0.631834,133123015
friendster,8,sparse,82,93.8583,0.833146,0.382643,2952.23,9104751287.0,mixed,1.9557,891290852
friendster,8,sparse,83,59.953,0.943725,0.476127,1863.46,5351567460.0,mixed,2.01606,302563407
friendster,8,sparse,84,0.332741,1.02191,0.624851,2.58737,120916.0,mixed,0.112816,520535
friendster,8,sparse,85,1.41569,0.957135,0.610842,11.0483,23636.0,mixed,0.201254,3675907
friendster,8,sparse,86,44.3502,0.915721,0.531642,1389.43,4189923659.0,mixed,3.64181,311785574
friendster,8,sparse,87,87.0212,0.800333,0.427455,2744.65,9040534307.0,mixed,4.41765,445036917
friendster,8,sparse,88,61.0908,0.869366,0.505619,1911.55,5587252534.0,mixed,1.29137,562112771
friendster,8,sparse,89,1.32636,0.962552,0.801948,10.0111,32358.0,mixed,0.203768,3851700
friendster,8,sparse,90,34.0291,0.915925,0.603181,1052.09,3079531251.0,mixed,3.12233,313309918
friendster,8,sparse,92,29.8519,0.883948,0.670423,910.942,2579431110.0,mixed,3.97705,278974673
friendster,8,sparse,93,34.9984,0.916335,0.481044,1087.63,3273856106.0,mixed,4.07449,221771093
friendster,8,sparse,94,33.5685,0.855105,0.457813,1060.38,3419998033.0,mixed,0.979162,175016438
friendster,8,sparse,95,109.192,0.929113,0.414595,3440.63,10165745945.0,mixed,1.80625,1038904001
friendster,8,sparse,96,41.9769,0.841614,0.466786,1312.16,4014895041.0,mixed,3.24725,412014099
friendster,8,sparse,97,181.144,0.840386,0.356037,5773.62,19630885352.0,mixed,3.77176,675425466
friendster,8,sparse,98,297.253,0.836598,0.347033,9482.73,26975529015.0,mixed,11.3081,2892179484
friendster,8,sparse,99,23.4379,0.878997,0.667361,702.603,1363293488.0,mixed,1.50069,121071473
friendster,8,sparse,100,162.542,0.834902,0.217933,5155.47,16997377720.0,mixed,8.30969,803377861
