dataset,query_size,query_mode,query_index,elapsed_execution_time,filter_time,plan_time,enumerate_time,n_embeddings,order,max_task_time,n_intersections
orkut,16,dense,1,0.747946,0.367783,3.25654,19.4394,7602870,mixed,0.158868,221023
orkut,16,dense,2,0.342077,0.367515,5.03471,1.29809,2968326,mixed,0.223178,1540239
orkut,16,dense,3,2.98764,0.30996,4.98221,71.9144,77100078326,mixed,0.086677,233814
orkut,16,dense,4,0.894964,0.342988,5.50584,1.43113,169942725060,mixed,0.215473,1342667
orkut,16,dense,5,0.255201,0.315509,6.84159,0.559972,27764909,mixed,0.213603,643488
orkut,16,dense,6,0.318266,0.343994,4.63057,1.06974,746802130,mixed,0.303983,737099
orkut,16,dense,7,0.120508,0.385144,3.66236,0.159795,1354086,mixed,0.116967,216635
orkut,16,dense,8,0.389651,0.309957,5.2494,0.751319,20708459378,mixed,0.278336,476050
orkut,16,dense,9,0.179145,0.376726,5.44636,0.257825,384906234,mixed,0.175989,341186
orkut,16,dense,10,0.617172,0.333139,3.90024,1.59738,12692883705,mixed,0.290087,1056944
orkut,16,dense,11,1.60176,0.329956,3.66594,26.2586,110883781280,mixed,0.115067,472659
orkut,16,dense,12,1.00132,0.372824,5.03934,2.69166,6917432328,mixed,0.0734282,383710
orkut,16,dense,13,0.312081,0.340705,4.5587,0.826523,1397502610405,mixed,0.207505,1023273
orkut,16,dense,14,0.398435,0.357889,4.91436,1.22786,138786763,mixed,0.0391968,320854
orkut,16,dense,15,0.270973,0.340019,5.28097,0.596304,136557401855,mixed,0.206716,710499
orkut,16,dense,16,0.601291,0.358317,5.95328,1.70239,3665905,mixed,0.217757,1473775
orkut,16,dense,17,1.06014,0.352014,5.16811,5.98194,33792309,mixed,0.217857,6339173
orkut,16,dense,18,1.36211,0.359826,5.59364,3.53269,143467995,mixed,0.525174,2167988
orkut,16,dense,19,0.256577,0.360228,6.94638,0.819188,1202332,mixed,0.17764,721007
orkut,16,dense,20,0.0864491,0.393424,5.90357,0.177439,299714,mixed,0.0840562,253669
orkut,16,dense,21,0.105353,0.299656,3.79901,0.397005,95665742,mixed,0.0965794,426590
orkut,16,dense,22,0.13651,0.328633,3.05787,0.232333,5411824086,mixed,0.126574,223986
orkut,16,dense,23,0.305082,0.360404,5.65603,1.08018,31852713,mixed,0.218229,1386779
orkut,16,dense,24,0.716734,0.338261,5.99805,1.96957,1234487712,mixed,0.220398,1501649
orkut,16,dense,25,0.23644,0.306559,3.97782,0.410496,15964698,mixed,0.218882,501454
orkut,16,dense,26,1.42716,0.379079,3.9071,21.0006,337822668,mixed,0.377603,1717528
orkut,16,dense,27,0.224354,0.410993,5.21706,0.129739,10216,mixed,0.0294391,159641
orkut,16,dense,28,0.34199,0.373333,5.71615,0.861792,62779549,mixed,0.221691,905789
orkut,16,dense,29,0.452948,0.367307,3.19788,1.53898,6708943,mixed,0.411369,1805645
orkut,16,dense,30,0.290193,0.318515,6.71163,0.413663,14456010,mixed,0.207571,617828
orkut,16,dense,31,0.172867,0.39645,6.7179,0.233698,434018,mixed,0.170049,328970
orkut,16,dense,32,0.120382,0.307626,5.29356,0.455008,83090044,mixed,0.110559,357126
orkut,16,dense,33,0.447253,0.375474,4.07396,1.26901,601606534,mixed,0.256512,700602
orkut,16,dense,34,0.36628,0.369529,7.1378,1.26038,57278534,mixed,0.258997,694684
orkut,16,dense,35,1.21594,0.317684,4.27002,3.03865,7080935,mixed,0.0264707,388688
orkut,16,dense,36,1.14041,0.360956,5.39512,3.76651,485290465,mixed,0.305441,854966
orkut,16,dense,37,0.128938,0.374701,4.90012,0.213052,832352,mixed,0.125866,323955
orkut,16,dense,38,0.136792,0.344267,2.96667,0.319834,4822065396,mixed,0.132064,296701
orkut,16,dense,39,0.45602,0.351168,3.98683,0.962707,155950122627,mixed,0.206801,930228
orkut,16,dense,40,0.185104,0.343573,4.05707,0.419993,311398540,mixed,0.182082,501540
orkut,16,dense,41,1.80617,0.381409,3.91355,27.3762,25808032,mixed,0.258256,549593
orkut,16,dense,42,0.36215,0.384225,4.14374,0.955781,5415906584,mixed,0.213353,551306
orkut,16,dense,43,0.34768,0.378813,5.29048,0.713249,288811,mixed,0.206745,829431
orkut,16,dense,44,0.329648,0.403142,3.49862,1.44156,35142250,mixed,0.0993714,588289
orkut,16,dense,45,1.99863,0.388202,3.99438,35.3206,8860679,mixed,0.0869749,478584
orkut,16,dense,46,0.162113,0.366884,4.37128,0.3527,852896630,mixed,0.15144,369933
orkut,16,dense,47,0.235245,0.362037,4.456,0.814643,356340190136,mixed,0.187795,449672
orkut,16,dense,48,1.2198,0.346248,3.42648,4.25594,2553530,mixed,1.03822,1319268
orkut,16,dense,49,0.23371,0.348392,4.38053,0.800885,3327057,mixed,0.135739,318306
orkut,16,dense,50,0.235121,0.396485,3.85068,0.587948,14732073,mixed,0.214284,463103
orkut,16,dense,51,0.907491,0.383711,4.44684,2.49733,593651626328,mixed,0.0112615,196732
orkut,16,dense,52,0.43882,0.377054,5.04805,2.43943,15037122,mixed,0.264103,595479
orkut,16,dense,53,1.37464,0.326253,4.26734,11.5541,112904317,mixed,0.220133,15652874
orkut,16,dense,54,0.301342,0.406304,4.55811,1.51526,13519204,mixed,0.225357,780904
orkut,16,dense,55,0.30118,0.37735,3.85508,1.0679,24817256,mixed,0.213078,763809
orkut,16,dense,56,1.59591,0.380092,4.8058,15.6212,91336654,mixed,0.276915,14283407
orkut,16,dense,57,1.05628,0.340963,4.1804,14.2379,32050942,mixed,0.157981,730695
orkut,16,dense,58,0.0840799,0.366069,4.22395,0.419964,54380716,mixed,0.0788055,334536
orkut,16,dense,59,0.216604,0.373012,6.15629,0.366709,1367171,mixed,0.208895,563564
orkut,16,dense,60,0.247545,0.296149,5.86903,0.52868,193429354,mixed,0.215627,500725
orkut,16,dense,61,1.17448,0.347271,5.33965,18.8941,174025677113,mixed,0.489903,839278
orkut,16,dense,62,1.60468,0.292916,5.62907,13.0081,6937261237,mixed,0.261309,9876137
orkut,16,dense,63,0.225388,0.325243,6.2348,0.494835,79789383632,mixed,0.206229,344253
orkut,16,dense,64,0.126057,0.361866,4.58408,0.41034,243674595,mixed,0.118657,223909
orkut,16,dense,65,0.370095,0.381656,4.5196,1.15385,2225588,mixed,0.140814,347624
orkut,16,dense,66,0.463542,0.302404,4.06683,1.39945,10601349670,mixed,0.31162,855017
orkut,16,dense,67,0.232735,0.333776,4.11797,0.352014,189004689841,mixed,0.210417,346941
orkut,16,dense,68,1.37314,0.360235,4.86252,19.6566,2439211818,mixed,0.123625,640496
orkut,16,dense,69,1.76946,0.333378,3.58622,5.1922,57704418,mixed,0.224783,6217238
orkut,16,dense,70,1.08574,0.298439,4.33843,13.5415,243840966,mixed,0.100827,376488
orkut,16,dense,71,0.414038,0.352683,3.95419,0.586449,585336695,mixed,0.218808,747310
orkut,16,dense,72,0.641791,0.368928,7.02382,1.42242,118951155,mixed,0.262597,1315144
orkut,16,dense,73,1.84354,0.327318,4.42826,13.8204,7997074,mixed,0.234291,7998604
orkut,16,dense,74,1.51343,0.349034,4.19069,26.9942,218699561,mixed,0.259798,667389
orkut,16,dense,75,0.218218,0.354853,3.66173,0.121384,347241836,mixed,0.0371349,151196
orkut,16,dense,76,0.242172,0.330835,4.55047,1.33773,1035136142,mixed,0.210182,529365
orkut,16,dense,77,0.102925,0.291504,3.58293,0.186494,115510647,mixed,0.0985921,194118
orkut,16,dense,78,1.56537,0.299009,4.75085,5.12173,19794301570,mixed,0.200636,876827
orkut,16,dense,79,0.442662,0.363623,6.82089,1.01487,122478786,mixed,0.212586,641551
orkut,16,dense,80,0.109639,0.365911,2.62002,0.178234,118077508,mixed,0.105546,235147
orkut,16,dense,81,0.971663,0.370139,5.98807,3.07679,14049127,mixed,0.225675,2842433
orkut,16,dense,82,0.598822,0.382081,5.66666,1.31991,651219,mixed,0.222611,1123390
orkut,16,dense,83,0.444638,0.329761,6.82729,2.11914,1436581,mixed,0.269882,1011703
orkut,16,dense,84,0.351387,0.335537,4.78938,1.13459,105251584,mixed,0.198502,387648
orkut,16,dense,85,0.160641,0.352338,3.97475,0.241475,19057520,mixed,0.157612,392742
orkut,16,dense,86,0.236383,0.390116,4.57546,0.701058,1305579892,mixed,0.0253458,201311
orkut,16,dense,87,0.438657,0.362285,5.11298,0.811095,17952464,mixed,0.228996,924005
orkut,16,dense,88,0.401566,0.395382,3.91711,2.10541,563943,mixed,0.306461,770721
orkut,16,dense,89,0.644281,0.384582,5.30447,2.16788,74146719,mixed,0.223442,1330804
orkut,16,dense,90,1.31486,0.318375,6.93,8.07385,20068542,mixed,0.393174,7032610
orkut,16,dense,91,1.87842,0.322624,5.61459,36.2113,305083100,mixed,0.475235,949158
orkut,16,dense,92,0.878656,0.381166,4.35532,8.54504,11304580974,mixed,0.267687,448540
orkut,16,dense,93,0.190835,0.403298,4.67646,0.268521,1747074,mixed,0.188285,514736
orkut,16,dense,94,0.156322,0.376975,4.77826,0.245756,1159071,mixed,0.148536,362663
orkut,16,dense,95,0.159871,0.345203,4.1799,0.28583,49574879,mixed,0.155569,319617
orkut,16,dense,96,1.25696,0.339382,3.40215,17.3102,3777086357171,mixed,0.182282,1043014
orkut,16,dense,97,0.250772,0.336992,3.60336,1.73504,326661189,mixed,0.211592,417160
orkut,16,dense,98,0.169744,0.371045,3.72534,0.571754,18410528,mixed,0.159377,642518
orkut,16,dense,99,1.71867,0.321301,3.78277,54.6022,18762449,mixed,0.419418,710241
orkut,16,dense,100,1.31276,0.368244,3.1163,18.342,228960,mixed,0.0939831,343800
orkut,16,sparse,1,0.417975,0.303309,6.23562,2.27025,217527644,mixed,0.249033,1798678
orkut,16,sparse,2,0.776999,0.327868,7.91008,1.67684,266405449444,mixed,0.220814,2011132
orkut,16,sparse,3,6.3449,0.271006,7.46025,61.6191,73955784939,mixed,0.766204,55278166
orkut,16,sparse,4,0.156372,0.342438,4.57743,0.28646,4099594861,mixed,0.148054,322882
orkut,16,sparse,5,1.67906,0.346267,2.84865,14.4217,3751947937,mixed,0.241943,11094372
orkut,16,sparse,6,0.710021,0.339932,4.57289,1.27839,1694574037,mixed,0.233306,672780
orkut,16,sparse,7,0.347863,0.347394,8.22792,1.91774,1767547023,mixed,0.300599,1213144
orkut,16,sparse,8,0.249965,0.222485,5.2331,1.52747,9524786038256,mixed,0.212128,253986
orkut,16,sparse,9,0.756249,0.305057,5.42311,1.84262,3858498926237,mixed,0.239487,1339634
orkut,16,sparse,10,0.696402,0.306568,5.13991,1.87375,157594527862,mixed,0.395497,1504062
orkut,16,sparse,11,0.368715,0.334164,5.22579,0.890012,9676386213,mixed,0.260467,873225
orkut,16,sparse,12,0.413476,0.314624,4.25808,1.23896,28307466,mixed,0.211989,782119
orkut,16,sparse,13,0.377384,0.356593,7.24018,1.15252,63954121439,mixed,0.295327,1064713
orkut,16,sparse,14,0.292708,0.331351,6.03778,0.59571,195377071265,mixed,0.223003,473292
orkut,16,sparse,15,0.881702,0.366419,7.82669,1.43484,882165003643,mixed,0.408897,1499301
orkut,16,sparse,16,0.269695,0.308491,3.04672,0.831211,84229135996,mixed,0.222097,387754
orkut,16,sparse,17,1.04166,0.32973,6.65417,2.19704,86464009551,mixed,0.412208,830816
orkut,16,sparse,18,1.22781,0.267899,4.9247,4.16394,3126061751989,mixed,0.423803,3699502
orkut,16,sparse,19,1.99305,0.35004,4.12442,31.3202,70929759678,mixed,0.31234,1058007
orkut,16,sparse,20,0.940123,0.310764,5.3518,1.69732,3852067812,mixed,0.326739,1635716
orkut,16,sparse,21,6.63639,0.367816,4.07811,99.946,92386241,mixed,2.49396,8549278
orkut,16,sparse,22,0.374297,0.313074,4.17332,1.43049,143835981606,mixed,0.161981,463473
orkut,16,sparse,23,0.21904,0.35874,3.68799,0.335893,484462789,mixed,0.0670933,541025
orkut,16,sparse,24,0.334186,0.267675,5.53104,2.01894,1645948313834,mixed,0.248121,795815
orkut,16,sparse,25,8.77244,0.374211,3.28129,107.283,20281032020,mixed,2.01416,30831077
orkut,16,sparse,26,7.08431,0.323678,7.26487,141.461,1687597138,mixed,0.823342,87000659
orkut,16,sparse,27,1.05782,0.272921,6.33526,2.42419,14707785486614,mixed,0.233264,1368715
orkut,16,sparse,28,1.44208,0.273516,5.15219,18.7116,11238273459284,mixed,0.966569,761094
orkut,16,sparse,29,1.11367,0.32669,7.12221,3.89634,1849547155456,mixed,0.344265,2188217
orkut,16,sparse,30,2.04389,0.260047,4.64031,27.6404,16176055399,mixed,1.80032,1650186
orkut,16,sparse,31,0.29394,0.343133,6.09691,0.805434,11110949943,mixed,0.246965,902063
orkut,16,sparse,32,1.1375,0.320952,6.83486,3.93563,74923600131,mixed,0.237396,781784
orkut,16,sparse,33,7.16012,0.344,6.4902,51.0529,16072872911,mixed,0.615552,35978113
orkut,16,sparse,34,0.40089,0.367336,5.6023,1.25157,661550119,mixed,0.218711,1371388
orkut,16,sparse,35,0.380748,0.34797,6.85285,1.19362,1030560415,mixed,0.234211,1299927
orkut,16,sparse,36,0.464785,0.27141,5.01737,0.677359,64919548872143,mixed,0.35082,519897
orkut,16,sparse,37,0.423593,0.349749,4.19297,0.652646,843704354,mixed,0.21907,985139
orkut,16,sparse,38,1.45563,0.275276,5.42467,15.9359,2646716977474,mixed,0.437296,4045304
orkut,16,sparse,39,0.916718,0.385947,3.49485,3.20679,81511539401,mixed,0.460951,1395671
orkut,16,sparse,40,1.65126,0.291967,5.58619,19.9949,13336520788833,mixed,0.563316,3475291
orkut,16,sparse,41,29.4822,0.294882,3.51557,628.243,149026440874430,mixed,9.23566,232101622
orkut,16,sparse,42,0.320668,0.366787,5.44587,0.732994,306106016,mixed,0.203136,515209
orkut,16,sparse,43,3.76504,0.345336,7.18916,79.1622,33257427981,mixed,1.23514,6575061
orkut,16,sparse,44,2.96953,0.282371,6.14279,4.16326,13126727898,mixed,0.213802,3342930
orkut,16,sparse,45,0.829525,0.31912,6.30594,5.5288,1902872331508,mixed,0.421251,2869814
orkut,16,sparse,46,0.36206,0.343693,3.27041,2.2554,20855429220,mixed,0.242432,745237
orkut,16,sparse,47,18.8068,0.270539,9.34697,501.734,443757369436,mixed,10.8874,129518616
orkut,16,sparse,48,2.79109,0.25198,4.06217,53.6693,12392244568819,mixed,0.447681,1696444
orkut,16,sparse,49,1.53998,0.360888,4.45781,4.23506,2460630054,mixed,0.21687,4140122
orkut,16,sparse,50,0.382072,0.331944,6.52302,1.03392,345189429919,mixed,0.22737,816623
orkut,16,sparse,51,0.23218,0.322457,5.15123,0.657744,4069293590,mixed,0.214314,689414
orkut,16,sparse,52,0.675771,0.320932,6.11174,2.66048,3725492878,mixed,0.423175,1210356
orkut,16,sparse,53,0.82098,0.325438,5.8867,1.50485,10291902350,mixed,0.41331,1267613
orkut,16,sparse,54,1.65688,0.292408,4.49188,8.73812,11190776898,mixed,0.435308,3545227
orkut,16,sparse,55,1.40442,0.282991,4.60198,20.6337,155861322997,mixed,0.168321,533026
orkut,16,sparse,56,1.62441,0.324659,4.48846,13.6073,154619465713705,mixed,0.635573,4204975
orkut,16,sparse,57,2.20695,0.354922,6.21639,39.1171,1416886827636,mixed,0.539163,21014064
orkut,16,sparse,58,0.347274,0.374351,7.91858,0.738249,68573936571,mixed,0.211885,806923
orkut,16,sparse,59,2.18121,0.332182,4.54971,37.8515,2566248029,mixed,0.0409533,345948
orkut,16,sparse,60,6.69963,0.32722,6.0698,109.696,463600083088,mixed,2.47467,57262737
orkut,16,sparse,61,2.60123,0.287924,5.62879,42.4774,8092002911671,mixed,2.0787,7497615
orkut,16,sparse,62,0.545767,0.342164,5.55758,0.760301,2096707731,mixed,0.209549,1113284
orkut,16,sparse,63,0.485646,0.288756,5.96267,0.721393,34970596066,mixed,0.296028,1059620
orkut,16,sparse,64,0.239272,0.342864,4.71576,0.72693,74952478645,mixed,0.201434,560985
orkut,16,sparse,65,67.783,0.331134,4.87059,1180.21,160439434737,mixed,12.952,973325809
orkut,16,sparse,66,0.223162,0.381525,5.25037,0.366805,180409306,mixed,0.157164,462600
orkut,16,sparse,67,0.678548,0.301815,6.4537,1.63878,259564333257,mixed,0.27665,946619
orkut,16,sparse,68,0.219494,0.337553,4.25715,0.549656,104330332,mixed,0.202965,568390
orkut,16,sparse,69,1.56924,0.318895,5.07536,23.5437,8285678069381,mixed,0.418206,462364
orkut,16,sparse,70,6.12461,0.307696,5.08854,161.099,5592961941038,mixed,2.14497,42662469
orkut,16,sparse,71,1.45631,0.314796,7.07165,25.0662,1102425000,mixed,0.303185,792372
orkut,16,sparse,72,3.34003,0.28726,7.17473,61.5702,205631682892,mixed,2.10722,7753471
orkut,16,sparse,73,1.46066,0.264922,5.40648,5.12349,931780883243,mixed,1.15949,1117208
orkut,16,sparse,74,1.97091,0.318912,3.10877,38.0846,27756626209,mixed,1.87255,1763999
orkut,16,sparse,75,1.4788,0.330576,6.16271,3.50365,10120860217,mixed,0.72825,3862002
orkut,16,sparse,76,3.19265,0.307484,8.04679,49.3963,1068666984062,mixed,1.60738,7882359
orkut,16,sparse,77,0.238222,0.323723,6.36575,0.521229,60720932028,mixed,0.0817553,541198
orkut,16,sparse,78,0.301634,0.386671,4.6935,2.16289,2188970856,mixed,0.238661,995746
orkut,16,sparse,79,0.683382,0.312585,6.90043,1.03413,11213333066,mixed,0.301643,859752
orkut,16,sparse,80,2.08445,0.301999,5.04839,16.9849,3477165919652,mixed,0.481259,6450597
orkut,16,sparse,81,0.172128,0.335026,5.16881,0.399979,33857575736,mixed,0.162287,467750
orkut,16,sparse,82,0.512305,0.324744,5.48281,6.09617,1191177037,mixed,0.0711428,556109
orkut,16,sparse,83,4.07073,0.321937,4.405,73.4082,58670581306,mixed,3.03734,28874044
orkut,16,sparse,84,0.150597,0.3371,4.45764,0.759744,61451660,mixed,0.141051,591816
orkut,16,sparse,85,0.505198,0.324346,5.02943,1.16494,121286820181,mixed,0.29713,1001126
orkut,16,sparse,86,0.553145,0.341675,5.34356,1.73219,45985246874717,mixed,0.240262,671504
orkut,16,sparse,87,4.59769,0.355577,7.57223,21.4623,459663607,mixed,0.377951,12289684
orkut,16,sparse,88,0.228236,0.32316,3.45877,0.596011,584779833,mixed,0.204079,500002
orkut,16,sparse,89,0.889154,0.348375,6.92952,3.32291,952163484435,mixed,0.391172,2105639
orkut,16,sparse,90,0.464896,0.318703,4.44567,0.877178,44817346912,mixed,0.304207,725546
orkut,16,sparse,91,0.427255,0.36988,3.97468,0.912417,139938897,mixed,0.257138,1057040
orkut,16,sparse,92,0.934115,0.300689,5.01539,3.48869,29370303928833,mixed,0.446332,1674779
orkut,16,sparse,93,0.200543,0.368962,4.45484,0.974273,8965456558,mixed,0.17934,369368
orkut,16,sparse,94,0.343805,0.37841,5.59028,1.36364,63760154,mixed,0.217723,1040749
orkut,16,sparse,95,0.465867,0.247682,7.00739,2.29981,186961786487,mixed,0.246048,845088
orkut,16,sparse,96,0.248029,0.315247,4.5732,1.3173,14988898760,mixed,0.20661,245199
orkut,16,sparse,97,3.362,0.294901,4.62914,34.1193,27508835743,mixed,1.58062,23484406
orkut,16,sparse,98,0.485031,0.303134,6.82699,2.01814,1704148457,mixed,0.213814,1875689
orkut,16,sparse,99,1.11853,0.302561,5.16261,12.0846,2323984800720,mixed,0.0639112,293518
orkut,16,sparse,100,5.82259,0.301525,4.65651,144.456,9989098549038,mixed,2.65625,27267942
