dataset,query_size,query_mode,query_index,elapsed_execution_time,filter_time,plan_time,enumerate_time,n_embeddings,order,max_task_time,n_intersections
orkut,12,dense,1,1.08585,0.277396,2.63849,28.131,6164009,mixed,0.0546085,297130
orkut,12,dense,2,0.160338,0.275334,2.68372,0.34505,1779145475,mixed,0.152708,212491
orkut,12,dense,3,0.158701,0.242558,2.51961,0.300338,18313414884,mixed,0.148068,272334
orkut,12,dense,4,0.196872,0.276087,3.27826,0.560102,4722778,mixed,0.176188,378456
orkut,12,dense,5,0.155093,0.222998,2.05384,0.388645,1823651,mixed,0.15033,307825
orkut,12,dense,6,0.121828,0.256936,2.51122,0.329805,638121960,mixed,0.109591,260800
orkut,12,dense,7,0.121217,0.216994,2.68828,0.250219,15314284,mixed,0.111975,191151
orkut,12,dense,8,1.66301,0.288012,4.45732,7.94622,587414,mixed,1.07853,4176167
orkut,12,dense,9,0.131279,0.297543,2.63631,0.323517,785975,mixed,0.123594,311469
orkut,12,dense,10,0.894044,0.247742,3.14529,17.5367,104141578,mixed,0.107638,306021
orkut,12,dense,11,1.49034,0.286872,4.12506,32.0394,1309209,mixed,0.0899607,386426
orkut,12,dense,12,0.23689,0.244025,1.88022,1.70708,8899324,mixed,0.0271562,205155
orkut,12,dense,13,0.878066,0.244764,2.1356,13.8354,241168,mixed,0.131475,483858
orkut,12,dense,14,0.218454,0.261171,3.1861,0.323359,1153864655,mixed,0.0126016,175327
orkut,12,dense,15,0.730361,0.26157,2.44544,1.90908,1602724,mixed,0.162813,464415
orkut,12,dense,16,1.80544,0.291726,3.23955,38.5779,26225156,mixed,0.925181,2041945
orkut,12,dense,17,0.991086,0.264262,2.52489,1.74857,311048088,mixed,0.405012,1987981
orkut,12,dense,18,0.421777,0.203704,3.11957,2.79103,2119092268,mixed,0.0604725,395760
orkut,12,dense,19,0.627216,0.28205,2.54565,1.67707,64388467,mixed,0.0189764,363597
orkut,12,dense,20,0.37995,0.321806,2.33015,2.66515,1036888,mixed,0.0301292,393785
orkut,12,dense,21,1.05848,0.223635,3.02144,14.7626,388122265,mixed,0.0321396,382955
orkut,12,dense,22,0.426339,0.237806,2.41139,0.863854,120957950,mixed,0.205355,443276
orkut,12,dense,23,0.126218,0.318029,2.60595,0.318635,14075084,mixed,0.115653,320103
orkut,12,dense,24,0.483106,0.264038,2.65911,3.36331,2544803,mixed,0.134928,358656
orkut,12,dense,25,3.09077,0.292165,3.40683,4.19929,1110635,mixed,0.208917,3471990
orkut,12,dense,26,1.21665,0.297145,2.96355,3.44662,1862940,mixed,0.272154,2680904
orkut,12,dense,27,1.20951,0.202967,5.47068,6.3645,81329250,mixed,0.884913,2887581
orkut,12,dense,28,0.120917,0.239762,2.46211,0.442007,32104427,mixed,0.115051,454252
orkut,12,dense,29,0.148737,0.233545,2.70476,0.3379,947585,mixed,0.130561,249296
orkut,12,dense,30,0.405537,0.253127,2.47964,2.94992,2496700,mixed,0.0605853,560632
orkut,12,dense,31,0.0364943,0.227184,1.95764,0.340118,8385575,mixed,0.0172655,174561
orkut,12,dense,32,0.263846,0.279815,2.98771,1.5962,14939556,mixed,0.0435012,270930
orkut,12,dense,33,0.139983,0.237082,2.74301,0.2653,19946656,mixed,0.136235,369444
orkut,12,dense,34,0.292508,0.228034,3.07002,2.21028,38701530,mixed,0.0813997,458925
orkut,12,dense,35,0.904344,0.194523,3.57448,11.0876,31141822,mixed,0.147504,345795
orkut,12,dense,36,0.377976,0.23239,3.9229,2.69969,3500983,mixed,0.0876085,369687
orkut,12,dense,37,2.06986,0.296292,2.6919,1.83013,964467713,mixed,0.258485,802812
orkut,12,dense,38,0.57102,0.238245,2.72419,3.81357,5200899,mixed,0.0221203,262479
orkut,12,dense,39,0.524056,0.24882,3.24146,3.64522,3246127331,mixed,0.0370072,314452
orkut,12,dense,40,0.56842,0.256614,3.90938,3.28015,3667664135,mixed,0.354973,664183
orkut,12,dense,41,0.762383,0.248285,2.76971,2.33656,177486159,mixed,0.179534,494344
orkut,12,dense,42,0.421342,0.260808,2.21683,2.51366,7984455,mixed,0.262769,1438346
orkut,12,dense,43,0.615583,0.273901,3.09258,3.92197,2374488,mixed,0.164057,376996
orkut,12,dense,44,0.779726,0.207334,3.83205,9.85583,2297452,mixed,0.45614,1881619
orkut,12,dense,45,0.557207,0.251864,2.3654,1.42124,3659718,mixed,0.00612461,180515
orkut,12,dense,46,0.511567,0.276442,2.35155,3.58002,28050640,mixed,0.117899,362983
orkut,12,dense,47,0.625083,0.233331,2.01864,3.90676,929575,mixed,0.0290723,238892
orkut,12,dense,48,0.400673,0.208944,3.26932,2.99727,2506858,mixed,0.112982,641217
orkut,12,dense,49,0.123629,0.257516,1.98305,0.394468,531165312,mixed,0.113196,287949
orkut,12,dense,50,0.533151,0.222532,2.67858,3.63741,3628289,mixed,0.0244834,312846
orkut,12,dense,51,0.0872001,0.283632,2.51221,0.265024,416121,mixed,0.0815901,204387
orkut,12,dense,52,8.26769,0.3059,2.7763,263.082,64703,mixed,0.142452,662538
orkut,12,dense,53,0.153653,0.291259,2.17073,0.342521,3420511,mixed,0.147564,359615
orkut,12,dense,54,0.92951,0.241711,2.91356,10.8355,1322464,mixed,0.0822193,393728
orkut,12,dense,55,0.229833,0.262575,2.32404,0.474405,4457801,mixed,0.204699,431657
orkut,12,dense,56,0.488663,0.29692,2.89894,1.34948,16072774,mixed,0.417437,573571
orkut,12,dense,57,0.142609,0.248173,2.86098,0.471606,14963375,mixed,0.132606,257943
orkut,12,dense,58,0.0926681,0.276309,2.02671,0.284866,170914,mixed,0.0887881,246523
orkut,12,dense,59,0.161474,0.189997,3.25787,0.388425,2405655,mixed,0.149537,314876
orkut,12,dense,60,2.9213,0.277156,2.48558,0.562604,86443906,mixed,0.0644685,448591
orkut,12,dense,61,1.04938,0.336478,2.95218,2.5177,227928,mixed,0.0447,312959
orkut,12,dense,62,0.227839,0.231329,2.38133,0.289236,12955846,mixed,0.0112694,114765
orkut,12,dense,63,0.279404,0.265039,2.3104,2.25945,182810958,mixed,0.180209,554213
orkut,12,dense,64,0.171843,0.239306,2.6676,0.580719,4360556,mixed,0.163279,369872
orkut,12,dense,65,0.111562,0.273012,2.86292,0.2569,6315933,mixed,0.104657,205363
orkut,12,dense,66,0.769127,0.243673,2.64336,2.2895,30095979,mixed,0.0775119,579534
orkut,12,dense,67,0.134355,0.207226,1.85068,0.239261,387022562,mixed,0.12995,251683
orkut,12,dense,68,0.679509,0.285677,2.7524,4.3432,5900594,mixed,0.296984,460364
orkut,12,dense,69,0.372171,0.202803,2.53601,0.715348,4188440395,mixed,0.136936,482382
orkut,12,dense,70,0.150134,0.189736,2.59458,0.322541,10772072854,mixed,0.144081,257532
orkut,12,dense,71,0.213727,0.233763,3.90695,0.177187,5525285,mixed,0.070059,182417
orkut,12,dense,72,0.522717,0.306716,1.94451,1.46986,1113659,mixed,0.0130388,273701
orkut,12,dense,73,0.223904,0.261978,2.96433,1.64556,7163955,mixed,0.0220777,249236
orkut,12,dense,74,1.47002,0.245822,2.68374,21.5257,25792580,mixed,0.251567,961680
orkut,12,dense,75,0.482379,0.272373,3.28883,3.45954,338574519,mixed,0.137151,555808
orkut,12,dense,76,0.221966,0.276135,2.12677,1.02173,2766734,mixed,0.204848,406195
orkut,12,dense,77,0.11901,0.232512,2.28811,0.378604,121800527,mixed,0.110584,305073
orkut,12,dense,78,0.158607,0.292681,2.56714,0.437117,1297322,mixed,0.141231,351409
orkut,12,dense,79,0.594039,0.244799,3.05198,4.07894,2412326,mixed,0.153444,324481
orkut,12,dense,80,0.175042,0.264305,2.45209,0.253245,245627,mixed,0.172532,355377
orkut,12,dense,81,0.304467,0.284571,2.75413,1.00435,362201,mixed,0.212625,839437
orkut,12,dense,82,0.140002,0.290122,1.91487,0.25224,3721973,mixed,0.13271,257596
orkut,12,dense,83,0.174327,0.264644,2.97895,0.355019,242658596,mixed,0.163454,313079
orkut,12,dense,84,0.173528,0.300099,2.83365,0.505394,802241,mixed,0.164304,339618
orkut,12,dense,85,0.21316,0.309152,2.26853,0.364678,412898,mixed,0.204584,379567
orkut,12,dense,86,0.310726,0.245274,2.52228,2.20009,186287984,mixed,0.0228025,237602
orkut,12,dense,87,0.293814,0.248678,2.81808,2.07886,1142458,mixed,0.0326922,370409
orkut,12,dense,88,0.423002,0.248204,2.46872,0.728426,559053989,mixed,0.0908282,280026
orkut,12,dense,89,0.17384,0.261046,2.52879,0.275112,378296213,mixed,0.166259,291922
orkut,12,dense,90,0.364979,0.20425,3.03042,0.90966,440185,mixed,0.124444,639067
orkut,12,dense,91,0.394369,0.243939,2.77108,2.68083,73031202,mixed,0.0196259,220448
orkut,12,dense,92,1.04112,0.252045,3.91779,14.7104,814014,mixed,0.343197,1411484
orkut,12,dense,93,0.575335,0.261617,3.54656,0.950922,99180438,mixed,0.205974,506103
orkut,12,dense,94,0.274445,0.238153,2.66445,1.32255,1340939,mixed,0.202006,572894
orkut,12,dense,95,0.537633,0.240794,2.42208,3.75886,201816623,mixed,0.150652,670605
orkut,12,dense,96,0.285069,0.242466,3.3504,2.16413,3926809,mixed,0.0509713,507478
orkut,12,dense,97,0.544325,0.25208,2.25211,1.95387,512940739,mixed,0.0939513,553313
orkut,12,dense,98,0.194857,0.292429,2.95856,0.32777,24319065,mixed,0.191391,409117
orkut,12,dense,99,0.154447,0.221101,3.0014,0.277988,21329227,mixed,0.150874,311274
orkut,12,dense,100,0.123562,0.238313,2.35745,0.306402,45054691,mixed,0.112911,249887
orkut,12,sparse,1,0.247043,0.17954,3.52739,0.471685,70617033,mixed,0.0337765,467257
orkut,12,sparse,2,0.682884,0.222002,3.14372,5.16692,7347119773,mixed,0.173757,917377
orkut,12,sparse,3,1.06684,0.230219,3.65781,2.98161,6127758497,mixed,0.260916,1190494
orkut,12,sparse,4,0.425136,0.223732,3.06346,1.05349,2808695605,mixed,0.178179,396858
orkut,12,sparse,5,6.44573,0.267434,2.41859,146.373,7274486625,mixed,2.86985,78489354
orkut,12,sparse,6,0.16776,0.224097,3.44695,0.355486,875445718926,mixed,0.158821,270685
orkut,12,sparse,7,5.18456,0.263744,3.35347,3.33799,2050343569,mixed,0.219905,3231373
orkut,12,sparse,8,0.336988,0.267545,3.15853,2.62438,92709447,mixed,0.181773,857834
orkut,12,sparse,9,0.317799,0.248714,4.13577,2.01275,1151105640985,mixed,0.248871,1088641
orkut,12,sparse,10,0.533061,0.221571,4.32916,0.915021,354551855,mixed,0.205209,660691
orkut,12,sparse,11,1.08503,0.226988,4.27897,2.26994,4563650060,mixed,0.209859,2111565
orkut,12,sparse,12,0.744458,0.217596,3.5276,0.989276,2129071313,mixed,0.207271,1002952
orkut,12,sparse,13,0.243961,0.20088,3.20067,0.512435,34065941780,mixed,0.0287402,331354
orkut,12,sparse,14,1.85501,0.1794,3.46829,0.744887,558212617,mixed,0.0660084,674059
orkut,12,sparse,15,0.345369,0.234776,2.58533,0.645701,241859393,mixed,0.124725,571447
orkut,12,sparse,16,0.215764,0.2097,2.30918,0.416411,2297235106968,mixed,0.203163,258128
orkut,12,sparse,17,0.108651,0.243416,1.7729,1.50722,1491485607,mixed,0.0953232,927650
orkut,12,sparse,18,0.157617,0.204414,2.17234,0.393238,11535471201,mixed,0.150314,294237
orkut,12,sparse,19,0.0732359,0.245383,2.82799,0.917787,52747627736,mixed,0.0684971,717692
orkut,12,sparse,20,3.31969,0.211208,4.2931,32.177,338921322,mixed,1.76049,14497390
orkut,12,sparse,21,0.151674,0.289222,2.54042,1.17523,225380367,mixed,0.0360603,362214
orkut,12,sparse,22,0.273542,0.285824,3.58203,0.520968,2737546136,mixed,0.0553248,335842
orkut,12,sparse,23,199.395,0.210132,4.77133,1.6949,21682492424,mixed,0.207216,1789271
orkut,12,sparse,24,172.982,0.201751,3.168,6.99318,158798314648,mixed,0.258919,1865744
orkut,12,sparse,25,0.359641,0.23314,3.20178,0.64391,186342788823,mixed,0.135878,518725
orkut,12,sparse,26,0.502483,0.249338,2.97221,3.51669,2539858908,mixed,0.172011,329029
orkut,12,sparse,27,0.11014,0.247683,2.44457,0.945982,28520821822,mixed,0.105057,469603
orkut,12,sparse,28,1.83228,0.283524,4.03434,1.12446,74066038,mixed,0.210416,889430
orkut,12,sparse,29,0.678265,0.237432,2.12704,0.804055,16367852745,mixed,0.135777,701784
orkut,12,sparse,30,1.76628,0.249955,2.65036,1.20342,17570375658987,mixed,0.207648,632368
orkut,12,sparse,31,1.53928,0.236554,3.04973,2.32045,10043473536,mixed,0.211071,1497371
orkut,12,sparse,32,1.39766,0.20773,2.89656,3.21229,29968034469,mixed,0.290081,1969274
orkut,12,sparse,33,0.842255,0.223337,2.77837,5.66706,30516398085,mixed,0.60014,1303099
orkut,12,sparse,34,0.806712,0.212168,4.60584,2.77201,108330122998,mixed,0.123981,569858
orkut,12,sparse,35,0.370829,0.229494,2.38714,0.596448,289650940,mixed,0.150044,446037
orkut,12,sparse,36,0.443504,0.244498,3.4741,0.599252,9013777879,mixed,0.0467057,429065
orkut,12,sparse,37,3.4973,0.2171,3.3533,2.4636,32542690323,mixed,0.300299,959039
orkut,12,sparse,38,0.892486,0.224401,2.302,1.03178,2818476700,mixed,0.20501,771757
orkut,12,sparse,39,1.52407,0.236385,1.90936,0.563226,449040928334,mixed,0.0718238,386752
orkut,12,sparse,40,0.498946,0.258467,3.20984,3.42702,4541399447,mixed,0.197745,1321770
orkut,12,sparse,41,0.494863,0.1968,2.27951,0.752896,214006662219,mixed,0.206045,286001
orkut,12,sparse,42,2.82431,0.237516,2.94529,8.63889,15151049902,mixed,0.406875,5536702
orkut,12,sparse,43,0.324064,0.271324,3.73642,2.40595,59252693049,mixed,0.130296,419004
orkut,12,sparse,44,0.0716196,0.221378,2.41996,0.697007,8249299891,mixed,0.0302164,401672
orkut,12,sparse,45,0.545388,0.242699,5.26207,4.79854,2129603706,mixed,0.462404,1055566
orkut,12,sparse,46,3.32734,0.21665,3.53371,69.9124,9209261458,mixed,2.02988,13920248
orkut,12,sparse,47,0.930497,0.210089,3.63044,3.47684,827802197,mixed,0.236837,1749003
orkut,12,sparse,48,0.252571,0.206072,3.35674,2.01485,1239219687722,mixed,0.208044,582954
orkut,12,sparse,49,0.767826,0.22148,2.78131,0.861246,542789406666,mixed,0.205401,675686
orkut,12,sparse,50,0.338365,0.211458,2.2832,2.54481,73927910,mixed,0.0914755,764288
orkut,12,sparse,51,0.797643,0.215177,2.32911,0.902873,225980944745,mixed,0.206392,743179
orkut,12,sparse,52,0.775492,0.1781,3.68941,5.54213,289442532503,mixed,0.718392,1685053
orkut,12,sparse,53,1.79802,0.193514,3.06649,4.19415,2451457103,mixed,0.212718,3696636
orkut,12,sparse,54,1.05838,0.244009,4.25127,15.3481,56310785,mixed,0.232396,862297
orkut,12,sparse,55,2.28973,0.215988,5.46702,41.3695,68078889371,mixed,1.62542,9540737
orkut,12,sparse,56,4.35863,0.244906,2.79083,8.82393,32482323683,mixed,0.23182,6494298
orkut,12,sparse,57,0.187534,0.184459,3.09988,0.380136,54528642390,mixed,0.182416,297466
orkut,12,sparse,58,0.174631,0.199597,2.69586,1.28283,114813414528,mixed,0.106295,287787
orkut,12,sparse,59,0.145301,0.220984,3.03656,1.58798,413920281,mixed,0.115211,1001916
orkut,12,sparse,60,0.119794,0.200045,2.64368,0.968474,83449467243,mixed,0.0966333,894494
orkut,12,sparse,61,1.06485,0.196588,4.67692,1.09538,1325981362,mixed,0.204089,1033167
orkut,12,sparse,62,0.338895,0.284116,3.9149,0.97938,124543497,mixed,0.274403,1131014
orkut,12,sparse,63,5.26216,0.21933,4.52638,35.3162,2618402804,mixed,0.500886,17384499
orkut,12,sparse,64,2.70925,0.246201,3.12702,66.4703,35720430461,mixed,1.08954,25606028
orkut,12,sparse,65,0.252993,0.209494,2.80729,2.24947,80151297891,mixed,0.237667,395906
orkut,12,sparse,66,0.156055,0.223557,2.34805,0.356818,42633001563,mixed,0.150091,309545
orkut,12,sparse,67,0.220057,0.251262,2.39295,0.44502,109855883823,mixed,0.203517,145349
orkut,12,sparse,68,0.439853,0.192909,2.76013,1.07582,30995830371,mixed,0.205024,721081
orkut,12,sparse,69,0.862662,0.218366,2.31871,6.30241,252885380,mixed,0.708147,2319219
orkut,12,sparse,70,0.960297,0.209655,2.53912,1.48093,249740166980,mixed,0.20772,854071
orkut,12,sparse,71,0.605936,0.209474,1.92108,5.41545,384088826085,mixed,0.231205,1539107
orkut,12,sparse,72,0.051976,0.231012,2.47704,0.482807,5622743110840,mixed,0.0471385,275466
orkut,12,sparse,73,2.35066,0.308582,2.33458,3.65683,312859200,mixed,0.207432,3555127
orkut,12,sparse,74,0.209645,0.246487,3.20468,0.134191,23999906,mixed,0.0477717,305635
orkut,12,sparse,75,5.86961,0.246531,4.565,8.46384,31851839,mixed,0.213376,6057679
orkut,12,sparse,76,1.8488,0.220421,3.20801,1.81065,265361807109,mixed,0.204642,1336831
orkut,12,sparse,77,0.448627,0.202342,2.68737,0.525794,57031912849,mixed,0.17755,456825
orkut,12,sparse,78,0.573683,0.26082,2.56883,2.13983,147382817577,mixed,0.108824,712471
orkut,12,sparse,79,0.410013,0.222433,3.00197,4.00973,89709660181,mixed,0.288503,952949
orkut,12,sparse,80,0.67658,0.241876,2.61797,5.45923,27739772307,mixed,0.523559,1593928
orkut,12,sparse,81,0.50524,0.278512,3.49592,3.51318,1039492595,mixed,0.164905,775715
orkut,12,sparse,82,1.31908,0.273205,3.47925,8.00057,15956832802,mixed,1.07504,2075366
orkut,12,sparse,83,3.40008,0.219722,4.47135,22.1701,74959010244,mixed,0.294558,6133350
orkut,12,sparse,84,1.62468,0.236135,2.99765,29.0237,123160480,mixed,1.13118,2332277
orkut,12,sparse,85,1.47072,0.234938,3.00137,11.4371,953354126614,mixed,0.779401,3769773
orkut,12,sparse,86,0.977362,0.271853,2.86152,5.10927,311309713,mixed,0.209037,1987251
orkut,12,sparse,87,0.913644,0.173481,4.26293,5.86684,35469601875,mixed,0.33234,1582898
orkut,12,sparse,88,0.775591,0.24526,4.46477,5.20485,1146656523,mixed,0.305043,2132596
orkut,12,sparse,89,0.200322,0.243431,3.25094,0.505701,1939357227,mixed,0.190582,302804
orkut,12,sparse,90,5.85871,0.299991,2.76858,111.801,1025439449,mixed,2.07699,84980744
orkut,12,sparse,91,8.03339,0.230577,3.3775,64.7086,833441580,mixed,1.697,74636109
orkut,12,sparse,92,0.742941,0.235196,3.09842,1.9973,2551596863,mixed,0.0499069,329750
orkut,12,sparse,93,0.435188,0.217332,3.79937,3.84307,7785307,mixed,0.259025,1715526
orkut,12,sparse,94,1.78135,0.267537,3.11504,2.66728,36701225,mixed,0.244078,3905979
orkut,12,sparse,95,0.434497,0.218123,3.04449,3.1549,138131120,mixed,0.0493288,353394
orkut,12,sparse,96,0.771032,0.204386,2.97864,5.7587,269188155079,mixed,0.657701,906515
orkut,12,sparse,97,0.133015,0.285448,2.22545,0.264586,24377627696,mixed,0.126204,245498
orkut,12,sparse,98,0.224087,0.225219,2.85105,0.495738,28083918933,mixed,0.20044,598073
orkut,12,sparse,99,0.694269,0.219663,3.13673,5.25454,1993512224,mixed,0.523532,2101640
orkut,12,sparse,100,2.48642,0.2064,3.88456,1.29775,3810372361,mixed,0.206274,885953
